threshold	FAR	TAR
0.999	8.33416675e-10	0.0001666916704
0.998	8.33416675e-10	0.0001666916704
0.997	8.33416675e-10	0.0001666916704
0.996	8.33416675e-10	0.0001666916704
0.995	8.33416675e-10	0.0001666916704
0.994	8.33416675e-10	0.0001666916704
0.993	8.33416675e-10	0.0001666916704
0.992	8.33416675e-10	0.0001750262539
0.991	8.33416675e-10	0.0001750262539
0.99	8.33416675e-10	0.0001833608375
0.989	8.33416675e-10	0.000191695421
0.988	8.33416675e-10	0.000191695421
0.987	8.33416675e-10	0.000208364588
0.986	8.33416675e-10	0.0002333683386
0.985	8.33416675e-10	0.0002583720891
0.984	8.33416675e-10	0.0002667066727
0.983	8.33416675e-10	0.0002917104232
0.982	8.33416675e-10	0.0003083795903
0.981	8.33416675e-10	0.0003167141738
0.98	8.33416675e-10	0.0003333833408
0.979	8.33416675e-10	0.0003333833408
0.978	8.33416675e-10	0.0003583870914
0.977	8.33416675e-10	0.0003750562584
0.976	8.33416675e-10	0.000400060009
0.975	8.33416675e-10	0.0004083945925
0.974	8.33416675e-10	0.0004500675101
0.973	8.33416675e-10	0.0004667366772
0.972	8.33416675e-10	0.0004917404277
0.971	8.33416675e-10	0.0005084095948
0.97	8.33416675e-10	0.0005334133453
0.969	8.33416675e-10	0.0005500825124
0.968	8.33416675e-10	0.0005750862629
0.967	8.33416675e-10	0.00059175543
0.966	8.33416675e-10	0.0006000900135
0.965	8.33416675e-10	0.000608424597
0.964	8.33416675e-10	0.0006250937641
0.963	8.33416675e-10	0.0006500975146
0.962	8.33416675e-10	0.0006500975146
0.961	8.33416675e-10	0.0006917704322
0.96	8.33416675e-10	0.0007084395993
0.959	8.33416675e-10	0.0007251087663
0.958	8.33416675e-10	0.0007751162674
0.957	8.33416675e-10	0.0007917854345
0.956	8.33416675e-10	0.000816789185
0.955	8.33416675e-10	0.0008251237686
0.954	8.33416675e-10	0.0008417929356
0.953	8.33416675e-10	0.0008834658532
0.952	8.33416675e-10	0.0009001350203
0.951	8.33416675e-10	0.0009168041873
0.95	8.33416675e-10	0.0009501425214
0.949	8.33416675e-10	0.0009751462719
0.948	8.33416675e-10	0.00101681919
0.947	8.33416675e-10	0.00104182294
0.946	8.33416675e-10	0.001066826691
0.945	8.33416675e-10	0.001075161274
0.944	8.33416675e-10	0.001108499608
0.943	8.33416675e-10	0.001133503359
0.942	8.33416675e-10	0.001141837942
0.941	8.33416675e-10	0.001150172526
0.94	8.33416675e-10	0.001191845443
0.939	8.33416675e-10	0.001200180027
0.938	8.33416675e-10	0.001208514611
0.937	8.33416675e-10	0.001233518361
0.936	8.33416675e-10	0.001250187528
0.935	8.33416675e-10	0.001258522112
0.934	8.33416675e-10	0.00132519878
0.933	8.33416675e-10	0.001383540864
0.932	8.33416675e-10	0.001391875448
0.931	8.33416675e-10	0.001400210032
0.93	1.66683335e-09	0.001458552116
0.929	1.66683335e-09	0.001500225034
0.928	1.66683335e-09	0.001558567118
0.927	1.66683335e-09	0.001625243787
0.926	1.66683335e-09	0.001700255038
0.925	1.66683335e-09	0.001708589622
0.924	1.66683335e-09	0.001725258789
0.923	1.66683335e-09	0.00177526629
0.922	1.66683335e-09	0.001808604624
0.921	1.66683335e-09	0.001866946709
0.92	1.66683335e-09	0.001908619626
0.919	1.66683335e-09	0.001966961711
0.918	1.66683335e-09	0.002033638379
0.917	1.66683335e-09	0.002100315047
0.916	1.66683335e-09	0.00220033005
0.915	1.66683335e-09	0.002267006718
0.914	1.66683335e-09	0.002308679635
0.913	1.66683335e-09	0.002350352553
0.912	1.66683335e-09	0.002467036722
0.911	1.66683335e-09	0.002500375056
0.91	1.66683335e-09	0.002550382557
0.909	1.66683335e-09	0.00265039756
0.908	1.66683335e-09	0.002725408811
0.907	1.66683335e-09	0.002792085479
0.906	1.66683335e-09	0.002900435065
0.905	1.66683335e-09	0.003000450068
0.904	1.66683335e-09	0.003075461319
0.903	1.66683335e-09	0.003150472571
0.902	1.66683335e-09	0.003208814656
0.901	1.66683335e-09	0.003292160491
0.9	1.66683335e-09	0.00340884466
0.899	1.66683335e-09	0.003467186745
0.898	1.66683335e-09	0.003542197996
0.897	1.66683335e-09	0.003650547582
0.896	1.66683335e-09	0.003742228001
0.895	1.66683335e-09	0.003850577587
0.894	1.66683335e-09	0.003975596339
0.893	1.66683335e-09	0.004067276758
0.892	1.66683335e-09	0.004150622593
0.891	1.66683335e-09	0.004242303012
0.89	1.66683335e-09	0.004358987181
0.889	1.66683335e-09	0.004475671351
0.888	1.66683335e-09	0.004600690104
0.887	1.66683335e-09	0.004675701355
0.886	1.66683335e-09	0.004775716357
0.885	1.66683335e-09	0.004909069694
0.884	1.66683335e-09	0.005059092197
0.883	1.66683335e-09	0.005159107199
0.882	1.66683335e-09	0.005292460536
0.881	1.66683335e-09	0.005409144705
0.88	1.66683335e-09	0.005517494291
0.879	1.66683335e-09	0.005709189712
0.878	1.66683335e-09	0.005809204714
0.877	1.66683335e-09	0.005909219716
0.876	2.500250025e-09	0.006034238469
0.875	2.500250025e-09	0.006259272224
0.874	2.500250025e-09	0.006425963895
0.873	2.500250025e-09	0.006592655565
0.872	2.500250025e-09	0.006734343485
0.871	2.500250025e-09	0.007009384741
0.87	2.500250025e-09	0.007167741828
0.869	2.500250025e-09	0.007301095164
0.868	2.500250025e-09	0.007467786835
0.867	2.500250025e-09	0.007609474755
0.866	2.500250025e-09	0.007776166425
0.865	2.500250025e-09	0.008092880599
0.864	2.500250025e-09	0.008276241436
0.863	2.500250025e-09	0.00842626394
0.862	3.3336667e-09	0.008684636029
0.861	4.167083375e-09	0.008842993116
0.86	4.167083375e-09	0.009084696038
0.859	4.167083375e-09	0.00932639896
0.858	4.167083375e-09	0.009543098131
0.857	4.167083375e-09	0.009726458969
0.856	4.167083375e-09	0.01001816939
0.855	4.167083375e-09	0.01028487606
0.854	4.167083375e-09	0.01055991732
0.853	4.167083375e-09	0.01080995483
0.852	4.167083375e-09	0.01105165775
0.851	5.00050005e-09	0.0112766915
0.85	5.00050005e-09	0.01152672901
0.849	5.833916725e-09	0.01166008235
0.848	5.833916725e-09	0.01200180027
0.847	5.833916725e-09	0.01232684903
0.846	5.833916725e-09	0.0125435482
0.845	5.833916725e-09	0.01281025487
0.844	5.833916725e-09	0.01310196529
0.843	5.833916725e-09	0.01341034489
0.842	5.833916725e-09	0.01376039739
0.841	6.6673334e-09	0.0139604274
0.84	6.6673334e-09	0.01432714907
0.839	6.6673334e-09	0.01469387075
0.838	6.6673334e-09	0.01499391575
0.837	8.33416675e-09	0.01536063743
0.836	8.33416675e-09	0.01569402077
0.835	8.33416675e-09	0.01596906203
0.834	8.33416675e-09	0.0163357837
0.833	8.33416675e-09	0.01662749412
0.832	8.33416675e-09	0.0168942008
0.831	8.33416675e-09	0.01730259539
0.83	9.167583425e-09	0.0176026404
0.829	9.167583425e-09	0.01801936957
0.828	9.167583425e-09	0.01835275291
0.827	9.167583425e-09	0.01878615126
0.826	9.167583425e-09	0.01924455335
0.825	9.167583425e-09	0.01962794419
0.824	9.167583425e-09	0.02010301545
0.823	9.167583425e-09	0.02055308296
0.822	9.167583425e-09	0.02103648881
0.821	9.167583425e-09	0.02153656382
0.82	9.167583425e-09	0.02199496591
0.819	9.167583425e-09	0.02232834925
0.818	9.167583425e-09	0.0228117551
0.817	9.167583425e-09	0.02327849177
0.816	9.167583425e-09	0.02382857429
0.815	9.167583425e-09	0.02428697638
0.814	9.167583425e-09	0.02470370556
0.813	9.167583425e-09	0.02519544598
0.812	1.00010001e-08	0.02562884433
0.811	1.083441678e-08	0.02625393809
0.81	1.083441678e-08	0.02686236269
0.809	1.083441678e-08	0.02742911437
0.808	1.083441678e-08	0.0281708923
0.807	1.166783345e-08	0.02854594856
0.806	1.166783345e-08	0.02920438066
0.805	1.250125013e-08	0.0297878015
0.804	1.33346668e-08	0.03047123735
0.803	1.416808348e-08	0.0311046657
0.802	1.416808348e-08	0.03170475571
0.801	1.416808348e-08	0.03222149989
0.8	1.500150015e-08	0.03286326282
0.799	1.583491683e-08	0.03341334534
0.798	1.66683335e-08	0.03407177743
0.797	1.66683335e-08	0.03473020953
0.796	1.750175018e-08	0.03541364538
0.795	1.833516685e-08	0.03608874665
0.794	2.00020002e-08	0.03681385541
0.793	2.00020002e-08	0.03741394543
0.792	2.083541688e-08	0.03817239253
0.791	2.166883355e-08	0.03887249754
0.79	2.166883355e-08	0.03957260256
0.789	2.33356669e-08	0.04027270757
0.788	2.33356669e-08	0.04094780884
0.787	2.416908358e-08	0.04168125219
0.786	2.500250025e-08	0.0424313647
0.785	2.583591693e-08	0.04338150723
0.784	2.583591693e-08	0.04421496558
0.783	2.66693336e-08	0.0449650781
0.782	2.66693336e-08	0.04578186728
0.781	2.750275028e-08	0.04664032938
0.78	2.750275028e-08	0.04738210732
0.779	2.833616695e-08	0.04807387775
0.778	2.916958363e-08	0.0488573286
0.777	3.00030003e-08	0.04989081696
0.776	3.00030003e-08	0.05079095198
0.775	3.00030003e-08	0.05168275241
0.774	3.00030003e-08	0.0525995566
0.773	3.00030003e-08	0.05349135704
0.772	3.00030003e-08	0.05442483039
0.771	3.083641698e-08	0.05534996916
0.77	3.166983365e-08	0.0562417696
0.769	3.417008368e-08	0.05725858879
0.768	3.417008368e-08	0.05810871631
0.767	3.583691703e-08	0.05900885133
0.766	3.583691703e-08	0.05999233218
0.765	3.66703337e-08	0.06113417013
0.764	3.833716705e-08	0.06214265473
0.763	4.00040004e-08	0.06303445517
0.762	4.083741708e-08	0.06404293977
0.761	4.250425043e-08	0.06506809355
0.76	4.250425043e-08	0.06596822857
0.759	4.250425043e-08	0.06701005151
0.758	4.33376671e-08	0.06808521278
0.757	4.66713338e-08	0.06892700572
0.756	4.66713338e-08	0.06992715574
0.755	4.750475048e-08	0.07088563284
0.754	5.167183385e-08	0.07190245203
0.753	5.33386672e-08	0.07309429748
0.752	5.33386672e-08	0.07423613542
0.751	5.500550055e-08	0.07536963878
0.75	5.583891723e-08	0.07642813089
0.749	5.66723339e-08	0.07766998383
0.748	5.66723339e-08	0.07890350219
0.747	5.833916725e-08	0.08012868597
0.746	5.917258393e-08	0.08127052391
0.745	6.00060006e-08	0.08219566268
0.744	6.00060006e-08	0.08333750063
0.743	6.167283395e-08	0.08438765815
0.742	6.250625063e-08	0.0857795336
0.741	6.250625063e-08	0.08702138654
0.74	6.250625063e-08	0.0883549199
0.739	6.250625063e-08	0.08965511493
0.738	6.250625063e-08	0.09095530996
0.737	6.33396673e-08	0.09221383207
0.736	6.417308398e-08	0.09363904586
0.735	6.500650065e-08	0.09481422213
0.734	6.583991733e-08	0.09607274424
0.733	6.6673334e-08	0.09735627011
0.732	6.917358403e-08	0.09894817556
0.731	7.00070007e-08	0.1001900285
0.73	7.084041738e-08	0.101440216
0.729	7.167383405e-08	0.1027154073
0.728	7.250725073e-08	0.1039322565
0.727	7.33406674e-08	0.1053324665
0.726	7.500750075e-08	0.1066910037
0.725	7.66743341e-08	0.1080995483
0.724	7.917458413e-08	0.1095080929
0.723	8.167483415e-08	0.1110916637
0.722	8.33416675e-08	0.1127585805
0.721	8.66753342e-08	0.1142004634
0.72	9.084241758e-08	0.1157006884
0.719	9.167583425e-08	0.1171092331
0.718	9.33426676e-08	0.118651131
0.717	9.33426676e-08	0.1200180027
0.716	9.584291763e-08	0.1214348819
0.715	9.66763343e-08	0.1230434565
0.714	9.750975098e-08	0.1245686853
0.713	9.834316765e-08	0.125835542
0.712	1.008434177e-07	0.1271940791
0.711	1.016768344e-07	0.1289526762
0.71	1.050105011e-07	0.1306279275
0.709	1.075107511e-07	0.1321364871
0.708	1.083441678e-07	0.1336450468
0.707	1.125112511e-07	0.1353119635
0.706	1.125112511e-07	0.1367538464
0.705	1.150115012e-07	0.1383707556
0.704	1.175117512e-07	0.1401710257
0.703	1.200120012e-07	0.1415629011
0.702	1.225122512e-07	0.1428630961
0.701	1.241790846e-07	0.1442549716
0.7	1.241790846e-07	0.1458552116
0.699	1.275127513e-07	0.1474637862
0.698	1.291795846e-07	0.1491140338
0.697	1.316798347e-07	0.150630928
0.696	1.325132513e-07	0.1524228634
0.695	1.341800847e-07	0.1544314981
0.694	1.391805847e-07	0.1559983998
0.693	1.425142514e-07	0.1577820006
0.692	1.450145015e-07	0.1597739661
0.691	1.475147515e-07	0.1616242436
0.69	1.516818349e-07	0.1631494724
0.689	1.541820849e-07	0.1647413779
0.688	1.566823349e-07	0.1664583021
0.687	1.575157516e-07	0.1686086246
0.686	1.600160016e-07	0.1703672217
0.685	1.633496683e-07	0.1721674918
0.684	1.658499183e-07	0.1739760964
0.683	1.683501684e-07	0.1755346635
0.682	1.708504184e-07	0.1773766065
0.681	1.725172517e-07	0.1793519028
0.68	1.766843351e-07	0.1815355637
0.679	1.783511685e-07	0.1832274841
0.678	1.800180018e-07	0.1850777617
0.677	1.808514185e-07	0.187153073
0.676	1.816848352e-07	0.188853328
0.675	1.833516685e-07	0.1909119701
0.674	1.850185019e-07	0.1928455935
0.673	1.883521686e-07	0.194737544
0.672	1.941860853e-07	0.1967878515
0.671	2.00020002e-07	0.1989131703
0.67	2.016868354e-07	0.2007967862
0.669	2.058539187e-07	0.2026887366
0.668	2.100210021e-07	0.2046890367
0.667	2.125212521e-07	0.2067810172
0.666	2.141880855e-07	0.2086062909
0.665	2.191885855e-07	0.2107232752
0.664	2.216888356e-07	0.2127735827
0.663	2.250225023e-07	0.2145821873
0.662	2.266893356e-07	0.2163241153
0.661	2.300230023e-07	0.2180077012
0.66	2.350235024e-07	0.2200996816
0.659	2.383571691e-07	0.2220499742
0.658	2.441910858e-07	0.2243169809
0.657	2.508584192e-07	0.2264339651
0.656	2.550255026e-07	0.2285009418
0.655	2.591925859e-07	0.2303095464
0.654	2.600260026e-07	0.2324015269
0.653	2.600260026e-07	0.2343434849
0.652	2.61692836e-07	0.236402127
0.651	2.633596693e-07	0.2383524195
0.65	2.658599193e-07	0.2405860879
0.649	2.69193586e-07	0.24284476
0.648	2.733606694e-07	0.244986748
0.647	2.766943361e-07	0.2471537397
0.646	2.783611695e-07	0.2492373856
0.645	2.850285029e-07	0.2510959977
0.644	2.866953362e-07	0.2530379557
0.643	2.883621696e-07	0.2550465903
0.642	2.916958363e-07	0.2572385858
0.641	2.958629196e-07	0.2593639046
0.64	3.00030003e-07	0.2617892684
0.639	3.016968364e-07	0.2640312714
0.638	3.050305031e-07	0.2659315564
0.637	3.083641698e-07	0.2680652098
0.636	3.083641698e-07	0.2703488857
0.635	3.116978365e-07	0.272424197
0.634	3.150315032e-07	0.2744328316
0.633	3.241990866e-07	0.2765248121
0.632	3.275327533e-07	0.2784501008
0.631	3.3086642e-07	0.2806754346
0.63	3.342000867e-07	0.2825840543
0.629	3.3586692e-07	0.2847177077
0.628	3.408674201e-07	0.287093064
0.627	3.442010868e-07	0.2893850744
0.626	3.492015868e-07	0.2914687203
0.625	3.542020869e-07	0.2936523812
0.624	3.600360036e-07	0.2959610608
0.623	3.650365037e-07	0.2981613909
0.622	3.675367537e-07	0.3003033788
0.621	3.69203587e-07	0.3026537314
0.62	3.733706704e-07	0.3049124035
0.619	3.775377538e-07	0.3072210832
0.618	3.817048372e-07	0.3094130786
0.617	3.858719205e-07	0.3116300778
0.616	3.917058373e-07	0.3139054191
0.615	3.933726706e-07	0.3162307679
0.614	3.967063373e-07	0.3183810905
0.613	4.00040004e-07	0.320673101
0.612	4.042070874e-07	0.3230484573
0.611	4.083741708e-07	0.3252571219
0.61	4.142080875e-07	0.3273741061
0.609	4.167083375e-07	0.3296494474
0.608	4.200420042e-07	0.3318914504
0.607	4.233756709e-07	0.3340751113
0.606	4.267093376e-07	0.3363171142
0.605	4.317098377e-07	0.3386758014
0.604	4.350435044e-07	0.3410094848
0.603	4.408774211e-07	0.3433098298
0.602	4.450445045e-07	0.3456935207
0.601	4.492115878e-07	0.3483022453
0.6	4.517118379e-07	0.3504942408
0.599	4.550455046e-07	0.3525612175
0.598	4.600460046e-07	0.3548698972
0.597	4.61712838e-07	0.3569618776
0.596	4.650465047e-07	0.3591538731
0.595	4.708804214e-07	0.3615792369
0.594	4.775477548e-07	0.3638545782
0.593	4.808814215e-07	0.3662466037
0.592	4.908824216e-07	0.3683719225
0.591	4.942160883e-07	0.3706305946
0.59	4.992165883e-07	0.3725975563
0.589	5.033836717e-07	0.3748812322
0.588	5.067173384e-07	0.3771982464
0.587	5.100510051e-07	0.3791318698
0.586	5.133846718e-07	0.3816155757
0.585	5.175517552e-07	0.383890917
0.584	5.250525053e-07	0.3862329349
0.583	5.267193386e-07	0.3885582837
0.582	5.28386172e-07	0.391033655
0.581	5.30886422e-07	0.3933673384
0.58	5.375537554e-07	0.3956260106
0.579	5.450545055e-07	0.3976096414
0.578	5.500550055e-07	0.3998516444
0.577	5.517218389e-07	0.4022186661
0.576	5.558889222e-07	0.4045856879
0.575	5.600560056e-07	0.4070777283
0.574	5.625562556e-07	0.4092530546
0.573	5.675567557e-07	0.4116117418
0.572	5.717238391e-07	0.4135870381
0.571	5.783911725e-07	0.4157873681
0.57	5.817248392e-07	0.4182460702
0.569	5.883921726e-07	0.420413062
0.568	5.97559756e-07	0.422713407
0.567	6.017268394e-07	0.4250637596
0.566	6.050605061e-07	0.4272724242
0.565	6.117278395e-07	0.4296811188
0.564	6.150615062e-07	0.4317564301
0.563	6.217288396e-07	0.4338734143
0.562	6.28396173e-07	0.4360487406
0.561	6.317298397e-07	0.4383407511
0.56	6.367303397e-07	0.4404744045
0.559	6.425642564e-07	0.4425080429
0.558	6.492315898e-07	0.4448250571
0.557	6.550655066e-07	0.4468753646
0.556	6.567323399e-07	0.4488339918
0.555	6.6423309e-07	0.4507759497
0.554	6.725672567e-07	0.4530346219
0.553	6.775677568e-07	0.4550682602
0.552	6.825682568e-07	0.457293594
0.551	6.909024236e-07	0.4596022737
0.55	6.959029236e-07	0.4617275925
0.549	6.984031737e-07	0.463877915
0.548	7.009034237e-07	0.4663449517
0.547	7.084041738e-07	0.468520278
0.546	7.134046738e-07	0.4706122585
0.545	7.200720072e-07	0.4728459269
0.544	7.242390906e-07	0.4747795503
0.543	7.275727573e-07	0.4770132186
0.542	7.317398407e-07	0.4790135187
0.541	7.375737574e-07	0.4812055142
0.54	7.434076741e-07	0.4833224984
0.539	7.500750075e-07	0.485431148
0.538	7.575757576e-07	0.4877231585
0.537	7.659099243e-07	0.489673451
0.536	7.684101744e-07	0.4918237736
0.535	7.717438411e-07	0.4937990699
0.534	7.775777578e-07	0.4961077495
0.533	7.825782578e-07	0.498358087
0.532	7.900790079e-07	0.5004584021
0.531	7.967463413e-07	0.5025170442
0.53	8.059139247e-07	0.5047340434
0.529	8.100810081e-07	0.5067260089
0.528	8.134146748e-07	0.5089346735
0.527	8.200820082e-07	0.5109683119
0.526	8.267493416e-07	0.5132603224
0.525	8.350835084e-07	0.5152772916
0.524	8.434176751e-07	0.5175859712
0.523	8.509184252e-07	0.5195362638
0.522	8.575857586e-07	0.5217866013
0.521	8.592525919e-07	0.5238869164
0.52	8.684201754e-07	0.5259872314
0.519	8.775877588e-07	0.528137554
0.518	8.817548422e-07	0.5300961811
0.517	8.859219255e-07	0.5322715074
0.516	8.884221756e-07	0.5343218149
0.515	8.959229256e-07	0.5364471337
0.514	9.02590259e-07	0.5385557834
0.513	9.117578425e-07	0.5408311247
0.512	9.184251759e-07	0.5428730976
0.511	9.234256759e-07	0.5451151006
0.51	9.28426176e-07	0.5469987165
0.509	9.367603427e-07	0.5491323699
0.508	9.417608428e-07	0.5512076812
0.507	9.517618429e-07	0.5534246804
0.506	9.600960096e-07	0.5556583488
0.505	9.675967597e-07	0.5577253255
0.504	9.734306764e-07	0.5597422947
0.503	9.775977598e-07	0.5616842526
0.502	9.800980098e-07	0.5638012369
0.501	9.900990099e-07	0.5658015369
0.5	9.984331767e-07	0.5677184911
0.499	1.005933927e-06	0.5698938174
0.498	1.01260126e-06	0.5717857679
0.497	1.02010201e-06	0.5739277558
0.496	1.02510251e-06	0.5757780334
0.495	1.035936927e-06	0.5778033372
0.494	1.04260426e-06	0.5797786335
0.493	1.04760476e-06	0.5818956177
0.492	1.055938927e-06	0.5837042223
0.491	1.062606261e-06	0.5856461803
0.49	1.067606761e-06	0.5875464653
0.489	1.072607261e-06	0.5894467503
0.488	1.075940927e-06	0.5915554
0.487	1.082608261e-06	0.5935306963
0.486	1.087608761e-06	0.5954893234
0.485	1.097609761e-06	0.5976313114
0.484	1.100943428e-06	0.5994649197
0.483	1.110111011e-06	0.6013151973
0.482	1.117611761e-06	0.6031488057
0.481	1.121778845e-06	0.6051157674
0.48	1.127612761e-06	0.6069993832
0.479	1.135946928e-06	0.6087746495
0.478	1.144281095e-06	0.6105915887
0.477	1.151781845e-06	0.6123751896
0.476	1.160116012e-06	0.6141004484
0.475	1.165949928e-06	0.6158590455
0.474	1.169283595e-06	0.6178010035
0.473	1.177617762e-06	0.6196346119
0.472	1.183451679e-06	0.6213515361
0.471	1.190952429e-06	0.6232518211
0.47	1.199286595e-06	0.6249854145
0.469	1.204287095e-06	0.6265439816
0.468	1.210121012e-06	0.628477605
0.467	1.215954929e-06	0.6303695554
0.466	1.225122512e-06	0.632319848
0.465	1.236790346e-06	0.6339617609
0.464	1.247624762e-06	0.6357787001
0.463	1.256792346e-06	0.6373956093
0.462	1.266793346e-06	0.6391542065
0.461	1.275127513e-06	0.6409878148
0.46	1.285128513e-06	0.6427630811
0.459	1.292629263e-06	0.6444299978
0.458	1.29846318e-06	0.645988565
0.457	1.30596393e-06	0.6478471771
0.456	1.312631263e-06	0.6496057742
0.455	1.31846518e-06	0.6513893751
0.454	1.322632263e-06	0.6531146339
0.453	1.32846618e-06	0.6548232235
0.452	1.33596693e-06	0.6566068244
0.451	1.344301097e-06	0.6582404027
0.45	1.35596893e-06	0.6598656465
0.449	1.362636264e-06	0.661557567
0.448	1.365136514e-06	0.6631161341
0.447	1.37347068e-06	0.66459969
0.446	1.380138014e-06	0.6662082646
0.445	1.387638764e-06	0.6678668467
0.444	1.397639764e-06	0.6694670867
0.443	1.407640764e-06	0.6711340034
0.442	1.420142014e-06	0.6726425631
0.441	1.429309598e-06	0.6743678218
0.44	1.440977431e-06	0.6758513777
0.439	1.450145015e-06	0.677426614
0.438	1.464313098e-06	0.6789685119
0.437	1.472647265e-06	0.6805604174
0.436	1.484315098e-06	0.6822523379
0.435	1.490982432e-06	0.6837608975
0.434	1.503483682e-06	0.6852444533
0.433	1.510151015e-06	0.6866696671
0.432	1.521818849e-06	0.6882699072
0.431	1.532653265e-06	0.6897617976
0.43	1.542654265e-06	0.6912870264
0.429	1.553488682e-06	0.6927872514
0.428	1.560989432e-06	0.694237469
0.427	1.570157016e-06	0.6957543632
0.426	1.578491182e-06	0.6974462836
0.425	1.590992433e-06	0.6990215199
0.424	1.603493683e-06	0.7005217449
0.423	1.618495183e-06	0.7019969662
0.422	1.632663266e-06	0.7033304996
0.421	1.642664266e-06	0.7050474238
0.42	1.6543321e-06	0.7066309946
0.419	1.662666267e-06	0.7081145505
0.418	1.6743341e-06	0.7095147605
0.417	1.686001934e-06	0.7110399893
0.416	1.69683635e-06	0.7125818873
0.415	1.7093376e-06	0.7141571236
0.414	1.725172517e-06	0.715649014
0.413	1.744341101e-06	0.7170492241
0.412	1.754342101e-06	0.7184661032
0.411	1.772677268e-06	0.7197746329
0.41	1.790179018e-06	0.7210414896
0.409	1.806013935e-06	0.7222083312
0.408	1.826015935e-06	0.7235085263
0.407	1.839350602e-06	0.7247587138
0.406	1.862686269e-06	0.7263089463
0.405	1.882688269e-06	0.727775833
0.404	1.909357602e-06	0.7293760731
0.403	1.927692769e-06	0.7306846027
0.402	1.948528186e-06	0.7321431548
0.401	1.966029936e-06	0.7332766582
0.4	1.998533187e-06	0.7347185411
0.399	2.016868354e-06	0.7359687286
0.398	2.03520352e-06	0.7373772733
0.397	2.062706271e-06	0.7388774983
0.396	2.082708271e-06	0.7401276858
0.395	2.110211021e-06	0.7413778733
0.394	2.135213521e-06	0.7426947375
0.393	2.165216522e-06	0.7438615792
0.392	2.192719272e-06	0.7452701239
0.391	2.219388606e-06	0.7463952926
0.39	2.246057939e-06	0.7477871681
0.389	2.28606194e-06	0.7488373256
0.388	2.32106544e-06	0.7500125019
0.387	2.355235524e-06	0.7512960277
0.386	2.390239024e-06	0.7525212115
0.385	2.424409108e-06	0.7537380607
0.384	2.468580191e-06	0.7549632445
0.383	2.514418108e-06	0.756213432
0.382	2.546921359e-06	0.7573219316
0.381	2.586925359e-06	0.7584637696
0.38	2.627762776e-06	0.7595639346
0.379	2.682768277e-06	0.7607641146
0.378	2.736106944e-06	0.7618559451
0.377	2.776110944e-06	0.7628727642
0.376	2.826949362e-06	0.763997933
0.375	2.879454612e-06	0.7649647447
0.374	2.927792779e-06	0.7661315864
0.373	2.998633197e-06	0.7670317214
0.372	3.059472614e-06	0.7683485856
0.371	3.131979865e-06	0.7693654048
0.37	3.196152949e-06	0.7706655998
0.369	3.263659699e-06	0.7716907536
0.368	3.332833283e-06	0.7728909336
0.367	3.400340034e-06	0.7740161024
0.366	3.470347035e-06	0.7751746095
0.365	3.562856286e-06	0.7762164325
0.364	3.652865287e-06	0.7772915937
0.363	3.734540121e-06	0.7783250821
0.362	3.818715205e-06	0.7793835742
0.361	3.912057872e-06	0.7804420663
0.36	3.993732707e-06	0.7813755397
0.359	4.105410541e-06	0.7823673551
0.358	4.217088376e-06	0.7833258322
0.357	4.322932293e-06	0.7843093131
0.356	4.432109878e-06	0.7855261623
0.355	4.565456546e-06	0.7864596356
0.354	4.70463713e-06	0.7873764398
0.353	4.854652132e-06	0.788493274
0.352	5.0080008e-06	0.7894267473
0.351	5.154682135e-06	0.7903768899
0.35	5.31636497e-06	0.7913687053
0.349	5.478047805e-06	0.7922938441
0.348	5.656398973e-06	0.7931856445
0.347	5.823082308e-06	0.7941524562
0.346	6.018935227e-06	0.7952192829
0.345	6.208954229e-06	0.7961110833
0.344	6.419808648e-06	0.7969195379
0.343	6.626495983e-06	0.7978363421
0.342	6.861519485e-06	0.7986364621
0.341	7.099876654e-06	0.7995449317
0.34	7.362402907e-06	0.8004617359
0.339	7.634096743e-06	0.8014618859
0.338	7.908290829e-06	0.8023120135
0.337	8.170817082e-06	0.8032288177
0.336	8.450845085e-06	0.8040039339
0.335	8.768376838e-06	0.8048207231
0.334	9.101743508e-06	0.8058708806
0.333	9.424275761e-06	0.8067210082
0.332	9.797646431e-06	0.8076128086
0.331	1.015518218e-05	0.8084129286
0.33	1.052938627e-05	0.8094297478
0.329	1.090275694e-05	0.8102215332
0.328	1.13052972e-05	0.8111883449
0.327	1.173450678e-05	0.8118717808
0.326	1.219621962e-05	0.812646897
0.325	1.263209654e-05	0.8134720208
0.324	1.314214755e-05	0.8142638062
0.323	1.366136614e-05	0.8150389225
0.322	1.424392439e-05	0.8158723809
0.321	1.47789779e-05	0.8166975046
0.32	1.53790379e-05	0.8174726209
0.319	1.601743508e-05	0.8182894101
0.318	1.665249858e-05	0.8190228534
0.317	1.733256659e-05	0.8198146389
0.316	1.802930293e-05	0.820673101
0.315	1.875687569e-05	0.8215065593
0.314	1.953778711e-05	0.8222316681
0.313	2.03120312e-05	0.822973446
0.312	2.107960796e-05	0.8237235585
0.311	2.191552489e-05	0.8244736711
0.31	2.279477948e-05	0.8253571369
0.309	2.377237724e-05	0.8260989148
0.308	2.4759976e-05	0.8268240236
0.307	2.579591292e-05	0.8274824557
0.306	2.681601493e-05	0.8282075645
0.305	2.790612395e-05	0.8288076545
0.304	2.905957262e-05	0.8294744212
0.303	3.02630263e-05	0.8301828608
0.302	3.151315132e-05	0.8310079845
0.301	3.285245191e-05	0.8316080745
0.3	3.412841284e-05	0.8323498525
0.299	3.557355736e-05	0.8330332883
0.298	3.70753742e-05	0.8336667167
0.297	3.86046938e-05	0.8343834909
0.296	4.018651865e-05	0.8350502575
0.295	4.179917992e-05	0.8356753513
0.294	4.351935194e-05	0.8363171142
0.293	4.531953195e-05	0.837142238
0.292	4.719138581e-05	0.8377589972
0.291	4.912407907e-05	0.8383257489
0.29	5.123012301e-05	0.8390175193
0.289	5.32736607e-05	0.8395759364
0.288	5.552888622e-05	0.8404177293
0.287	5.791829183e-05	0.8409678118
0.286	6.032186552e-05	0.8416429131
0.285	6.278461179e-05	0.8422680069
0.284	6.54690469e-05	0.8427930856
0.283	6.83226656e-05	0.843226484
0.282	7.126212621e-05	0.8438515777
0.281	7.422242224e-05	0.8443349836
0.28	7.732356569e-05	0.8448517278
0.279	8.060222689e-05	0.8454851561
0.278	8.389422276e-05	0.8460852461
0.277	8.740624062e-05	0.8466353286
0.276	9.114328099e-05	0.8471854111
0.275	9.49319932e-05	0.847768832
0.274	9.894822816e-05	0.8483272491
0.273	0.000103150315	0.8488189895
0.272	0.0001074332433	0.8494107449
0.271	0.000112012868	0.8499941658
0.27	0.0001167708438	0.8505609175
0.269	0.0001217146715	0.851111
0.268	0.0001267551755	0.8516860862
0.267	0.0001321115445	0.8521028154
0.266	0.0001377504417	0.8526695671
0.265	0.0001434560123	0.8532863263
0.264	0.0001494316098	0.8537947359
0.263	0.0001557672434	0.8543614876
0.262	0.0001623303997	0.854853228
0.261	0.0001692344234	0.8553783067
0.26	0.0001763368003	0.8559450584
0.259	0.0001837608761	0.856453468
0.258	0.0001915149848	0.8570785618
0.257	0.0001995449545	0.8576286443
0.256	0.0002079449612	0.8581703922
0.255	0.0002167675101	0.8587288093
0.254	0.0002259434277	0.8591705422
0.253	0.0002353176984	0.8596622827
0.252	0.0002451511818	0.8600873464
0.251	0.0002554097076	0.8605290794
0.25	0.000266123279	0.8609791469
0.249	0.0002772143881	0.861395876
0.248	0.000288853052	0.8619209548
0.247	0.0003009642631	0.8624126952
0.246	0.0003136280295	0.8628877665
0.245	0.0003267310064	0.8632711573
0.244	0.0003402748608	0.8636545482
0.243	0.0003546254625	0.8640712774
0.242	0.0003695202854	0.8644880065
0.241	0.000384796813	0.864879732
0.24	0.0004009367603	0.8653297995
0.239	0.00041783345	0.8657465286
0.238	0.0004352443578	0.8660882466
0.237	0.0004532844951	0.8666049907
0.236	0.0004721247125	0.8670133853
0.235	0.0004917050038	0.867480122
0.234	0.000512372904	0.8678135054
0.233	0.0005337292063	0.8682552383
0.232	0.0005558230823	0.8686302945
0.231	0.0005788145481	0.8690636929
0.23	0.0006030353035	0.8694804221
0.229	0.0006279836317	0.8698388092
0.228	0.0006541329133	0.8702055308
0.227	0.0006813398006	0.8705139104
0.226	0.0007098259826	0.8708722975
0.225	0.0007394506117	0.8713390342
0.224	0.0007699628296	0.8717390942
0.223	0.0008016676668	0.8722475038
0.222	0.0008348084808	0.8725308796
0.221	0.0008692427576	0.8728892667
0.22	0.000904960496	0.8732059809
0.219	0.0009422583925	0.8735977063
0.218	0.000980896423	0.8739227551
0.217	0.001021110444	0.8743478188
0.216	0.001062928793	0.8747312097
0.215	0.001106473981	0.8750145855
0.214	0.001151790179	0.8753729726
0.213	0.001198929893	0.875764698
0.212	0.001248013968	0.876106416
0.211	0.001298982398	0.8763814572
0.21	0.001352296063	0.8766398293
0.209	0.001407927459	0.8769148706
0.208	0.001464994833	0.8772815922
0.207	0.001524693303	0.8776316447
0.206	0.001587007034	0.8778900168
0.205	0.001651646831	0.8781733927
0.204	0.001718938561	0.8784150956
0.203	0.001788700537	0.8787484789
0.202	0.001860956929	0.8790651931
0.201	0.001936380305	0.8793569035
0.2	0.002014507284	0.879606941
0.199	0.002095896256	0.8798986515
0.198	0.002180073007	0.880148689
0.197	0.002268153482	0.8805904219
0.196	0.002359559289	0.8809238052
0.195	0.002454305431	0.8812571886
0.194	0.002553171984	0.8815655682
0.193	0.002655390539	0.8820073011
0.192	0.002761955362	0.8822740078
0.191	0.002872482248	0.8825740528
0.19	0.002986392806	0.8828740978
0.189	0.003105244691	0.8832074811
0.188	0.003227969464	0.8834325149
0.187	0.003356199787	0.8838409095
0.186	0.003489253092	0.8841576236
0.185	0.003626965197	0.8845160107
0.184	0.003770185352	0.8848243903
0.183	0.003918853552	0.8851161007
0.182	0.004072681435	0.8853494691
0.181	0.004232704937	0.8856661833
0.18	0.004398648198	0.8860162358
0.179	0.004570666233	0.8862412695
0.178	0.004749198253	0.8864496341
0.177	0.004934574291	0.88673301
0.176	0.00512590009	0.8870747279
0.175	0.005324841651	0.887391442
0.174	0.005530928926	0.8876914871
0.173	0.005744589459	0.8880082012
0.172	0.005965044838	0.8882582387
0.171	0.006195123679	0.8885749529
0.17	0.006432186552	0.8888833325
0.169	0.00667736857	0.8891500392
0.168	0.006932319899	0.8894667533
0.167	0.007196280461	0.8896501142
0.166	0.007469356102	0.8899251554
0.165	0.007751530986	0.8902168659
0.164	0.008044690302	0.8905085763
0.163	0.008347963963	0.8907419446
0.162	0.00866230123	0.8909586438
0.161	0.008986493649	0.8913003617
0.16	0.009321602994	0.8914920571
0.159	0.009669338601	0.8917837676
0.158	0.01002862953	0.8920504742
0.157	0.01039987999	0.8923505192
0.156	0.01078497683	0.8926422297
0.155	0.01118150982	0.8930589588
0.154	0.01159140164	0.8932839926
0.153	0.01201446061	0.8935006918
0.152	0.01245332533	0.8937673984
0.151	0.01290521802	0.8940841126
0.15	0.01337322399	0.8943591539
0.149	0.01385650898	0.8946425297
0.148	0.01435545055	0.8949259056
0.147	0.0148723214	0.8952509543
0.146	0.01540540471	0.8954926572
0.145	0.01595384205	0.8957426947
0.144	0.01652138631	0.8960677435
0.143	0.01710718155	0.8962761081
0.142	0.01771021269	0.8965261456
0.141	0.0183310281	0.8967761831
0.14	0.01897218472	0.8970928973
0.139	0.01963436594	0.8973846077
0.138	0.0203156724	0.897717991
0.137	0.02101993283	0.898018036
0.136	0.02174478031	0.8982847427
0.135	0.02249008901	0.8985347802
0.134	0.02325998433	0.8988681636
0.133	0.02405145598	0.8992098815
0.132	0.02486740591	0.8995766032
0.131	0.02570918675	0.8998933173
0.13	0.02657298897	0.9001433548
0.129	0.02746288462	0.9004433998
0.128	0.02837913041	0.9007184411
0.127	0.02932157549	0.9009518094
0.126	0.0302910191	0.9012435199
0.125	0.03128835884	0.9015352303
0.124	0.03231442811	0.9018769482
0.123	0.03336945778	0.902160324
0.122	0.03445534053	0.9024520345
0.121	0.03557169634	0.9026603991
0.12	0.03671677418	0.9030187862
0.119	0.03789226756	0.9034355153
0.118	0.03910222106	0.9037522295
0.117	0.04034324182	0.9041439549
0.116	0.04161605077	0.9044940074
0.115	0.04292453162	0.9047690487
0.114	0.04426707421	0.9051357704
0.113	0.04564272177	0.9054358154
0.112	0.0470573524	0.9057525295
0.111	0.04850590976	0.9061359204
0.11	0.04999335934	0.9065693187
0.109	0.05151659666	0.9069110367
0.108	0.05307982798	0.9072860929
0.107	0.05468017052	0.9076278108
0.106	0.05632284395	0.9080195363
0.105	0.05800413041	0.9083612542
0.104	0.0597270077	0.9088279909
0.103	0.06148900557	0.9091363705
0.102	0.06329327516	0.9094947575
0.101	0.06514153665	0.9098448101
0.1	0.0670316915	0.9101615242
0.099	0.06896670417	0.9104949076
0.098	0.07094546205	0.9108449601
0.097	0.07297050622	0.9111450051
0.096	0.07503884138	0.9114700538
0.095	0.07715730156	0.911886783
0.094	0.07932024702	0.9121701589
0.093	0.08153395256	0.9126452301
0.092	0.08379172251	0.9130036172
0.091	0.08609896406	0.9133453351
0.09	0.08845609894	0.9138454101
0.089	0.09086411558	0.9142538047
0.088	0.09332244391	0.9146205264
0.087	0.09582793029	0.9149955827
0.086	0.09838460846	0.9153873081
0.085	0.1009946061	0.9157373606
0.084	0.1036552397	0.9162040973
0.083	0.1063676993	0.916629161
0.082	0.1091344059	0.9170792286
0.081	0.1119558031	0.9176293111
0.08	0.1148268143	0.9180460402
0.079	0.117753817	0.9184877732
0.078	0.1207344576	0.9190295211
0.077	0.1237678301	0.9195045924
0.076	0.1268592426	0.9199796636
0.075	0.1300068482	0.9203797236
0.074	0.1332073549	0.9209048024
0.073	0.1364625529	0.921313197
0.072	0.1397764918	0.9218299412
0.071	0.1431478606	0.922313347
0.07	0.1465729881	0.9228300912
0.069	0.150058685	0.9232718241
0.068	0.1535995416	0.923713557
0.067	0.1571960471	0.9241469554
0.066	0.1608515268	0.9245970229
0.065	0.1645667917	0.92515544
0.064	0.1683332925	0.9256138421
0.063	0.172155338	0.9261805938
0.062	0.1760377821	0.9266223267
0.061	0.1799725773	0.9271390709
0.06	0.1839677284	0.9275391309
0.059	0.1880201854	0.9281642246
0.058	0.1921280978	0.9286642996
0.057	0.1962945161	0.9291727092
0.056	0.2005153249	0.9296811188
0.055	0.2047921634	0.9302395359
0.054	0.209124825	0.9307062726
0.053	0.2135134422	0.9312813589
0.052	0.2179566832	0.9316897535
0.051	0.2224563356	0.9322315014
0.05	0.2270083492	0.9326899035
0.049	0.2316123154	0.9332816589
0.048	0.2362745166	0.9338317414
0.047	0.2409867162	0.934340151
0.046	0.2457512468	0.9349152373
0.045	0.2505673726	0.9356070077
0.044	0.2554378538	0.9360487406
0.043	0.2603603035	0.9365738194
0.042	0.2653302839	0.9370655598
0.041	0.2703470847	0.9375739694
0.04	0.2754179085	0.9381657249
0.039	0.280538053	0.938624127
0.038	0.2857010918	0.9392158824
0.037	0.2909110661	0.9396826191
0.036	0.2961656216	0.9402993782
0.035	0.3014711396	0.9407577803
0.034	0.3068156582	0.9413412012
0.033	0.3122033328	0.9418829491
0.032	0.31763367	0.942424697
0.031	0.3231097401	0.9430747946
0.03	0.3286252092	0.9436582154
0.029	0.3341742966	0.9442166325
0.028	0.3397676393	0.9446250271
0.027	0.3453956821	0.9450334217
0.026	0.3510600352	0.9456251771
0.025	0.356751646	0.946208598
0.024	0.3624815973	0.9467920188
0.023	0.3682448253	0.9473671051
0.022	0.3740391948	0.9480005334
0.021	0.3798674201	0.9485256122
0.02	0.3857240466	0.9491257022
0.019	0.3916099335	0.9496924539
0.018	0.3975189911	0.9502342018
0.017	0.4034509384	0.9509259722
0.016	0.4094096168	0.9515594006
0.015	0.4153921876	0.9522428364
0.014	0.42139209	0.9527929189
0.013	0.4274147065	0.9534180127
0.012	0.4334542496	0.9540014335
0.011	0.4395136022	0.9546848694
0.01	0.4455918058	0.9552849594
0.009	0.4516764668	0.955893384
0.008	0.457781424	0.9563851244
0.007	0.4638905541	0.9569768799
0.006	0.4700122521	0.9576019736
0.005	0.4761438527	0.9581437216
0.004	0.4822822649	0.9587021387
0.003	0.4884242949	0.959235552
0.002	0.4945703387	0.9597522962
0.001	0.5007171009	0.9603273824
0	0.5068646831	0.9608107883
-0.001	0.5130112453	0.9614608858
-0.002	0.5191584108	0.9620276375
-0.003	0.5253023786	0.9625860546
-0.004	0.5314444603	0.9631111333
-0.005	0.5375765918	0.9635945392
-0.006	0.543701451	0.9641029488
-0.007	0.5498167508	0.964619693
-0.008	0.5559228189	0.9651947792
-0.009	0.5620169425	0.9658448767
-0.01	0.5680977514	0.9664032938
-0.011	0.5741619962	0.9669367072
-0.012	0.5802095001	0.9673617709
-0.013	0.5862377521	0.9678701805
-0.014	0.5922477798	0.9683869247
-0.015	0.5982381955	0.9689120035
-0.016	0.6042070074	0.9693537364
-0.017	0.6101521394	0.9698788152
-0.018	0.6160713355	0.9704539014
-0.019	0.6219678968	0.9709123035
-0.02	0.6278315007	0.9713957094
-0.021	0.6336688369	0.9718541115
-0.022	0.6394741999	0.9722875098
-0.023	0.6452504084	0.9727209081
-0.024	0.6509919367	0.9732876598
-0.025	0.6566999158	0.9738210732
-0.026	0.6623739824	0.9742711407
-0.027	0.6680152474	0.9747878848
-0.028	0.6736154032	0.9751962794
-0.029	0.6791792488	0.9756546815
-0.03	0.6847060306	0.9760297378
-0.031	0.6901903615	0.976446467
-0.032	0.6956395423	0.9769132036
-0.033	0.70104168	0.9772715907
-0.034	0.7063962705	0.9777133237
-0.035	0.7117090117	0.9780717108
-0.036	0.7169785145	0.9785051091
-0.037	0.7221992591	0.9789135037
-0.038	0.7273745091	0.979346902
-0.039	0.7324994749	0.9797969695
-0.04	0.7375759359	0.9801636912
-0.041	0.7426021744	0.9805554166
-0.042	0.7475766843	0.9809971496
-0.043	0.7525045546	0.9813138637
-0.044	0.7573796555	0.9817472621
-0.045	0.7622022419	0.9821306529
-0.046	0.7669749333	0.9824807054
-0.047	0.7716940902	0.9828224234
-0.048	0.7763566665	0.9833141638
-0.049	0.7809667583	0.9836058742
-0.05	0.7855211304	0.9839475921
-0.051	0.7900226306	0.9842643063
-0.052	0.7944656057	0.9846727009
-0.053	0.7988555089	0.9849477422
-0.054	0.8031862861	0.9853394676
-0.055	0.8074593351	0.9856728509
-0.056	0.8116794471	0.9860229034
-0.057	0.8158410458	0.9863396176
-0.058	0.8199450262	0.9865646514
-0.059	0.8239906816	0.9868480272
-0.06	0.8279770302	0.9872480872
-0.061	0.8319075524	0.9875481322
-0.062	0.8357790821	0.9877898351
-0.063	0.8395917917	0.988073211
-0.064	0.8433484032	0.9883815906
-0.065	0.8470434477	0.9886066243
-0.066	0.8506814723	0.9889900152
-0.067	0.8542595518	0.9892233835
-0.068	0.8577830733	0.989473421
-0.069	0.8612508759	0.9897067894
-0.07	0.8646569065	0.989973496
-0.071	0.8680057931	0.9901651914
-0.072	0.8712960696	0.9903818906
-0.073	0.8745326741	0.9906652665
-0.074	0.8777122254	0.9910069844
-0.075	0.8808359311	0.9911653415
-0.076	0.8839010168	0.9914070444
-0.077	0.8869095543	0.9916820856
-0.078	0.8898636772	0.9920321382
-0.079	0.8927601193	0.9922488373
-0.08	0.8956019169	0.9924405327
-0.081	0.8983892689	0.9926322282
-0.082	0.901123069	0.9928072544
-0.083	0.9038014776	0.9929656115
-0.084	0.9064257492	0.9931573069
-0.085	0.9089956512	0.9932739911
-0.086	0.9115147448	0.9935240286
-0.087	0.9139784937	0.9936907203
-0.088	0.9163940311	0.9938740811
-0.089	0.9187548555	0.9939740961
-0.09	0.9210645965	0.9941407878
-0.091	0.9233262518	0.9942491374
-0.092	0.9255388531	0.9943741561
-0.093	0.9277040346	0.994557517
-0.094	0.9298216097	0.9947742161
-0.095	0.9318873604	0.9948742311
-0.096	0.9339059389	0.9950659266
-0.097	0.9358777553	0.9951992799
-0.098	0.9378038846	0.9953076295
-0.099	0.9396860844	0.9953826407
-0.1	0.9415221605	0.9955076595
-0.101	0.9433144589	0.9956160091
-0.102	0.9450627654	0.9957827007
-0.103	0.9467680251	0.9958993849
-0.104	0.9484310414	0.9960077345
-0.105	0.9500502325	0.9961494224
-0.106	0.9516345451	0.9962494374
-0.107	0.9531766652	0.9963911253
-0.108	0.9546784012	0.9965744862
-0.109	0.9561423342	0.9966494974
-0.11	0.9575645756	0.9967828508
-0.111	0.9589494824	0.9969162041
-0.112	0.9602979923	0.9970662266
-0.113	0.9616115362	0.9971745762
-0.114	0.9628863395	0.9972912604
-0.115	0.9641273577	0.997357937
-0.116	0.965335076	0.9974329483
-0.117	0.9665078908	0.9974912904
-0.118	0.9676474372	0.9975329633
-0.119	0.9687582083	0.9975913054
-0.12	0.9698367587	0.9976913204
-0.121	0.9708825191	0.99779967
-0.122	0.9718990824	0.9978913504
-0.123	0.9728849052	0.9979330233
-0.124	0.9738424417	0.9979830308
-0.125	0.9747718897	0.9980080345
-0.126	0.9756732565	0.9980497075
-0.127	0.9765456121	0.9981080495
-0.128	0.9773924134	0.9981830608
-0.129	0.9782121637	0.998258072
-0.13	0.9790080541	0.9983664216
-0.131	0.9797799347	0.9984247637
-0.132	0.9805272586	0.9985247787
-0.133	0.9812510184	0.9985831208
-0.134	0.9819513243	0.9986497975
-0.135	0.9826291921	0.9986581321
-0.136	0.9832850993	0.9987081396
-0.137	0.98391708	0.9987331433
-0.138	0.9845308598	0.9987748162
-0.139	0.9851237399	0.9988414929
-0.14	0.9856972614	0.9988748312
-0.141	0.9862523944	0.998899835
-0.142	0.9867873787	0.9989165041
-0.143	0.9873047496	0.9989415079
-0.144	0.9878050455	0.9989831808
-0.145	0.988288453	0.9990081846
-0.146	0.9887533862	0.9990165191
-0.147	0.9892033478	0.9990415229
-0.148	0.9896379946	0.9990915304
-0.149	0.9900563665	0.9991165341
-0.15	0.9904596151	0.9991165341
-0.151	0.9908489332	0.9991498725
-0.152	0.9912246183	0.9991748762
-0.153	0.991586752	0.9992332183
-0.154	0.9919359728	0.9992498875
-0.155	0.9922717247	0.9992832258
-0.156	0.992594752	0.9993082296
-0.157	0.9929063331	0.9993499025
-0.158	0.9932065798	0.99939991
-0.159	0.9934945386	0.9994249137
-0.16	0.9937713396	0.9994415829
-0.161	0.994038608	0.9994832558
-0.162	0.9942944753	0.9995165942
-0.163	0.9945408433	0.9995499325
-0.164	0.9947783895	0.9995499325
-0.165	0.9950061564	0.9995666017
-0.166	0.9952255634	0.9995749362
-0.167	0.9954360794	0.9995832708
-0.168	0.9956383313	0.99959994
-0.169	0.9958326591	0.9996166092
-0.17	0.9960181068	0.9996749512
-0.171	0.9961971239	0.9996916204
-0.172	0.9963693453	0.9996916204
-0.173	0.9965344351	0.999699955
-0.174	0.9966930226	0.9997166242
-0.175	0.9968438661	0.9997249587
-0.176	0.9969886897	0.9997332933
-0.177	0.9971281753	0.9997499625
-0.178	0.9972615187	0.9997666317
-0.179	0.9973890606	0.9997749662
-0.18	0.9975111386	0.9997749662
-0.181	0.9976283187	0.9997833008
-0.182	0.9977400248	0.9997833008
-0.183	0.9978468163	0.9997916354
-0.184	0.9979494149	0.99979997
-0.185	0.9980468455	0.9998083046
-0.186	0.9981404624	0.9998249737
-0.187	0.9982307856	0.9998249737
-0.188	0.9983169059	0.9998249737
-0.189	0.9983992266	0.9998333083
-0.19	0.9984775369	0.9998416429
-0.191	0.9985518502	0.9998499775
-0.192	0.9986229131	0.9998499775
-0.193	0.9986909591	0.9998666467
-0.194	0.9987558573	0.999899985
-0.195	0.9988179535	0.9999083196
-0.196	0.9988773844	0.9999083196
-0.197	0.9989340459	0.9999083196
-0.198	0.9989876171	0.9999083196
-0.199	0.9990388372	0.9999166542
-0.2	0.9990878705	0.9999249887
-0.201	0.9991343859	0.9999416579
-0.202	0.9991786154	0.9999416579
-0.203	0.9992209804	0.9999499925
-0.204	0.9992612395	0.9999499925
-0.205	0.9992993041	0.9999499925
-0.206	0.9993357994	0.9999499925
-0.207	0.9993704129	0.9999499925
-0.208	0.999403632	0.9999499925
-0.209	0.9994349835	0.9999499925
-0.21	0.9994648548	0.9999499925
-0.211	0.9994932235	0.9999583271
-0.212	0.9995202587	0.9999583271
-0.213	0.9995457512	0.9999583271
-0.214	0.9995703554	0.9999583271
-0.215	0.9995934685	0.9999666617
-0.216	0.9996155307	0.9999666617
-0.217	0.9996363603	0.9999666617
-0.218	0.9996562131	0.9999666617
-0.219	0.9996751959	0.9999749962
-0.22	0.9996930893	0.9999749962
-0.221	0.9997101844	0.9999749962
-0.222	0.9997264101	0.9999749962
-0.223	0.9997416008	0.9999749962
-0.224	0.9997560956	0.9999749962
-0.225	0.9997699303	0.9999749962
-0.226	0.9997827516	0.9999749962
-0.227	0.9997949462	0.9999833308
-0.228	0.9998065757	0.9999833308
-0.229	0.9998172709	0.9999833308
-0.23	0.9998277236	0.9999833308
-0.231	0.9998376596	0.9999916654
-0.232	0.9998469872	0.9999916654
-0.233	0.9998559148	0.9999916654
-0.234	0.9998642098	0.9999916654
-0.235	0.9998720522	0.9999916654
-0.236	0.9998795638	0.9999916654
-0.237	0.9998866095	0.9999916654
-0.238	0.9998931543	0.9999916654
-0.239	0.9998994599	0.9999916654
-0.24	0.9999053089	0.9999916654
-0.241	0.9999109253	0.9999916654
-0.242	0.9999161641	1
-0.243	0.9999210996	1
-0.244	0.9999258334	1
-0.245	0.9999302264	1
-0.246	0.9999344859	1
-0.247	0.9999384613	1
-0.248	0.9999421851	1
-0.249	0.9999457587	1
-0.25	0.9999491099	1
-0.251	0.9999522811	1
-0.252	0.9999551997	1
-0.253	0.9999579466	1
-0.254	0.9999605277	1
-0.255	0.999963023	1
-0.256	0.999965334	1
-0.257	0.9999675401	1
-0.258	0.9999695945	1
-0.259	0.999971518	1
-0.26	0.9999732815	1
-0.261	0.9999749133	1
-0.262	0.9999765318	1
-0.263	0.9999780328	1
-0.264	0.9999794804	1
-0.265	0.9999808523	1
-0.266	0.9999820107	1
-0.267	0.9999831933	1
-0.268	0.9999842968	1
-0.269	0.9999852835	1
-0.27	0.999986332	1
-0.271	0.9999872121	1
-0.272	0.9999880296	1
-0.273	0.9999888339	1
-0.274	0.9999895223	1
-0.275	0.9999902024	1
-0.276	0.9999908366	1
-0.277	0.9999914375	1
-0.278	0.9999919975	1
-0.279	0.9999925418	1
-0.28	0.9999930043	1
-0.281	0.9999934993	1
-0.282	0.9999939502	1
-0.283	0.9999943536	1
-0.284	0.9999947295	1
-0.285	0.9999950587	1
-0.286	0.9999954237	1
-0.287	0.9999957479	1
-0.288	0.9999960288	1
-0.289	0.9999963021	1
-0.29	0.9999965455	1
-0.291	0.999996783	1
-0.292	0.9999969972	1
-0.293	0.9999972131	1
-0.294	0.9999973864	1
-0.295	0.9999975789	1
-0.296	0.9999977531	1
-0.297	0.9999979223	1
-0.298	0.9999980681	1
-0.299	0.9999982007	1
-0.3	0.999998324	1
-0.301	0.9999984607	1
-0.302	0.9999985707	1
-0.303	0.9999986799	1
-0.304	0.9999987824	1
-0.305	0.9999988766	1
-0.306	0.9999989599	1
-0.307	0.9999990382	1
-0.308	0.9999991149	1
-0.309	0.9999991824	1
-0.31	0.9999992449	1
-0.311	0.9999992983	1
-0.312	0.9999993474	1
-0.313	0.9999993883	1
-0.314	0.9999994299	1
-0.315	0.9999994716	1
-0.316	0.9999995141	1
-0.317	0.9999995566	1
-0.318	0.9999995766	1
-0.319	0.9999996025	1
-0.32	0.9999996358	1
-0.321	0.9999996683	1
-0.322	0.9999996933	1
-0.323	0.9999997091	1
-0.324	0.9999997366	1
-0.325	0.9999997658	1
-0.326	0.9999997825	1
-0.327	0.9999998008	1
-0.328	0.9999998175	1
-0.329	0.9999998291	1
-0.33	0.9999998458	1
-0.331	0.9999998567	1
-0.332	0.9999998692	1
-0.333	0.99999988	1
-0.334	0.9999998867	1
-0.335	0.9999998975	1
-0.336	0.9999999058	1
-0.337	0.9999999142	1
-0.338	0.9999999208	1
-0.339	0.9999999258	1
-0.34	0.9999999292	1
-0.341	0.9999999375	1
-0.342	0.9999999417	1
-0.343	0.9999999433	1
-0.344	0.9999999483	1
-0.345	0.9999999508	1
-0.346	0.9999999517	1
-0.347	0.9999999533	1
-0.348	0.9999999558	1
-0.349	0.99999996	1
-0.35	0.9999999633	1
-0.351	0.999999965	1
-0.352	0.9999999675	1
-0.353	0.9999999717	1
-0.354	0.9999999733	1
-0.355	0.9999999758	1
-0.356	0.9999999775	1
-0.357	0.9999999775	1
-0.358	0.9999999817	1
-0.359	0.9999999833	1
-0.36	0.9999999842	1
-0.361	0.999999985	1
-0.362	0.999999985	1
-0.363	0.9999999867	1
-0.364	0.9999999883	1
-0.365	0.9999999892	1
-0.366	0.9999999917	1
-0.367	0.9999999933	1
-0.368	0.9999999933	1
-0.369	0.9999999933	1
-0.37	0.9999999942	1
-0.371	0.9999999942	1
-0.372	0.999999995	1
-0.373	0.999999995	1
-0.374	0.9999999958	1
-0.375	0.9999999958	1
-0.376	0.9999999958	1
-0.377	0.9999999958	1
-0.378	0.9999999958	1
-0.379	0.9999999958	1
-0.38	0.9999999967	1
-0.381	0.9999999967	1
-0.382	0.9999999983	1
-0.383	0.9999999983	1
-0.384	0.9999999983	1
-0.385	0.9999999983	1
-0.386	0.9999999983	1
-0.387	0.9999999983	1
-0.388	0.9999999983	1
-0.389	0.9999999992	1
-0.39	1	1
-0.391	1	1
-0.392	1	1
-0.393	1	1
-0.394	1	1
-0.395	1	1
-0.396	1	1
-0.397	1	1
-0.398	1	1
-0.399	1	1
-0.4	1	1
-0.401	1	1
-0.402	1	1
-0.403	1	1
-0.404	1	1
-0.405	1	1
-0.406	1	1
-0.407	1	1
-0.408	1	1
-0.409	1	1
-0.41	1	1
-0.411	1	1
-0.412	1	1
-0.413	1	1
-0.414	1	1
-0.415	1	1
-0.416	1	1
-0.417	1	1
-0.418	1	1
-0.419	1	1
-0.42	1	1
-0.421	1	1
-0.422	1	1
-0.423	1	1
-0.424	1	1
-0.425	1	1
-0.426	1	1
-0.427	1	1
-0.428	1	1
-0.429	1	1
-0.43	1	1
-0.431	1	1
-0.432	1	1
-0.433	1	1
-0.434	1	1
-0.435	1	1
-0.436	1	1
-0.437	1	1
-0.438	1	1
-0.439	1	1
-0.44	1	1
-0.441	1	1
-0.442	1	1
-0.443	1	1
-0.444	1	1
-0.445	1	1
-0.446	1	1
-0.447	1	1
-0.448	1	1
-0.449	1	1
-0.45	1	1
-0.451	1	1
-0.452	1	1
-0.453	1	1
-0.454	1	1
-0.455	1	1
-0.456	1	1
-0.457	1	1
-0.458	1	1
-0.459	1	1
-0.46	1	1
-0.461	1	1
-0.462	1	1
-0.463	1	1
-0.464	1	1
-0.465	1	1
-0.466	1	1
-0.467	1	1
-0.468	1	1
-0.469	1	1
-0.47	1	1
-0.471	1	1
-0.472	1	1
-0.473	1	1
-0.474	1	1
-0.475	1	1
-0.476	1	1
-0.477	1	1
-0.478	1	1
-0.479	1	1
-0.48	1	1
-0.481	1	1
-0.482	1	1
-0.483	1	1
-0.484	1	1
-0.485	1	1
-0.486	1	1
-0.487	1	1
-0.488	1	1
-0.489	1	1
-0.49	1	1
-0.491	1	1
-0.492	1	1
-0.493	1	1
-0.494	1	1
-0.495	1	1
-0.496	1	1
-0.497	1	1
-0.498	1	1
-0.499	1	1
-0.5	1	1
-0.501	1	1
-0.502	1	1
-0.503	1	1
-0.504	1	1
-0.505	1	1
-0.506	1	1
-0.507	1	1
-0.508	1	1
-0.509	1	1
-0.51	1	1
-0.511	1	1
-0.512	1	1
-0.513	1	1
-0.514	1	1
-0.515	1	1
-0.516	1	1
-0.517	1	1
-0.518	1	1
-0.519	1	1
-0.52	1	1
-0.521	1	1
-0.522	1	1
-0.523	1	1
-0.524	1	1
-0.525	1	1
-0.526	1	1
-0.527	1	1
-0.528	1	1
-0.529	1	1
-0.53	1	1
-0.531	1	1
-0.532	1	1
-0.533	1	1
-0.534	1	1
-0.535	1	1
-0.536	1	1
-0.537	1	1
-0.538	1	1
-0.539	1	1
-0.54	1	1
-0.541	1	1
-0.542	1	1
-0.543	1	1
-0.544	1	1
-0.545	1	1
-0.546	1	1
-0.547	1	1
-0.548	1	1
-0.549	1	1
-0.55	1	1
-0.551	1	1
-0.552	1	1
-0.553	1	1
-0.554	1	1
-0.555	1	1
-0.556	1	1
-0.557	1	1
-0.558	1	1
-0.559	1	1
-0.56	1	1
-0.561	1	1
-0.562	1	1
-0.563	1	1
-0.564	1	1
-0.565	1	1
-0.566	1	1
-0.567	1	1
-0.568	1	1
-0.569	1	1
-0.57	1	1
-0.571	1	1
-0.572	1	1
-0.573	1	1
-0.574	1	1
-0.575	1	1
-0.576	1	1
-0.577	1	1
-0.578	1	1
-0.579	1	1
-0.58	1	1
-0.581	1	1
-0.582	1	1
-0.583	1	1
-0.584	1	1
-0.585	1	1
-0.586	1	1
-0.587	1	1
-0.588	1	1
-0.589	1	1
-0.59	1	1
-0.591	1	1
-0.592	1	1
-0.593	1	1
-0.594	1	1
-0.595	1	1
-0.596	1	1
-0.597	1	1
-0.598	1	1
-0.599	1	1
-0.6	1	1
-0.601	1	1
-0.602	1	1
-0.603	1	1
-0.604	1	1
-0.605	1	1
-0.606	1	1
-0.607	1	1
-0.608	1	1
-0.609	1	1
-0.61	1	1
-0.611	1	1
-0.612	1	1
-0.613	1	1
-0.614	1	1
-0.615	1	1
-0.616	1	1
-0.617	1	1
-0.618	1	1
-0.619	1	1
-0.62	1	1
-0.621	1	1
-0.622	1	1
-0.623	1	1
-0.624	1	1
-0.625	1	1
-0.626	1	1
-0.627	1	1
-0.628	1	1
-0.629	1	1
-0.63	1	1
-0.631	1	1
-0.632	1	1
-0.633	1	1
-0.634	1	1
-0.635	1	1
-0.636	1	1
-0.637	1	1
-0.638	1	1
-0.639	1	1
-0.64	1	1
-0.641	1	1
-0.642	1	1
-0.643	1	1
-0.644	1	1
-0.645	1	1
-0.646	1	1
-0.647	1	1
-0.648	1	1
-0.649	1	1
-0.65	1	1
-0.651	1	1
-0.652	1	1
-0.653	1	1
-0.654	1	1
-0.655	1	1
-0.656	1	1
-0.657	1	1
-0.658	1	1
-0.659	1	1
-0.66	1	1
-0.661	1	1
-0.662	1	1
-0.663	1	1
-0.664	1	1
-0.665	1	1
-0.666	1	1
-0.667	1	1
-0.668	1	1
-0.669	1	1
-0.67	1	1
-0.671	1	1
-0.672	1	1
-0.673	1	1
-0.674	1	1
-0.675	1	1
-0.676	1	1
-0.677	1	1
-0.678	1	1
-0.679	1	1
-0.68	1	1
-0.681	1	1
-0.682	1	1
-0.683	1	1
-0.684	1	1
-0.685	1	1
-0.686	1	1
-0.687	1	1
-0.688	1	1
-0.689	1	1
-0.69	1	1
-0.691	1	1
-0.692	1	1
-0.693	1	1
-0.694	1	1
-0.695	1	1
-0.696	1	1
-0.697	1	1
-0.698	1	1
-0.699	1	1
-0.7	1	1
-0.701	1	1
-0.702	1	1
-0.703	1	1
-0.704	1	1
-0.705	1	1
-0.706	1	1
-0.707	1	1
-0.708	1	1
-0.709	1	1
-0.71	1	1
-0.711	1	1
-0.712	1	1
-0.713	1	1
-0.714	1	1
-0.715	1	1
-0.716	1	1
-0.717	1	1
-0.718	1	1
-0.719	1	1
-0.72	1	1
-0.721	1	1
-0.722	1	1
-0.723	1	1
-0.724	1	1
-0.725	1	1
-0.726	1	1
-0.727	1	1
-0.728	1	1
-0.729	1	1
-0.73	1	1
-0.731	1	1
-0.732	1	1
-0.733	1	1
-0.734	1	1
-0.735	1	1
-0.736	1	1
-0.737	1	1
-0.738	1	1
-0.739	1	1
-0.74	1	1
-0.741	1	1
-0.742	1	1
-0.743	1	1
-0.744	1	1
-0.745	1	1
-0.746	1	1
-0.747	1	1
-0.748	1	1
-0.749	1	1
-0.75	1	1
-0.751	1	1
-0.752	1	1
-0.753	1	1
-0.754	1	1
-0.755	1	1
-0.756	1	1
-0.757	1	1
-0.758	1	1
-0.759	1	1
-0.76	1	1
-0.761	1	1
-0.762	1	1
-0.763	1	1
-0.764	1	1
-0.765	1	1
-0.766	1	1
-0.767	1	1
-0.768	1	1
-0.769	1	1
-0.77	1	1
-0.771	1	1
-0.772	1	1
-0.773	1	1
-0.774	1	1
-0.775	1	1
-0.776	1	1
-0.777	1	1
-0.778	1	1
-0.779	1	1
-0.78	1	1
-0.781	1	1
-0.782	1	1
-0.783	1	1
-0.784	1	1
-0.785	1	1
-0.786	1	1
-0.787	1	1
-0.788	1	1
-0.789	1	1
-0.79	1	1
-0.791	1	1
-0.792	1	1
-0.793	1	1
-0.794	1	1
-0.795	1	1
-0.796	1	1
-0.797	1	1
-0.798	1	1
-0.799	1	1
-0.8	1	1
-0.801	1	1
-0.802	1	1
-0.803	1	1
-0.804	1	1
-0.805	1	1
-0.806	1	1
-0.807	1	1
-0.808	1	1
-0.809	1	1
-0.81	1	1
-0.811	1	1
-0.812	1	1
-0.813	1	1
-0.814	1	1
-0.815	1	1
-0.816	1	1
-0.817	1	1
-0.818	1	1
-0.819	1	1
-0.82	1	1
-0.821	1	1
-0.822	1	1
-0.823	1	1
-0.824	1	1
-0.825	1	1
-0.826	1	1
-0.827	1	1
-0.828	1	1
-0.829	1	1
-0.83	1	1
-0.831	1	1
-0.832	1	1
-0.833	1	1
-0.834	1	1
-0.835	1	1
-0.836	1	1
-0.837	1	1
-0.838	1	1
-0.839	1	1
-0.84	1	1
-0.841	1	1
-0.842	1	1
-0.843	1	1
-0.844	1	1
-0.845	1	1
-0.846	1	1
-0.847	1	1
-0.848	1	1
-0.849	1	1
-0.85	1	1
-0.851	1	1
-0.852	1	1
-0.853	1	1
-0.854	1	1
-0.855	1	1
-0.856	1	1
-0.857	1	1
-0.858	1	1
-0.859	1	1
-0.86	1	1
-0.861	1	1
-0.862	1	1
-0.863	1	1
-0.864	1	1
-0.865	1	1
-0.866	1	1
-0.867	1	1
-0.868	1	1
-0.869	1	1
-0.87	1	1
-0.871	1	1
-0.872	1	1
-0.873	1	1
-0.874	1	1
-0.875	1	1
-0.876	1	1
-0.877	1	1
-0.878	1	1
-0.879	1	1
-0.88	1	1
-0.881	1	1
-0.882	1	1
-0.883	1	1
-0.884	1	1
-0.885	1	1
-0.886	1	1
-0.887	1	1
-0.888	1	1
-0.889	1	1
-0.89	1	1
-0.891	1	1
-0.892	1	1
-0.893	1	1
-0.894	1	1
-0.895	1	1
-0.896	1	1
-0.897	1	1
-0.898	1	1
-0.899	1	1
-0.9	1	1
-0.901	1	1
-0.902	1	1
-0.903	1	1
-0.904	1	1
-0.905	1	1
-0.906	1	1
-0.907	1	1
-0.908	1	1
-0.909	1	1
-0.91	1	1
-0.911	1	1
-0.912	1	1
-0.913	1	1
-0.914	1	1
-0.915	1	1
-0.916	1	1
-0.917	1	1
-0.918	1	1
-0.919	1	1
-0.92	1	1
-0.921	1	1
-0.922	1	1
-0.923	1	1
-0.924	1	1
-0.925	1	1
-0.926	1	1
-0.927	1	1
-0.928	1	1
-0.929	1	1
-0.93	1	1
-0.931	1	1
-0.932	1	1
-0.933	1	1
-0.934	1	1
-0.935	1	1
-0.936	1	1
-0.937	1	1
-0.938	1	1
-0.939	1	1
-0.94	1	1
-0.941	1	1
-0.942	1	1
-0.943	1	1
-0.944	1	1
-0.945	1	1
-0.946	1	1
-0.947	1	1
-0.948	1	1
-0.949	1	1
-0.95	1	1
-0.951	1	1
-0.952	1	1
-0.953	1	1
-0.954	1	1
-0.955	1	1
-0.956	1	1
-0.957	1	1
-0.958	1	1
-0.959	1	1
-0.96	1	1
-0.961	1	1
-0.962	1	1
-0.963	1	1
-0.964	1	1
-0.965	1	1
-0.966	1	1
-0.967	1	1
-0.968	1	1
-0.969	1	1
-0.97	1	1
-0.971	1	1
-0.972	1	1
-0.973	1	1
-0.974	1	1
-0.975	1	1
-0.976	1	1
-0.977	1	1
-0.978	1	1
-0.979	1	1
-0.98	1	1
-0.981	1	1
-0.982	1	1
-0.983	1	1
-0.984	1	1
-0.985	1	1
-0.986	1	1
-0.987	1	1
-0.988	1	1
-0.989	1	1
-0.99	1	1
-0.991	1	1
-0.992	1	1
-0.993	1	1
-0.994	1	1
-0.995	1	1
-0.996	1	1
-0.997	1	1
-0.998	1	1
-0.999	1	1
-1	1	1
