threshold	FAR	TAR
0.999	0	0
0.998	0	0
0.997	0	0
0.996	0	0
0.995	0	0
0.994	0	0
0.993	0	0
0.992	0	0
0.991	0	0
0.99	0	0
0.989	0	0
0.988	0	0
0.987	0	0
0.986	0	0
0.985	0	0.0001052631579
0.984	0	0.0001052631579
0.983	0	0.0001052631579
0.982	0	0.0001052631579
0.981	0	0.0002105263158
0.98	0	0.0002105263158
0.979	0	0.0002105263158
0.978	0	0.0002105263158
0.977	0	0.0002105263158
0.976	0	0.0002105263158
0.975	0	0.0003157894737
0.974	0	0.0004210526316
0.973	0	0.0005263157895
0.972	0	0.0005263157895
0.971	0	0.0005263157895
0.97	0	0.0006315789474
0.969	0	0.0006315789474
0.968	0	0.0007368421053
0.967	0	0.0008421052632
0.966	0	0.0009473684211
0.965	0	0.001052631579
0.964	0	0.001052631579
0.963	0	0.001052631579
0.962	0	0.001263157895
0.961	0	0.001263157895
0.96	0	0.001473684211
0.959	0	0.001473684211
0.958	0	0.001473684211
0.957	0	0.001473684211
0.956	0	0.001684210526
0.955	0	0.001684210526
0.954	0	0.001789473684
0.953	0	0.001789473684
0.952	0	0.001789473684
0.951	0	0.001789473684
0.95	0	0.001894736842
0.949	0	0.002210526316
0.948	0	0.002210526316
0.947	0	0.002210526316
0.946	0	0.002210526316
0.945	0	0.002421052632
0.944	0	0.002631578947
0.943	0	0.002736842105
0.942	0	0.002736842105
0.941	0	0.002736842105
0.94	0	0.002842105263
0.939	0	0.003157894737
0.938	0	0.003368421053
0.937	0	0.003473684211
0.936	0	0.003578947368
0.935	0	0.003684210526
0.934	0	0.003684210526
0.933	0	0.004105263158
0.932	0	0.004105263158
0.931	0	0.004631578947
0.93	0	0.004842105263
0.929	0	0.005052631579
0.928	0	0.005263157895
0.927	0	0.005578947368
0.926	0	0.005684210526
0.925	0	0.005789473684
0.924	0	0.006
0.923	0	0.006210526316
0.922	0	0.006421052632
0.921	0	0.006526315789
0.92	0	0.006526315789
0.919	0	0.006947368421
0.918	0	0.007157894737
0.917	0	0.007578947368
0.916	0	0.007789473684
0.915	0	0.008
0.914	0	0.008421052632
0.913	0	0.008736842105
0.912	0	0.009263157895
0.911	0	0.009684210526
0.91	0	0.009894736842
0.909	0	0.01063157895
0.908	0	0.01094736842
0.907	0	0.01115789474
0.906	0	0.01157894737
0.905	0	0.01189473684
0.904	0	0.01231578947
0.903	0	0.01273684211
0.902	0	0.01305263158
0.901	0	0.01347368421
0.9	0	0.01410526316
0.899	0	0.01431578947
0.898	0	0.01463157895
0.897	0	0.016
0.896	0	0.01642105263
0.895	0	0.01705263158
0.894	0	0.01747368421
0.893	0	0.01810526316
0.892	0	0.01884210526
0.891	0	0.01905263158
0.89	0	0.01957894737
0.889	0	0.02021052632
0.888	0	0.02094736842
0.887	0	0.02210526316
0.886	0	0.02242105263
0.885	0	0.02273684211
0.884	0	0.02347368421
0.883	0	0.02389473684
0.882	0	0.02463157895
0.881	0	0.02557894737
0.88	0	0.02621052632
0.879	0	0.02673684211
0.878	0	0.02789473684
0.877	0	0.02821052632
0.876	0	0.02863157895
0.875	0	0.02989473684
0.874	0	0.03010526316
0.873	0	0.03105263158
0.872	0	0.03168421053
0.871	0	0.03231578947
0.87	0	0.03284210526
0.869	0	0.034
0.868	0	0.03515789474
0.867	0	0.036
0.866	0	0.03642105263
0.865	0	0.03694736842
0.864	0	0.03768421053
0.863	0	0.038
0.862	0	0.03884210526
0.861	0	0.03989473684
0.86	0	0.04115789474
0.859	0	0.04210526316
0.858	0	0.04294736842
0.857	0	0.04421052632
0.856	0	0.04452631579
0.855	0	0.04547368421
0.854	0	0.04673684211
0.853	0	0.04736842105
0.852	0	0.04831578947
0.851	0	0.04957894737
0.85	0	0.05031578947
0.849	0	0.05105263158
0.848	0	0.05168421053
0.847	0	0.05242105263
0.846	0	0.05326315789
0.845	0	0.05421052632
0.844	0	0.05547368421
0.843	0	0.05631578947
0.842	0	0.05705263158
0.841	0	0.058
0.84	0	0.05915789474
0.839	0	0.05989473684
0.838	0	0.06126315789
0.837	0	0.06221052632
0.836	0	0.06368421053
0.835	0	0.06463157895
0.834	0	0.06631578947
0.833	0	0.06768421053
0.832	0	0.06947368421
0.831	0	0.07052631579
0.83	0	0.07189473684
0.829	0	0.07305263158
0.828	0	0.07515789474
0.827	0	0.07652631579
0.826	0	0.07768421053
0.825	0	0.07905263158
0.824	0	0.08031578947
0.823	0	0.08189473684
0.822	0	0.08326315789
0.821	0	0.08494736842
0.82	0	0.08652631579
0.819	0	0.08821052632
0.818	0	0.08936842105
0.817	0	0.09021052632
0.816	0	0.09115789474
0.815	0	0.09294736842
0.814	0	0.09505263158
0.813	2.109482122e-07	0.09652631579
0.812	2.109482122e-07	0.098
0.811	2.109482122e-07	0.09957894737
0.81	2.109482122e-07	0.1002105263
0.809	2.109482122e-07	0.1011578947
0.808	2.109482122e-07	0.1026315789
0.807	2.109482122e-07	0.1049473684
0.806	2.109482122e-07	0.1066315789
0.805	2.109482122e-07	0.1083157895
0.804	2.109482122e-07	0.1093684211
0.803	2.109482122e-07	0.1104210526
0.802	2.109482122e-07	0.1116842105
0.801	2.109482122e-07	0.1128421053
0.8	2.109482122e-07	0.1146315789
0.799	2.109482122e-07	0.1166315789
0.798	2.109482122e-07	0.1184210526
0.797	2.109482122e-07	0.1195789474
0.796	2.109482122e-07	0.1215789474
0.795	2.109482122e-07	0.1232631579
0.794	2.109482122e-07	0.1250526316
0.793	2.109482122e-07	0.1263157895
0.792	2.109482122e-07	0.1281052632
0.791	2.109482122e-07	0.1295789474
0.79	2.109482122e-07	0.1313684211
0.789	2.109482122e-07	0.1331578947
0.788	2.109482122e-07	0.1351578947
0.787	2.109482122e-07	0.1370526316
0.786	2.109482122e-07	0.1385263158
0.785	2.109482122e-07	0.1401052632
0.784	2.109482122e-07	0.1415789474
0.783	2.109482122e-07	0.1434736842
0.782	4.218964244e-07	0.1448421053
0.781	4.218964244e-07	0.1466315789
0.78	4.218964244e-07	0.1492631579
0.779	4.218964244e-07	0.1515789474
0.778	4.218964244e-07	0.154
0.777	4.218964244e-07	0.1566315789
0.776	4.218964244e-07	0.1587368421
0.775	4.218964244e-07	0.1601052632
0.774	4.218964244e-07	0.1615789474
0.773	4.218964244e-07	0.1632631579
0.772	4.218964244e-07	0.1651578947
0.771	4.218964244e-07	0.1671578947
0.77	4.218964244e-07	0.1690526316
0.769	4.218964244e-07	0.1725263158
0.768	4.218964244e-07	0.1744210526
0.767	4.218964244e-07	0.176
0.766	4.218964244e-07	0.1768421053
0.765	4.218964244e-07	0.1798947368
0.764	4.218964244e-07	0.1822105263
0.763	4.218964244e-07	0.184
0.762	4.218964244e-07	0.1858947368
0.761	4.218964244e-07	0.1874736842
0.76	6.328446366e-07	0.1888421053
0.759	6.328446366e-07	0.1906315789
0.758	8.437928489e-07	0.1927368421
0.757	8.437928489e-07	0.1944210526
0.756	8.437928489e-07	0.1957894737
0.755	8.437928489e-07	0.1974736842
0.754	1.054741061e-06	0.1989473684
0.753	1.054741061e-06	0.2005263158
0.752	1.054741061e-06	0.2031578947
0.751	1.265689273e-06	0.2044210526
0.75	1.265689273e-06	0.2070526316
0.749	1.265689273e-06	0.2094736842
0.748	1.265689273e-06	0.2115789474
0.747	1.265689273e-06	0.2134736842
0.746	1.265689273e-06	0.2155789474
0.745	1.265689273e-06	0.2192631579
0.744	1.476637485e-06	0.2212631579
0.743	1.476637485e-06	0.2228421053
0.742	1.476637485e-06	0.2246315789
0.741	1.476637485e-06	0.2267368421
0.74	1.476637485e-06	0.2286315789
0.739	1.476637485e-06	0.2304210526
0.738	1.476637485e-06	0.2325263158
0.737	1.476637485e-06	0.2338947368
0.736	1.476637485e-06	0.2367368421
0.735	1.476637485e-06	0.2382105263
0.734	1.476637485e-06	0.2413684211
0.733	1.687585698e-06	0.2441052632
0.732	1.687585698e-06	0.2462105263
0.731	1.687585698e-06	0.2484210526
0.73	1.687585698e-06	0.2508421053
0.729	1.687585698e-06	0.2526315789
0.728	1.687585698e-06	0.2536842105
0.727	1.89853391e-06	0.2562105263
0.726	1.89853391e-06	0.2585263158
0.725	1.89853391e-06	0.2597894737
0.724	1.89853391e-06	0.262
0.723	2.109482122e-06	0.2636842105
0.722	2.109482122e-06	0.2656842105
0.721	2.320430334e-06	0.2684210526
0.72	2.320430334e-06	0.2704210526
0.719	2.320430334e-06	0.2715789474
0.718	2.320430334e-06	0.2736842105
0.717	2.320430334e-06	0.2755789474
0.716	2.531378547e-06	0.2772631579
0.715	2.742326759e-06	0.2784210526
0.714	2.953274971e-06	0.2810526316
0.713	2.953274971e-06	0.2837894737
0.712	2.953274971e-06	0.2861052632
0.711	3.164223183e-06	0.2885263158
0.71	3.164223183e-06	0.2910526316
0.709	3.375171395e-06	0.2927368421
0.708	3.375171395e-06	0.2953684211
0.707	3.586119608e-06	0.2967368421
0.706	3.79706782e-06	0.2985263158
0.705	3.79706782e-06	0.3006315789
0.704	4.008016032e-06	0.3028421053
0.703	4.008016032e-06	0.3061052632
0.702	4.218964244e-06	0.3085263158
0.701	4.218964244e-06	0.3108421053
0.7	4.429912456e-06	0.3123157895
0.699	4.640860669e-06	0.3142105263
0.698	4.640860669e-06	0.3168421053
0.697	4.640860669e-06	0.3194736842
0.696	4.851808881e-06	0.322
0.695	5.062757093e-06	0.3245263158
0.694	5.062757093e-06	0.3267368421
0.693	5.273705305e-06	0.3292631579
0.692	5.484653518e-06	0.3321052632
0.691	5.69560173e-06	0.334
0.69	6.328446366e-06	0.3365263158
0.689	6.539394579e-06	0.3386315789
0.688	6.539394579e-06	0.3404210526
0.687	6.539394579e-06	0.3421052632
0.686	6.539394579e-06	0.3444210526
0.685	6.750342791e-06	0.3477894737
0.684	7.172239215e-06	0.3497894737
0.683	7.172239215e-06	0.3517894737
0.682	7.172239215e-06	0.3534736842
0.681	7.383187427e-06	0.3555789474
0.68	7.805083852e-06	0.3582105263
0.679	7.805083852e-06	0.3603157895
0.678	7.805083852e-06	0.3625263158
0.677	8.859824913e-06	0.3655789474
0.676	9.703617762e-06	0.3676842105
0.675	9.914565974e-06	0.3703157895
0.674	9.914565974e-06	0.3724210526
0.673	9.914565974e-06	0.3750526316
0.672	1.03364624e-05	0.3771578947
0.671	1.054741061e-05	0.3793684211
0.67	1.075835882e-05	0.3817894737
0.669	1.096930704e-05	0.3835789474
0.668	1.139120346e-05	0.3864210526
0.667	1.160215167e-05	0.3890526316
0.666	1.20240481e-05	0.3907368421
0.665	1.286784095e-05	0.3932631579
0.664	1.307878916e-05	0.3952631579
0.663	1.328973737e-05	0.3965263158
0.662	1.371163379e-05	0.3978947368
0.661	1.392258201e-05	0.4005263158
0.66	1.455542664e-05	0.4027368421
0.659	1.497732307e-05	0.4058947368
0.658	1.539921949e-05	0.4082105263
0.657	1.582111592e-05	0.4111578947
0.656	1.666490876e-05	0.4131578947
0.655	1.666490876e-05	0.4153684211
0.654	1.708680519e-05	0.4177894737
0.653	1.835249446e-05	0.4195789474
0.652	1.940723552e-05	0.4214736842
0.651	2.025102837e-05	0.4241052632
0.65	2.025102837e-05	0.4261052632
0.649	2.130576943e-05	0.4284210526
0.648	2.193861407e-05	0.4306315789
0.647	2.257145871e-05	0.4326315789
0.646	2.320430334e-05	0.4355789474
0.645	2.404809619e-05	0.4376842105
0.644	2.468094083e-05	0.4398947368
0.643	2.615757831e-05	0.4416842105
0.642	2.742326759e-05	0.444
0.641	2.868895686e-05	0.4457894737
0.64	3.016559435e-05	0.4472631579
0.639	3.164223183e-05	0.4497894737
0.638	3.290792111e-05	0.4523157895
0.637	3.354076574e-05	0.4546315789
0.636	3.45955068e-05	0.4567368421
0.635	3.586119608e-05	0.4589473684
0.634	3.881447105e-05	0.4606315789
0.633	3.923636747e-05	0.4616842105
0.632	4.071300496e-05	0.4644210526
0.631	4.197869423e-05	0.4666315789
0.63	4.408817635e-05	0.4701052632
0.629	4.49319692e-05	0.4726315789
0.628	4.577576205e-05	0.4745263158
0.627	4.683050311e-05	0.4767368421
0.626	4.83071406e-05	0.4788421053
0.625	4.957282987e-05	0.4807368421
0.624	5.147136378e-05	0.4831578947
0.623	5.315894948e-05	0.4852631579
0.622	5.52684316e-05	0.4874736842
0.621	5.69560173e-05	0.4894736842
0.62	5.822170657e-05	0.4911578947
0.619	5.969834406e-05	0.4942105263
0.618	6.180782618e-05	0.4958947368
0.617	6.286256724e-05	0.4985263158
0.616	6.518299757e-05	0.5008421053
0.615	6.72924797e-05	0.5027368421
0.614	6.961291003e-05	0.5057894737
0.613	7.108954752e-05	0.5071578947
0.612	7.277713321e-05	0.5088421053
0.611	7.467566712e-05	0.5114736842
0.61	7.805083852e-05	0.5134736842
0.609	8.248075098e-05	0.5156842105
0.608	8.480118131e-05	0.5172631579
0.607	8.754350807e-05	0.5187368421
0.606	9.007488662e-05	0.5207368421
0.605	9.260626516e-05	0.5227368421
0.604	9.513764371e-05	0.5244210526
0.603	9.766902226e-05	0.5266315789
0.602	0.0001006222972	0.5289473684
0.601	0.0001031536758	0.5310526316
0.6	0.0001069507436	0.5326315789
0.599	0.0001096930704	0.5337894737
0.598	0.0001139120346	0.5352631579
0.597	0.0001181309988	0.5373684211
0.596	0.0001208733256	0.5403157895
0.595	0.0001236156524	0.5423157895
0.594	0.0001269908238	0.5451578947
0.593	0.0001305769434	0.5463157895
0.592	0.0001347959076	0.5483157895
0.591	0.0001383820272	0.5502105263
0.59	0.000142179095	0.5517894737
0.589	0.0001466090075	0.554
0.588	0.0001514608164	0.5563157895
0.587	0.0001539921949	0.5587368421
0.586	0.0001569454699	0.5608421053
0.585	0.0001596877966	0.5627368421
0.584	0.0001641177091	0.5654736842
0.583	0.0001693914144	0.5668421053
0.582	0.0001727665858	0.5688421053
0.581	0.0001757198608	0.5703157895
0.58	0.0001807826179	0.5729473684
0.579	0.0001877439089	0.5747368421
0.578	0.0001932285624	0.5772631579
0.577	0.0001985022677	0.5788421053
0.576	0.0002025102837	0.58
0.575	0.0002075730408	0.5814736842
0.574	0.0002132686425	0.5830526316
0.573	0.0002179095032	0.5851578947
0.572	0.000224659846	0.5877894737
0.571	0.0002305663959	0.59
0.57	0.0002368948423	0.5922105263
0.569	0.000244488978	0.5938947368
0.568	0.0002503955279	0.5952631579
0.567	0.00025841156	0.5971578947
0.566	0.0002634743171	0.5988421053
0.565	0.0002727560384	0.6009473684
0.564	0.000279295433	0.6032631579
0.563	0.0002860457758	0.6046315789
0.562	0.0002934289632	0.6072631579
0.561	0.0003020778399	0.6087368421
0.56	0.0003084062863	0.6107368421
0.559	0.0003157894737	0.6122105263
0.558	0.0003235945575	0.6135789474
0.557	0.0003337200717	0.6147368421
0.556	0.0003421580002	0.6165263158
0.555	0.0003508068769	0.6188421053
0.554	0.0003590338572	0.6205263158
0.553	0.0003659951482	0.6224210526
0.552	0.0003735892838	0.6246315789
0.551	0.0003832929016	0.6271578947
0.55	0.0003923636747	0.6291578947
0.549	0.0004014344478	0.6309473684
0.548	0.000411559962	0.6328421053
0.547	0.0004233730619	0.6345263158
0.546	0.0004328657315	0.6358947368
0.545	0.0004427802974	0.6378947368
0.544	0.0004558590866	0.6392631579
0.543	0.0004651408079	0.6403157895
0.542	0.0004775867525	0.6422105263
0.541	0.000491087438	0.6435789474
0.54	0.0005031114861	0.6450526316
0.539	0.0005168231199	0.6464210526
0.538	0.0005301128573	0.6483157895
0.537	0.0005412931125	0.6494736842
0.536	0.0005543719017	0.6504210526
0.535	0.0005682944837	0.6523157895
0.534	0.0005798966354	0.654
0.533	0.0005912878388	0.6557894737
0.532	0.0006028899905	0.6585263158
0.531	0.0006159687797	0.6603157895
0.53	0.0006324227402	0.6621052632
0.529	0.0006511971311	0.6632631579
0.528	0.0006680729881	0.6651578947
0.527	0.0006857926379	0.6668421053
0.526	0.0007028794431	0.6685263158
0.525	0.0007180677144	0.6705263158
0.524	0.0007340997785	0.6713684211
0.523	0.0007509756355	0.6731578947
0.522	0.0007680624407	0.6743157895
0.521	0.0007853601941	0.6757894737
0.52	0.0007992827761	0.6776842105
0.519	0.0008182681152	0.6793684211
0.518	0.0008355658686	0.6805263158
0.517	0.000856871638	0.6824210526
0.516	0.00087670077	0.6834736842
0.515	0.0008956861091	0.6850526316
0.514	0.0009201561017	0.6864210526
0.513	0.0009376648033	0.6878947368
0.512	0.0009566501424	0.6892631579
0.511	0.0009787997047	0.6905263158
0.51	0.0009992616813	0.6923157895
0.509	0.001021411244	0.6933684211
0.508	0.001042717013	0.694
0.507	0.001066976057	0.6952631579
0.506	0.001089547516	0.6963157895
0.505	0.001115705094	0.6976842105
0.504	0.00113869845	0.6990526316
0.503	0.00116337939	0.6998947368
0.502	0.001185950849	0.7009473684
0.501	0.001210420842	0.7018947368
0.5	0.001231937559	0.7031578947
0.499	0.0012566185	0.7045263158
0.498	0.001285096509	0.7057894737
0.497	0.001305558485	0.7073684211
0.496	0.001329395633	0.7087368421
0.495	0.00135808459	0.7097894737
0.494	0.001390148718	0.7115789474
0.493	0.001421580002	0.7130526316
0.492	0.001451745596	0.7147368421
0.491	0.001478325071	0.7157894737
0.49	0.001506592132	0.7173684211
0.489	0.001539711001	0.7181052632
0.488	0.001571353233	0.7193684211
0.487	0.001604050206	0.7205263158
0.486	0.001638223816	0.7215789474
0.485	0.001673241219	0.7232631579
0.484	0.001709102415	0.7251578947
0.483	0.001741166544	0.7264210526
0.482	0.001775551102	0.7276842105
0.481	0.001814998418	0.7284210526
0.48	0.001851070562	0.7301052632
0.479	0.001891150722	0.7314736842
0.478	0.001929965194	0.7323157895
0.477	0.001972576732	0.7336842105
0.476	0.002006117498	0.7352631579
0.475	0.002051260416	0.7364210526
0.474	0.00209555954	0.7382105263
0.473	0.002137116338	0.7394736842
0.472	0.002182470204	0.7406315789
0.471	0.002225503639	0.742
0.47	0.002270857504	0.7428421053
0.469	0.002315578525	0.7442105263
0.468	0.002357768168	0.7455789474
0.467	0.002404176775	0.7468421053
0.466	0.002461132792	0.7475789474
0.465	0.002511338466	0.7487368421
0.464	0.002564286468	0.7495789474
0.463	0.002610273178	0.7510526316
0.462	0.002660478852	0.7521052632
0.461	0.002708785993	0.7532631579
0.46	0.002762999684	0.7546315789
0.459	0.002818479063	0.7555789474
0.458	0.002873536547	0.7568421053
0.457	0.002934922477	0.7576842105
0.456	0.002997152199	0.7590526316
0.455	0.003057061491	0.7597894737
0.454	0.003118447421	0.7615789474
0.453	0.003174348697	0.7630526316
0.452	0.003230249974	0.7644210526
0.451	0.003295222023	0.7648421053
0.45	0.003356186056	0.766
0.449	0.003421369054	0.7677894737
0.448	0.003485075414	0.7689473684
0.447	0.003554266428	0.7695789474
0.446	0.003625355975	0.7706315789
0.445	0.003690117076	0.7715789474
0.444	0.003752346799	0.7728421053
0.443	0.003824280139	0.7734736842
0.442	0.003898112014	0.7744210526
0.441	0.003974686215	0.7747368421
0.44	0.004045775762	0.7757894737
0.439	0.004124037549	0.7767368421
0.438	0.004206940196	0.7770526316
0.437	0.004278873537	0.7787368421
0.436	0.004354814893	0.7796842105
0.435	0.004440459867	0.7804210526
0.434	0.004524628204	0.782
0.433	0.004599936716	0.7833684211
0.432	0.004687691172	0.7847368421
0.431	0.004771437612	0.7856842105
0.43	0.004861512499	0.7865263158
0.429	0.00494863411	0.7873684211
0.428	0.005040607531	0.7883157895
0.427	0.005133846641	0.7893684211
0.426	0.005227507647	0.7903157895
0.425	0.005319902964	0.7913684211
0.424	0.005416939141	0.7925263158
0.423	0.005510811096	0.7935789474
0.422	0.005602151672	0.7942105263
0.421	0.005698555005	0.7949473684
0.42	0.005795802131	0.7958947368
0.419	0.005892205464	0.7969473684
0.418	0.005990718279	0.7981052632
0.417	0.006099356608	0.7988421053
0.416	0.006207994937	0.7994736842
0.415	0.006311359561	0.8007368421
0.414	0.006422529269	0.8012631579
0.413	0.006540027423	0.8025263158
0.412	0.006645501529	0.8032631579
0.411	0.006756882185	0.8045263158
0.41	0.006872270858	0.8051578947
0.409	0.006987026685	0.8064210526
0.408	0.007114439405	0.8071578947
0.407	0.007237211265	0.8078947368
0.406	0.007352599937	0.8087368421
0.405	0.007474317055	0.8096842105
0.404	0.007608058222	0.8104210526
0.403	0.00774158844	0.8112631579
0.402	0.007880392364	0.8121052632
0.401	0.008016875857	0.8127368421
0.4	0.008151882713	0.8134736842
0.399	0.008294272756	0.8141052632
0.398	0.008436029955	0.8148421053
0.397	0.008574833878	0.816
0.396	0.008715747284	0.8172631579
0.395	0.008860035861	0.818
0.394	0.008999894526	0.8187368421
0.393	0.00914924586	0.8189473684
0.392	0.00929796435	0.8201052632
0.391	0.009451956545	0.8207368421
0.39	0.009607636325	0.8211578947
0.389	0.009760573779	0.822
0.388	0.009923425799	0.8229473684
0.387	0.0100761523	0.8238947368
0.386	0.01023942622	0.8250526316
0.385	0.01039995781	0.8258947368
0.384	0.01056407552	0.8265263158
0.383	0.01072861512	0.8272631579
0.382	0.01089969413	0.8276842105
0.381	0.01107667968	0.8290526316
0.38	0.0112561966	0.8298947368
0.379	0.01142495517	0.8311578947
0.378	0.01160130788	0.8316842105
0.377	0.0117763949	0.8326315789
0.376	0.01196118553	0.8333684211
0.375	0.01215441409	0.8350526316
0.374	0.01234194705	0.8357894737
0.373	0.01252990191	0.8363157895
0.372	0.01272608375	0.8372631579
0.371	0.01291825757	0.838
0.37	0.01311865837	0.8383157895
0.369	0.01331758253	0.8391578947
0.368	0.01352895264	0.8396842105
0.367	0.01374918258	0.8401052632
0.366	0.01395190381	0.8403157895
0.365	0.01416643814	0.8410526316
0.364	0.01437316739	0.8416842105
0.363	0.01459339732	0.8421052632
0.362	0.01481594768	0.8427368421
0.361	0.01505031115	0.8431578947
0.36	0.01528256513	0.8436842105
0.359	0.01551123299	0.8442105263
0.358	0.01574264318	0.8449473684
0.357	0.01598481173	0.8456842105
0.356	0.01621558907	0.8462105263
0.355	0.01647948529	0.8466315789
0.354	0.01672945892	0.8476842105
0.353	0.01698723763	0.848
0.352	0.0172325704	0.8486315789
0.351	0.01749013817	0.8492631579
0.35	0.01774433077	0.8497894737
0.349	0.01800949267	0.8501052632
0.348	0.01827971733	0.8509473684
0.347	0.01856280983	0.8514736842
0.346	0.0188435819	0.8521052632
0.345	0.01912688535	0.8527368421
0.344	0.01941736104	0.8533684211
0.343	0.0196932813	0.8543157895
0.342	0.01998017087	0.8547368421
0.341	0.02026980276	0.8550526316
0.34	0.02056787259	0.8555789474
0.339	0.02086235629	0.8562105263
0.338	0.02115937137	0.8570526316
0.337	0.02145976163	0.8577894737
0.336	0.02177850438	0.8584210526
0.335	0.0221002004	0.8593684211
0.334	0.02242337306	0.8603157895
0.333	0.02275941356	0.8608421053
0.332	0.023091657	0.8612631579
0.331	0.02343297121	0.8616842105
0.33	0.02376858981	0.8622105263
0.329	0.02410188799	0.8629473684
0.328	0.02443581901	0.8632631579
0.327	0.02478620399	0.8638947368
0.326	0.02514333931	0.8638947368
0.325	0.02549477903	0.8645263158
0.324	0.02585655522	0.8649473684
0.323	0.02622212847	0.8652631579
0.322	0.02658875646	0.8662105263
0.321	0.02697373695	0.8672631579
0.32	0.02735555321	0.8675789474
0.319	0.02773821327	0.8684210526
0.318	0.02811433393	0.8689473684
0.317	0.02850648666	0.8693684211
0.316	0.02889821749	0.8696842105
0.315	0.02931484021	0.87
0.314	0.02972534543	0.8712631579
0.313	0.03012741272	0.8713684211
0.312	0.03054087122	0.8718947368
0.311	0.03096614281	0.8724210526
0.31	0.03138297648	0.8725263158
0.309	0.03181225609	0.8728421053
0.308	0.03225187217	0.8733684211
0.307	0.03268515979	0.8738947368
0.306	0.03313722181	0.8745263158
0.305	0.03358865099	0.8750526316
0.304	0.03404324438	0.8751578947
0.303	0.03452251872	0.8756842105
0.302	0.03498470625	0.8768421053
0.301	0.03544900327	0.8772631579
0.3	0.0359295433	0.8777894737
0.299	0.03640923953	0.8782105263
0.298	0.03686931758	0.8787368421
0.297	0.03736356924	0.8789473684
0.296	0.03785697711	0.8797894737
0.295	0.03834047041	0.8806315789
0.294	0.038855395	0.8809473684
0.293	0.03936736631	0.8814736842
0.292	0.03988018142	0.8818947368
0.291	0.0403955279	0.8827368421
0.29	0.04091572619	0.8829473684
0.289	0.04145512077	0.8835789474
0.288	0.04197046725	0.8842105263
0.287	0.0425193545	0.8851578947
0.286	0.04306718701	0.8855789474
0.285	0.04363358296	0.8865263158
0.284	0.04419829132	0.8867368421
0.283	0.04478915726	0.8871578947
0.282	0.04534901382	0.8874736842
0.281	0.04592405864	0.8875789474
0.28	0.04650543192	0.8878947368
0.279	0.04709925113	0.8884210526
0.278	0.04768463242	0.8890526316
0.277	0.04829047569	0.8894736842
0.276	0.04890243645	0.8896842105
0.275	0.04952283514	0.8908421053
0.274	0.05015082797	0.8914736842
0.273	0.05081088493	0.8923157895
0.272	0.05143634638	0.8928421053
0.271	0.05206201877	0.8929473684
0.27	0.05272650564	0.8930526316
0.269	0.05338930493	0.8933684211
0.268	0.05405969834	0.894
0.267	0.05473135745	0.8944210526
0.266	0.05539436768	0.8948421053
0.265	0.05605801076	0.8953684211
0.264	0.05674401434	0.8957894737
0.263	0.05744963611	0.8961052632
0.262	0.05814808564	0.8968421053
0.261	0.05886594241	0.8971578947
0.26	0.05958316633	0.8975789474
0.259	0.06030587491	0.8978947368
0.258	0.0610439827	0.8983157895
0.257	0.06178862989	0.8987368421
0.256	0.06254783251	0.8988421053
0.255	0.06330534754	0.8992631579
0.254	0.06406644869	0.8995789474
0.253	0.06481932286	0.9001052632
0.252	0.06559434659	0.9003157895
0.251	0.06636894842	0.9006315789
0.25	0.0671441831	0.9013684211
0.249	0.06794346588	0.9016842105
0.248	0.06875350701	0.9026315789
0.247	0.06957979116	0.9028421053
0.246	0.07038835566	0.9031578947
0.245	0.0712277186	0.9035789474
0.244	0.07202721232	0.9041052632
0.243	0.07288176353	0.9042105263
0.242	0.07372998629	0.9046315789
0.241	0.0746016243	0.9052631579
0.24	0.07545047991	0.9053684211
0.239	0.07634743171	0.9058947368
0.238	0.07724100833	0.9067368421
0.237	0.07814681996	0.9069473684
0.236	0.07904567029	0.9072631579
0.235	0.07995654467	0.9074736842
0.234	0.08087459129	0.9081052632
0.233	0.08183419471	0.9083157895
0.232	0.0827608902	0.9085263158
0.231	0.08370846957	0.9087368421
0.23	0.08467756566	0.9089473684
0.229	0.0856228246	0.9092631579
0.228	0.08657926379	0.9095789474
0.227	0.08753950005	0.9096842105
0.226	0.08851977639	0.91
0.225	0.08948887248	0.9102105263
0.224	0.0904957283	0.9107368421
0.223	0.09151439722	0.9108421053
0.222	0.09250838519	0.9109473684
0.221	0.09352494463	0.9117894737
0.22	0.0945604894	0.9122105263
0.219	0.09559286995	0.9129473684
0.218	0.09665752558	0.9132631579
0.217	0.09773357241	0.9141052632
0.216	0.09881193967	0.9144210526
0.215	0.09990676089	0.9147368421
0.214	0.10098998	0.9153684211
0.213	0.1020864888	0.9156842105
0.212	0.1031760363	0.9158947368
0.211	0.1042814049	0.9164210526
0.21	0.1054319165	0.9166315789
0.209	0.1065697711	0.9170526316
0.208	0.1076827339	0.9174736842
0.207	0.10884316	0.9177894737
0.206	0.109983757	0.9181052632
0.205	0.1111262525	0.9185263158
0.204	0.1123084063	0.9189473684
0.203	0.1134966776	0.9193684211
0.202	0.1147315684	0.9202105263
0.201	0.1159149879	0.9203157895
0.2	0.1171534648	0.9206315789
0.199	0.1183915199	0.9207368421
0.198	0.1196283093	0.9208421053
0.197	0.1208804978	0.9209473684
0.196	0.1221455543	0.9212631579
0.195	0.1234085012	0.9214736842
0.194	0.1246794642	0.9216842105
0.193	0.1259930387	0.9216842105
0.192	0.1272625251	0.9218947368
0.191	0.1285963506	0.922
0.19	0.1299073937	0.9223157895
0.189	0.1312247653	0.9225263158
0.188	0.1325613332	0.9228421053
0.187	0.1339280667	0.9233684211
0.186	0.1353009176	0.9234736842
0.185	0.1366549942	0.9237894737
0.184	0.138016243	0.9238947368
0.183	0.139401329	0.9241052632
0.182	0.1407718595	0.9244210526
0.181	0.1421666491	0.9246315789
0.18	0.1435829554	0.9248421053
0.179	0.1450292163	0.9252631579
0.178	0.1464746335	0.9256842105
0.177	0.1479295433	0.9261052632
0.176	0.1493798123	0.9265263158
0.175	0.1508397848	0.9269473684
0.174	0.1523649404	0.9272631579
0.173	0.1538592975	0.9278947368
0.172	0.1553760152	0.9285263158
0.171	0.1568515979	0.9292631579
0.17	0.1583632528	0.9295789474
0.169	0.1598749077	0.9297894737
0.168	0.1614342369	0.93
0.167	0.1629716275	0.9304210526
0.166	0.1645130261	0.9307368421
0.165	0.1660658158	0.9307368421
0.164	0.1676540449	0.9312631579
0.163	0.1692253982	0.9316842105
0.162	0.1708336673	0.9322105263
0.161	0.1724269592	0.9327368421
0.16	0.1740223605	0.9328421053
0.159	0.1756422318	0.9330526316
0.158	0.1773108322	0.9334736842
0.157	0.1789617129	0.9337894737
0.156	0.1806263052	0.9341052632
0.155	0.1822968041	0.9347368421
0.154	0.1840097036	0.9351578947
0.153	0.1857164856	0.9355789474
0.152	0.1873987976	0.9358947368
0.151	0.189112119	0.9362105263
0.15	0.1908243856	0.9362105263
0.149	0.1925666069	0.9369473684
0.148	0.1942598882	0.9373684211
0.147	0.1960048518	0.9375789474
0.146	0.1977932708	0.9381052632
0.145	0.1995726189	0.9382105263
0.144	0.2013625145	0.9386315789
0.143	0.203136589	0.9387368421
0.142	0.2049420947	0.9390526316
0.141	0.2067121612	0.9391578947
0.14	0.2085242063	0.9392631579
0.139	0.2103345639	0.9396842105
0.138	0.2121658053	0.9402105263
0.137	0.2140272123	0.9404210526
0.136	0.2158974792	0.9407368421
0.135	0.2177582533	0.9410526316
0.134	0.2196274655	0.9411578947
0.133	0.2214865521	0.9416842105
0.132	0.2233730619	0.9417894737
0.131	0.2252775024	0.9421052632
0.13	0.2272043033	0.9423157895
0.129	0.2291144394	0.9425263158
0.128	0.2310585381	0.9427368421
0.127	0.2329920894	0.9430526316
0.126	0.23494104	0.9435789474
0.125	0.2369060226	0.9438947368
0.124	0.2389047569	0.9441052632
0.123	0.2408864044	0.9445263158
0.122	0.2428507541	0.9447368421
0.121	0.2448524417	0.9450526316
0.12	0.2468444257	0.9452631579
0.119	0.2488532855	0.9455789474
0.118	0.2508821854	0.9457894737
0.117	0.2529292269	0.9458947368
0.116	0.2549712056	0.946
0.115	0.2570268959	0.9467368421
0.114	0.2591144394	0.9470526316
0.113	0.26120578	0.9471578947
0.112	0.263246282	0.9472631579
0.111	0.2653243329	0.9475789474
0.11	0.2674047041	0.9481052632
0.109	0.2695000527	0.9485263158
0.108	0.2716354815	0.9487368421
0.107	0.2737812467	0.9491578947
0.106	0.2759101361	0.9493684211
0.105	0.2780255247	0.9497894737
0.104	0.2801807826	0.9503157895
0.103	0.2823459551	0.9505263158
0.102	0.284496994	0.9506315789
0.101	0.2866999262	0.9511578947
0.1	0.2888739584	0.9512631579
0.099	0.2910619133	0.9513684211
0.098	0.2932635798	0.9515789474
0.097	0.2954715747	0.9516842105
0.096	0.2976998207	0.952
0.095	0.2999299652	0.9521052632
0.094	0.3021729775	0.9527368421
0.093	0.3043929965	0.9528421053
0.092	0.3066376964	0.9531578947
0.091	0.3089294378	0.9532631579
0.09	0.311218015	0.9535789474
0.089	0.3134914039	0.9536842105
0.088	0.3157728088	0.9537894737
0.087	0.3180525261	0.954
0.086	0.3203967936	0.9542105263
0.085	0.3227216538	0.9544210526
0.084	0.3250273178	0.9546315789
0.083	0.3273530218	0.9549473684
0.082	0.3296892733	0.9554736842
0.081	0.3319993672	0.9558947368
0.08	0.3343354077	0.9563157895
0.079	0.336713005	0.9565263158
0.078	0.339083641	0.9570526316
0.077	0.3414591288	0.9576842105
0.076	0.3438455859	0.9578947368
0.075	0.3462491298	0.9583157895
0.074	0.3486347432	0.9586315789
0.073	0.3510266849	0.9590526316
0.072	0.3534399325	0.9595789474
0.071	0.3558350385	0.9601052632
0.07	0.358211792	0.9603157895
0.069	0.3605969834	0.9604210526
0.068	0.3630355448	0.9605263158
0.067	0.3654878177	0.9607368421
0.066	0.367930809	0.9608421053
0.065	0.3703697922	0.9610526316
0.064	0.3728378863	0.9613684211
0.063	0.3753355131	0.9614736842
0.062	0.3777609957	0.962
0.061	0.380212003	0.9622105263
0.06	0.3826969729	0.9623157895
0.059	0.3852192807	0.9625263158
0.058	0.3876991878	0.9625263158
0.057	0.3901542031	0.9629473684
0.056	0.3926440249	0.9632631579
0.055	0.3951397532	0.9632631579
0.054	0.3976040502	0.9633684211
0.053	0.4001358506	0.9638947368
0.052	0.4026429702	0.9645263158
0.051	0.405156629	0.9646315789
0.05	0.4076968674	0.9647368421
0.049	0.4102501846	0.9649473684
0.048	0.4127918996	0.9649473684
0.047	0.4153038709	0.9650526316
0.046	0.4178272334	0.9651578947
0.045	0.4203946841	0.9656842105
0.044	0.4229108744	0.9661052632
0.043	0.4254342369	0.9663157895
0.042	0.4280109693	0.9664210526
0.041	0.4305372851	0.9669473684
0.04	0.4331367999	0.9673684211
0.039	0.4356542559	0.9674736842
0.038	0.4382368948	0.9675789474
0.037	0.4408353549	0.9676842105
0.036	0.4433783356	0.9676842105
0.035	0.4459508491	0.9678947368
0.034	0.4485482544	0.968
0.033	0.4511509334	0.9682105263
0.032	0.453722814	0.9683157895
0.031	0.4562980698	0.9687368421
0.03	0.4588794431	0.9692631579
0.029	0.4614935133	0.9695789474
0.028	0.464060964	0.9696842105
0.027	0.4666465563	0.9701052632
0.026	0.4692542981	0.9703157895
0.025	0.4718639384	0.9706315789
0.024	0.4744923531	0.9711578947
0.023	0.4771022044	0.9714736842
0.022	0.47971079	0.9715789474
0.021	0.4823210632	0.9715789474
0.02	0.484932602	0.9716842105
0.019	0.4875608058	0.9717894737
0.018	0.49014682	0.9721052632
0.017	0.4927606793	0.9723157895
0.016	0.4953855079	0.9726315789
0.015	0.4980059065	0.9729473684
0.014	0.5005917097	0.9732631579
0.013	0.5032281405	0.9737894737
0.012	0.5058668917	0.974
0.011	0.5084944626	0.974
0.01	0.5110745702	0.9743157895
0.009	0.5137301972	0.9745263158
0.008	0.5163242274	0.9749473684
0.007	0.5189861829	0.9751578947
0.006	0.5215867525	0.9756842105
0.005	0.5241909081	0.9758947368
0.004	0.5268098302	0.976
0.003	0.5294578631	0.976
0.002	0.5320866997	0.976
0.001	0.534692543	0.9761052632
0	0.5372798228	0.9761052632
-0.001	0.5399139331	0.9762105263
-0.002	0.5425216749	0.9763157895
-0.003	0.5450975635	0.9764210526
-0.004	0.5477164856	0.9767368421
-0.005	0.5503364624	0.9768421053
-0.006	0.5529355553	0.9770526316
-0.007	0.5555348592	0.9772631579
-0.008	0.55816686	0.9773684211
-0.009	0.5608007594	0.9774736842
-0.01	0.5633601941	0.9775789474
-0.011	0.5659453644	0.9778947368
-0.012	0.5685425588	0.9778947368
-0.013	0.5711766691	0.9782105263
-0.014	0.5737512921	0.9783157895
-0.015	0.5763550258	0.9785263158
-0.016	0.5789802763	0.9786315789
-0.017	0.5815620715	0.9790526316
-0.018	0.584150617	0.9792631579
-0.019	0.5866984495	0.9793684211
-0.02	0.5893051366	0.9795789474
-0.021	0.5918968463	0.9797894737
-0.022	0.5944596562	0.98
-0.023	0.5970058011	0.98
-0.024	0.5995523679	0.98
-0.025	0.6021208733	0.9801052632
-0.026	0.6046952853	0.9805263158
-0.027	0.6071886932	0.9807368421
-0.028	0.6097612066	0.9808421053
-0.029	0.612301234	0.9810526316
-0.03	0.614875857	0.9812631579
-0.031	0.6174150406	0.9814736842
-0.032	0.6199301761	0.9816842105
-0.033	0.622448265	0.9818947368
-0.034	0.6249766902	0.982
-0.035	0.6274958338	0.982
-0.036	0.6300048518	0.9822105263
-0.037	0.6325488872	0.9823157895
-0.038	0.6350612805	0.9825263158
-0.039	0.6375319059	0.9826315789
-0.04	0.64004894	0.9828421053
-0.041	0.6425353866	0.9830526316
-0.042	0.6450011602	0.9831578947
-0.043	0.6474850754	0.9836842105
-0.044	0.6499253243	0.9837894737
-0.045	0.6523904651	0.984
-0.046	0.6548722709	0.9842105263
-0.047	0.6573125198	0.9842105263
-0.048	0.6597426432	0.9845263158
-0.049	0.6621771965	0.9847368421
-0.05	0.6646155469	0.9848421053
-0.051	0.6670482017	0.9849473684
-0.052	0.6694903491	0.9849473684
-0.053	0.6719240586	0.9850526316
-0.054	0.6743248602	0.9850526316
-0.055	0.6767410611	0.9850526316
-0.056	0.6791266744	0.9850526316
-0.057	0.6815068031	0.9851578947
-0.058	0.6838812362	0.9852631579
-0.059	0.6862423795	0.9852631579
-0.06	0.688578209	0.9853684211
-0.061	0.6908914671	0.9855789474
-0.062	0.6932403755	0.9856842105
-0.063	0.6955753612	0.9857894737
-0.064	0.6979561228	0.9857894737
-0.065	0.7002856239	0.986
-0.066	0.7026229301	0.9861052632
-0.067	0.7049469465	0.9863157895
-0.068	0.7072891045	0.9865263158
-0.069	0.7095726189	0.9866315789
-0.07	0.7118637275	0.9866315789
-0.071	0.714179306	0.9866315789
-0.072	0.7164944626	0.9869473684
-0.073	0.7187551946	0.9870526316
-0.074	0.7210034806	0.9871578947
-0.075	0.7232625251	0.9874736842
-0.076	0.7254768484	0.9877894737
-0.077	0.7277160637	0.9877894737
-0.078	0.7299464192	0.9877894737
-0.079	0.7321928067	0.988
-0.08	0.7344157789	0.9881052632
-0.081	0.7366282038	0.9883157895
-0.082	0.7388606687	0.9883157895
-0.083	0.7410159266	0.9885263158
-0.084	0.7432085223	0.9887368421
-0.085	0.7453460605	0.9887368421
-0.086	0.7475008965	0.9888421053
-0.087	0.7496890623	0.9890526316
-0.088	0.7518401013	0.9890526316
-0.089	0.7539805928	0.9892631579
-0.09	0.7561784622	0.9893684211
-0.091	0.7582600991	0.9894736842
-0.092	0.7603835038	0.9895789474
-0.093	0.7624554372	0.9897894737
-0.094	0.7645663959	0.9901052632
-0.095	0.7666045776	0.9902105263
-0.096	0.7686581584	0.9902105263
-0.097	0.7707294589	0.9903157895
-0.098	0.7727676405	0.9904210526
-0.099	0.7748395739	0.9904210526
-0.1	0.7768790212	0.9907368421
-0.101	0.7789363991	0.9908421053
-0.102	0.780928594	0.9908421053
-0.103	0.7829260627	0.9912631579
-0.104	0.7849197342	0.9913684211
-0.105	0.7869153043	0.9914736842
-0.106	0.7889102415	0.9917894737
-0.107	0.7908678409	0.9917894737
-0.108	0.7927847273	0.9918947368
-0.109	0.7947476005	0.9918947368
-0.11	0.7966735576	0.9922105263
-0.111	0.7986003586	0.9923157895
-0.112	0.8005324333	0.9925263158
-0.113	0.8024322329	0.9927368421
-0.114	0.8043197975	0.9927368421
-0.115	0.8061812045	0.9928421053
-0.116	0.8080499947	0.9928421053
-0.117	0.8098721654	0.9929473684
-0.118	0.8117086805	0.9929473684
-0.119	0.8135093345	0.9929473684
-0.12	0.8153445839	0.9929473684
-0.121	0.8171606371	0.9929473684
-0.122	0.8189646662	0.9929473684
-0.123	0.8207419049	0.9930526316
-0.124	0.8224569138	0.9932631579
-0.125	0.8242185423	0.9933684211
-0.126	0.8259637169	0.9934736842
-0.127	0.8277082586	0.9936842105
-0.128	0.8294112435	0.9937894737
-0.129	0.8311163379	0.9938947368
-0.13	0.8328218542	0.9938947368
-0.131	0.8345085961	0.994
-0.132	0.8362022993	0.994
-0.133	0.8378671026	0.994
-0.134	0.8395169286	0.9942105263
-0.135	0.8411606371	0.9942105263
-0.136	0.8428062441	0.9944210526
-0.137	0.8444442569	0.9944210526
-0.138	0.8460797384	0.9945263158
-0.139	0.8476998207	0.9945263158
-0.14	0.8493061913	0.9946315789
-0.141	0.8509235313	0.9946315789
-0.142	0.8525151355	0.9946315789
-0.143	0.8540953486	0.9948421053
-0.144	0.8556542559	0.9949473684
-0.145	0.8572011391	0.9950526316
-0.146	0.8587345217	0.9950526316
-0.147	0.8602801392	0.9952631579
-0.148	0.8617917941	0.9953684211
-0.149	0.8632840418	0.9955789474
-0.15	0.8647554055	0.9955789474
-0.151	0.8662204409	0.9955789474
-0.152	0.8677139542	0.9955789474
-0.153	0.8691427065	0.9955789474
-0.154	0.8706058433	0.9955789474
-0.155	0.8719913511	0.9955789474
-0.156	0.8733992195	0.9955789474
-0.157	0.8747946419	0.9955789474
-0.158	0.8761742432	0.9955789474
-0.159	0.8775633372	0.9955789474
-0.16	0.8789235313	0.9956842105
-0.161	0.8803027107	0.9957894737
-0.162	0.8816508807	0.9957894737
-0.163	0.8830064339	0.9957894737
-0.164	0.8843442675	0.9957894737
-0.165	0.885682101	0.9958947368
-0.166	0.8870045354	0.9958947368
-0.167	0.8883330872	0.9958947368
-0.168	0.8896667018	0.996
-0.169	0.8909866048	0.9961052632
-0.17	0.8922472313	0.9962105263
-0.171	0.8935464613	0.9962105263
-0.172	0.894786204	0.9962105263
-0.173	0.896012024	0.9962105263
-0.174	0.8972758148	0.9963157895
-0.175	0.8985020567	0.9963157895
-0.176	0.899698766	0.9964210526
-0.177	0.9009174138	0.9964210526
-0.178	0.9021090602	0.9965263158
-0.179	0.9033167387	0.9965263158
-0.18	0.9045130261	0.9965263158
-0.181	0.9056745069	0.9965263158
-0.182	0.9068296593	0.9967368421
-0.183	0.9079862884	0.9968421053
-0.184	0.9091311043	0.9968421053
-0.185	0.9102582006	0.9968421053
-0.186	0.9113496467	0.9969473684
-0.187	0.9124476321	0.9969473684
-0.188	0.913572408	0.9970526316
-0.189	0.9146689168	0.9970526316
-0.19	0.9157367366	0.9971578947
-0.191	0.9167975952	0.9972631579
-0.192	0.9178567662	0.9972631579
-0.193	0.9189256408	0.9972631579
-0.194	0.9199403017	0.9972631579
-0.195	0.9209920894	0.9972631579
-0.196	0.9220272123	0.9972631579
-0.197	0.9230412404	0.9972631579
-0.198	0.9240702458	0.9973684211
-0.199	0.9250646556	0.9973684211
-0.2	0.9260021095	0.9973684211
-0.201	0.9269785888	0.9975789474
-0.202	0.9279295433	0.9975789474
-0.203	0.9288640439	0.9975789474
-0.204	0.9298095138	0.9975789474
-0.205	0.9307720705	0.9975789474
-0.206	0.9317000316	0.9976842105
-0.207	0.9326182892	0.9976842105
-0.208	0.9335080688	0.9976842105
-0.209	0.9344039658	0.9977894737
-0.21	0.9352844637	0.9977894737
-0.211	0.9361759308	0.9977894737
-0.212	0.9370074887	0.9977894737
-0.213	0.9379038076	0.9978947368
-0.214	0.9387663749	0.9978947368
-0.215	0.9396312625	0.9978947368
-0.216	0.9404813838	0.9978947368
-0.217	0.9412977534	0.9978947368
-0.218	0.9421143339	0.9978947368
-0.219	0.9429433604	0.9981052632
-0.22	0.9437365257	0.9981052632
-0.221	0.9445313785	0.9981052632
-0.222	0.9453133636	0.9982105263
-0.223	0.9460681363	0.9982105263
-0.224	0.9468404177	0.9982105263
-0.225	0.9475783145	0.9982105263
-0.226	0.9483611433	0.9983157895
-0.227	0.9490969307	0.9984210526
-0.228	0.9498225926	0.9984210526
-0.229	0.9505307457	0.9984210526
-0.23	0.951238266	0.9984210526
-0.231	0.9519434659	0.9984210526
-0.232	0.9526254614	0.9984210526
-0.233	0.953307668	0.9984210526
-0.234	0.9540088598	0.9984210526
-0.235	0.9546763	0.9984210526
-0.236	0.9553593503	0.9985263158
-0.237	0.9560227824	0.9985263158
-0.238	0.9566708153	0.9985263158
-0.239	0.9573291847	0.9986315789
-0.24	0.9579909292	0.9986315789
-0.241	0.9586085856	0.9986315789
-0.242	0.9592209683	0.9987368421
-0.243	0.9598196393	0.9987368421
-0.244	0.9604280139	0.9987368421
-0.245	0.9610317477	0.9987368421
-0.246	0.9616217699	0.9987368421
-0.247	0.9622259255	0.9987368421
-0.248	0.9627961186	0.9987368421
-0.249	0.9633540766	0.9988421053
-0.25	0.9639211054	0.9988421053
-0.251	0.9644746335	0.9988421053
-0.252	0.965006012	0.9988421053
-0.253	0.9655633372	0.9989473684
-0.254	0.9660926063	0.9989473684
-0.255	0.9666376964	0.9989473684
-0.256	0.9671625356	0.9989473684
-0.257	0.9676795697	0.9991578947
-0.258	0.9681812045	0.9991578947
-0.259	0.968688324	0.9991578947
-0.26	0.9691768801	0.9991578947
-0.261	0.9696825229	0.9991578947
-0.262	0.9701613754	0.9991578947
-0.263	0.9706509862	0.9991578947
-0.264	0.9711146504	0.9991578947
-0.265	0.9715787364	0.9991578947
-0.266	0.9720322751	0.9991578947
-0.267	0.9724881342	0.9991578947
-0.268	0.972924586	0.9991578947
-0.269	0.9733730619	0.9992631579
-0.27	0.9738128889	0.9992631579
-0.271	0.9742544035	0.9992631579
-0.272	0.9746872693	0.9992631579
-0.273	0.9751165489	0.9992631579
-0.274	0.9755340154	0.9992631579
-0.275	0.9759554899	0.9992631579
-0.276	0.9763615652	0.9992631579
-0.277	0.9767499209	0.9992631579
-0.278	0.9771416517	0.9992631579
-0.279	0.9775255775	0.9992631579
-0.28	0.9779057061	0.9993684211
-0.281	0.9782725451	0.9994736842
-0.282	0.9786425483	0.9994736842
-0.283	0.9790186689	0.9994736842
-0.284	0.9793717962	0.9994736842
-0.285	0.9797162747	0.9994736842
-0.286	0.9800708786	0.9994736842
-0.287	0.9804136694	0.9994736842
-0.288	0.9807440143	0.9994736842
-0.289	0.9810682417	0.9994736842
-0.29	0.9813956334	0.9994736842
-0.291	0.9817455965	0.9994736842
-0.292	0.9820719333	0.9994736842
-0.293	0.9823955279	0.9994736842
-0.294	0.9827051999	0.9995789474
-0.295	0.9830089653	0.9995789474
-0.296	0.9833177935	0.9995789474
-0.297	0.9836314735	0.9995789474
-0.298	0.9839189959	0.9995789474
-0.299	0.9842248708	0.9995789474
-0.3	0.9845166122	0.9995789474
-0.301	0.9848028689	0.9995789474
-0.302	0.985083641	0.9995789474
-0.303	0.9853585065	0.9997894737
-0.304	0.9856221918	0.9997894737
-0.305	0.9858943149	0.9997894737
-0.306	0.9861504061	0.9997894737
-0.307	0.9864010126	0.9997894737
-0.308	0.9866571037	0.9997894737
-0.309	0.9869093977	0.9997894737
-0.31	0.9871441831	0.9997894737
-0.311	0.9873880392	0.9997894737
-0.312	0.9876243012	0.9997894737
-0.313	0.987853391	0.9997894737
-0.314	0.9880926063	0.9997894737
-0.315	0.9883162114	0.9997894737
-0.316	0.9885332771	0.9997894737
-0.317	0.98874528	0.9997894737
-0.318	0.9889545407	0.9997894737
-0.319	0.9891587385	0.9997894737
-0.32	0.9893614598	0.9997894737
-0.321	0.9895608058	0.9997894737
-0.322	0.9897582533	0.9997894737
-0.323	0.9899538023	0.9997894737
-0.324	0.990150828	0.9997894737
-0.325	0.9903345639	0.9997894737
-0.326	0.9905292691	0.9997894737
-0.327	0.9907108955	0.9997894737
-0.328	0.9908965299	0.9997894737
-0.329	0.9910716169	0.9997894737
-0.33	0.9912467039	0.9997894737
-0.331	0.9914148297	0.9997894737
-0.332	0.9915863306	0.9997894737
-0.333	0.9917660584	0.9997894737
-0.334	0.991930809	0.9997894737
-0.335	0.9920923953	0.9997894737
-0.336	0.9922419576	0.9997894737
-0.337	0.9924067082	0.9997894737
-0.338	0.9925628098	0.9997894737
-0.339	0.9927121612	0.9997894737
-0.34	0.9928606687	0.9997894737
-0.341	0.9930117076	0.9997894737
-0.342	0.9931503006	0.9997894737
-0.343	0.9933051366	0.9997894737
-0.344	0.9934576521	0.9997894737
-0.345	0.9935985656	0.9997894737
-0.346	0.9937291425	0.9997894737
-0.347	0.9938536019	0.9997894737
-0.348	0.9939846008	0.9998947368
-0.349	0.9941126463	0.9998947368
-0.35	0.9942387934	0.9998947368
-0.351	0.994358612	0.9998947368
-0.352	0.9944716802	0.9998947368
-0.353	0.9945862251	0.9998947368
-0.354	0.9947102626	0.9998947368
-0.355	0.9948214323	0.9998947368
-0.356	0.9949275393	0.9998947368
-0.357	0.9950389199	0.9998947368
-0.358	0.9951416517	0.9998947368
-0.359	0.9952450163	0.9998947368
-0.36	0.9953536547	0.9998947368
-0.361	0.9954477376	0.9998947368
-0.362	0.9955466723	0.9998947368
-0.363	0.9956510917	0.9998947368
-0.364	0.9957403228	0.9998947368
-0.365	0.9958316633	0.9998947368
-0.366	0.9959259572	0.9998947368
-0.367	0.9960092817	0.9998947368
-0.368	0.9961002004	0.9998947368
-0.369	0.9961864782	0.9998947368
-0.37	0.9962670604	0.9998947368
-0.371	0.9963537602	0.9998947368
-0.372	0.9964370847	0.9998947368
-0.373	0.9965185107	0.9998947368
-0.374	0.9965984601	0.9998947368
-0.375	0.9966788313	0.9998947368
-0.376	0.996749288	0.9998947368
-0.377	0.9968286046	0.9998947368
-0.378	0.9969045459	0.9998947368
-0.379	0.9969733151	0.9998947368
-0.38	0.9970393418	0.9998947368
-0.381	0.9971015716	0.9998947368
-0.382	0.9971678093	0.9998947368
-0.383	0.9972232887	0.9998947368
-0.384	0.9972899483	0.9998947368
-0.385	0.9973534437	0.9998947368
-0.386	0.9974125092	0.9998947368
-0.387	0.9974732623	0.9998947368
-0.388	0.9975325388	0.9998947368
-0.389	0.9975892838	0.9998947368
-0.39	0.9976485603	0.9998947368
-0.391	0.997698555	0.9998947368
-0.392	0.9977523468	0.9998947368
-0.393	0.9978008649	0.9998947368
-0.394	0.9978565552	0.9998947368
-0.395	0.9979126674	0.9998947368
-0.396	0.9979624512	0.9998947368
-0.397	0.9980105474	0.9998947368
-0.398	0.9980580108	0.9998947368
-0.399	0.9981096931	0.9998947368
-0.4	0.9981584221	1
-0.401	0.9982056745	1
-0.402	0.9982548254	1
-0.403	0.9983003903	1
-0.404	0.9983419471	1
-0.405	0.9983849805	1
-0.406	0.9984242169	1
-0.407	0.9984617656	1
-0.408	0.9984963611	1
-0.409	0.9985332771	1
-0.41	0.9985695602	1
-0.411	0.99860289	1
-0.412	0.9986383293	1
-0.413	0.9986712372	1
-0.414	0.9987018247	1
-0.415	0.9987347326	1
-0.416	0.9987629997	1
-0.417	0.9987969623	1
-0.418	0.9988283936	1
-0.419	0.9988638329	1
-0.42	0.9988929438	1
-0.421	0.9989207889	1
-0.422	0.9989501107	1
-0.423	0.9989758464	1
-0.424	0.9990024259	1
-0.425	0.9990285835	1
-0.426	0.9990492564	1
-0.427	0.9990726717	1
-0.428	0.9990990402	1
-0.429	0.9991258306	1
-0.43	0.9991456597	1
-0.431	0.9991699188	1
-0.432	0.999189537	1
-0.433	0.9992110537	1
-0.434	0.9992304609	1
-0.435	0.9992521886	1
-0.436	0.9992677988	1
-0.437	0.9992876279	1
-0.438	0.9993083008	1
-0.439	0.9993272862	1
-0.44	0.999344162	1
-0.441	0.9993629364	1
-0.442	0.999380867	1
-0.443	0.9993979538	1
-0.444	0.9994112435	1
-0.445	0.9994270647	1
-0.446	0.999441831	1
-0.447	0.9994528003	1
-0.448	0.9994698871	1
-0.449	0.9994861302	1
-0.45	0.9994992089	1
-0.451	0.9995131315	1
-0.452	0.9995257884	1
-0.453	0.9995405548	1
-0.454	0.9995551102	1
-0.455	0.9995673452	1
-0.456	0.9995791583	1
-0.457	0.9995920262	1
-0.458	0.9996015188	1
-0.459	0.99961291	1
-0.46	0.9996238793	1
-0.461	0.9996344267	1
-0.462	0.9996432866	1
-0.463	0.9996519354	1
-0.464	0.9996624829	1
-0.465	0.9996726084	1
-0.466	0.9996854762	1
-0.467	0.9996926485	1
-0.468	0.9997015083	1
-0.469	0.9997099462	1
-0.47	0.999718806	1
-0.471	0.9997282987	1
-0.472	0.9997363147	1
-0.473	0.9997430651	1
-0.474	0.9997531906	1
-0.475	0.9997618395	1
-0.476	0.9997692227	1
-0.477	0.9997776606	1
-0.478	0.9997848328	1
-0.479	0.9997913722	1
-0.48	0.9997979116	1
-0.481	0.9998025525	1
-0.482	0.999808459	1
-0.483	0.9998122561	1
-0.484	0.9998185845	1
-0.485	0.9998228035	1
-0.486	0.9998278663	1
-0.487	0.9998335619	1
-0.488	0.9998386246	1
-0.489	0.9998438983	1
-0.49	0.9998466406	1
-0.491	0.9998506487	1
-0.492	0.9998550786	1
-0.493	0.9998595085	1
-0.494	0.9998618289	1
-0.495	0.9998652041	1
-0.496	0.9998692121	1
-0.497	0.9998749077	1
-0.498	0.9998789157	1
-0.499	0.9998814471	1
-0.5	0.9998862989	1
-0.501	0.9998879865	1
-0.502	0.9998926274	1
-0.503	0.9998962135	1
-0.504	0.9998995887	1
-0.505	0.9999029638	1
-0.506	0.9999050733	1
-0.507	0.9999080266	1
-0.508	0.9999116127	1
-0.509	0.9999141441	1
-0.51	0.9999160426	1
-0.511	0.9999187849	1
-0.512	0.9999206835	1
-0.513	0.9999234258	1
-0.514	0.9999257462	1
-0.515	0.9999291214	1
-0.516	0.9999310199	1
-0.517	0.9999335513	1
-0.518	0.9999352389	1
-0.519	0.9999375593	1
-0.52	0.9999392469	1
-0.521	0.9999419892	1
-0.522	0.9999445206	1
-0.523	0.9999453644	1
-0.524	0.999947052	1
-0.525	0.9999483177	1
-0.526	0.9999497943	1
-0.527	0.9999506381	1
-0.528	0.9999519038	1
-0.529	0.9999529585	1
-0.53	0.9999546461	1
-0.531	0.9999563337	1
-0.532	0.9999573885	1
-0.533	0.999959076	1
-0.534	0.9999601308	1
-0.535	0.9999609746	1
-0.536	0.9999620293	1
-0.537	0.9999637169	1
-0.538	0.9999647716	1
-0.539	0.9999654045	1
-0.54	0.9999666702	1
-0.541	0.9999679359	1
-0.542	0.9999687797	1
-0.543	0.9999696235	1
-0.544	0.9999706782	1
-0.545	0.9999717329	1
-0.546	0.9999721548	1
-0.547	0.9999723658	1
-0.548	0.9999732096	1
-0.549	0.9999740534	1
-0.55	0.9999751081	1
-0.551	0.999975741	1
-0.552	0.9999763738	1
-0.553	0.9999774285	1
-0.554	0.9999780614	1
-0.555	0.9999782723	1
-0.556	0.9999789052	1
-0.557	0.9999799599	1
-0.558	0.9999808037	1
-0.559	0.9999814366	1
-0.56	0.9999820694	1
-0.561	0.9999827022	1
-0.562	0.9999831241	1
-0.563	0.9999831241	1
-0.564	0.999983757	1
-0.565	0.9999843898	1
-0.566	0.9999848117	1
-0.567	0.9999856555	1
-0.568	0.9999869212	1
-0.569	0.9999871322	1
-0.57	0.9999881869	1
-0.571	0.9999883978	1
-0.572	0.9999886088	1
-0.573	0.9999888197	1
-0.574	0.9999894526	1
-0.575	0.9999898745	1
-0.576	0.9999900854	1
-0.577	0.9999905073	1
-0.578	0.9999909292	1
-0.579	0.9999911402	1
-0.58	0.9999915621	1
-0.581	0.9999921949	1
-0.582	0.9999926168	1
-0.583	0.9999926168	1
-0.584	0.9999926168	1
-0.585	0.9999928278	1
-0.586	0.9999928278	1
-0.587	0.9999932497	1
-0.588	0.9999934606	1
-0.589	0.9999934606	1
-0.59	0.9999936716	1
-0.591	0.9999936716	1
-0.592	0.9999945153	1
-0.593	0.9999947263	1
-0.594	0.9999949372	1
-0.595	0.9999953591	1
-0.596	0.999995992	1
-0.597	0.999995992	1
-0.598	0.999995992	1
-0.599	0.999995992	1
-0.6	0.9999962029	1
-0.601	0.9999962029	1
-0.602	0.9999966248	1
-0.603	0.9999968358	1
-0.604	0.9999968358	1
-0.605	0.9999970467	1
-0.606	0.9999970467	1
-0.607	0.9999972577	1
-0.608	0.9999974686	1
-0.609	0.9999974686	1
-0.61	0.9999974686	1
-0.611	0.9999974686	1
-0.612	0.9999978905	1
-0.613	0.9999978905	1
-0.614	0.9999985234	1
-0.615	0.9999987343	1
-0.616	0.9999987343	1
-0.617	0.9999987343	1
-0.618	0.9999991562	1
-0.619	0.9999991562	1
-0.62	0.9999991562	1
-0.621	0.9999991562	1
-0.622	0.9999991562	1
-0.623	0.9999991562	1
-0.624	0.9999991562	1
-0.625	0.9999991562	1
-0.626	0.9999991562	1
-0.627	0.9999993672	1
-0.628	0.9999993672	1
-0.629	0.9999993672	1
-0.63	0.9999993672	1
-0.631	0.9999993672	1
-0.632	0.9999993672	1
-0.633	0.9999993672	1
-0.634	0.9999995781	1
-0.635	0.9999995781	1
-0.636	0.9999995781	1
-0.637	0.9999997891	1
-0.638	0.9999997891	1
-0.639	0.9999997891	1
-0.64	0.9999997891	1
-0.641	0.9999997891	1
-0.642	1	1
-0.643	1	1
-0.644	1	1
-0.645	1	1
-0.646	1	1
-0.647	1	1
-0.648	1	1
-0.649	1	1
-0.65	1	1
-0.651	1	1
-0.652	1	1
-0.653	1	1
-0.654	1	1
-0.655	1	1
-0.656	1	1
-0.657	1	1
-0.658	1	1
-0.659	1	1
-0.66	1	1
-0.661	1	1
-0.662	1	1
-0.663	1	1
-0.664	1	1
-0.665	1	1
-0.666	1	1
-0.667	1	1
-0.668	1	1
-0.669	1	1
-0.67	1	1
-0.671	1	1
-0.672	1	1
-0.673	1	1
-0.674	1	1
-0.675	1	1
-0.676	1	1
-0.677	1	1
-0.678	1	1
-0.679	1	1
-0.68	1	1
-0.681	1	1
-0.682	1	1
-0.683	1	1
-0.684	1	1
-0.685	1	1
-0.686	1	1
-0.687	1	1
-0.688	1	1
-0.689	1	1
-0.69	1	1
-0.691	1	1
-0.692	1	1
-0.693	1	1
-0.694	1	1
-0.695	1	1
-0.696	1	1
-0.697	1	1
-0.698	1	1
-0.699	1	1
-0.7	1	1
-0.701	1	1
-0.702	1	1
-0.703	1	1
-0.704	1	1
-0.705	1	1
-0.706	1	1
-0.707	1	1
-0.708	1	1
-0.709	1	1
-0.71	1	1
-0.711	1	1
-0.712	1	1
-0.713	1	1
-0.714	1	1
-0.715	1	1
-0.716	1	1
-0.717	1	1
-0.718	1	1
-0.719	1	1
-0.72	1	1
-0.721	1	1
-0.722	1	1
-0.723	1	1
-0.724	1	1
-0.725	1	1
-0.726	1	1
-0.727	1	1
-0.728	1	1
-0.729	1	1
-0.73	1	1
-0.731	1	1
-0.732	1	1
-0.733	1	1
-0.734	1	1
-0.735	1	1
-0.736	1	1
-0.737	1	1
-0.738	1	1
-0.739	1	1
-0.74	1	1
-0.741	1	1
-0.742	1	1
-0.743	1	1
-0.744	1	1
-0.745	1	1
-0.746	1	1
-0.747	1	1
-0.748	1	1
-0.749	1	1
-0.75	1	1
-0.751	1	1
-0.752	1	1
-0.753	1	1
-0.754	1	1
-0.755	1	1
-0.756	1	1
-0.757	1	1
-0.758	1	1
-0.759	1	1
-0.76	1	1
-0.761	1	1
-0.762	1	1
-0.763	1	1
-0.764	1	1
-0.765	1	1
-0.766	1	1
-0.767	1	1
-0.768	1	1
-0.769	1	1
-0.77	1	1
-0.771	1	1
-0.772	1	1
-0.773	1	1
-0.774	1	1
-0.775	1	1
-0.776	1	1
-0.777	1	1
-0.778	1	1
-0.779	1	1
-0.78	1	1
-0.781	1	1
-0.782	1	1
-0.783	1	1
-0.784	1	1
-0.785	1	1
-0.786	1	1
-0.787	1	1
-0.788	1	1
-0.789	1	1
-0.79	1	1
-0.791	1	1
-0.792	1	1
-0.793	1	1
-0.794	1	1
-0.795	1	1
-0.796	1	1
-0.797	1	1
-0.798	1	1
-0.799	1	1
-0.8	1	1
-0.801	1	1
-0.802	1	1
-0.803	1	1
-0.804	1	1
-0.805	1	1
-0.806	1	1
-0.807	1	1
-0.808	1	1
-0.809	1	1
-0.81	1	1
-0.811	1	1
-0.812	1	1
-0.813	1	1
-0.814	1	1
-0.815	1	1
-0.816	1	1
-0.817	1	1
-0.818	1	1
-0.819	1	1
-0.82	1	1
-0.821	1	1
-0.822	1	1
-0.823	1	1
-0.824	1	1
-0.825	1	1
-0.826	1	1
-0.827	1	1
-0.828	1	1
-0.829	1	1
-0.83	1	1
-0.831	1	1
-0.832	1	1
-0.833	1	1
-0.834	1	1
-0.835	1	1
-0.836	1	1
-0.837	1	1
-0.838	1	1
-0.839	1	1
-0.84	1	1
-0.841	1	1
-0.842	1	1
-0.843	1	1
-0.844	1	1
-0.845	1	1
-0.846	1	1
-0.847	1	1
-0.848	1	1
-0.849	1	1
-0.85	1	1
-0.851	1	1
-0.852	1	1
-0.853	1	1
-0.854	1	1
-0.855	1	1
-0.856	1	1
-0.857	1	1
-0.858	1	1
-0.859	1	1
-0.86	1	1
-0.861	1	1
-0.862	1	1
-0.863	1	1
-0.864	1	1
-0.865	1	1
-0.866	1	1
-0.867	1	1
-0.868	1	1
-0.869	1	1
-0.87	1	1
-0.871	1	1
-0.872	1	1
-0.873	1	1
-0.874	1	1
-0.875	1	1
-0.876	1	1
-0.877	1	1
-0.878	1	1
-0.879	1	1
-0.88	1	1
-0.881	1	1
-0.882	1	1
-0.883	1	1
-0.884	1	1
-0.885	1	1
-0.886	1	1
-0.887	1	1
-0.888	1	1
-0.889	1	1
-0.89	1	1
-0.891	1	1
-0.892	1	1
-0.893	1	1
-0.894	1	1
-0.895	1	1
-0.896	1	1
-0.897	1	1
-0.898	1	1
-0.899	1	1
-0.9	1	1
-0.901	1	1
-0.902	1	1
-0.903	1	1
-0.904	1	1
-0.905	1	1
-0.906	1	1
-0.907	1	1
-0.908	1	1
-0.909	1	1
-0.91	1	1
-0.911	1	1
-0.912	1	1
-0.913	1	1
-0.914	1	1
-0.915	1	1
-0.916	1	1
-0.917	1	1
-0.918	1	1
-0.919	1	1
-0.92	1	1
-0.921	1	1
-0.922	1	1
-0.923	1	1
-0.924	1	1
-0.925	1	1
-0.926	1	1
-0.927	1	1
-0.928	1	1
-0.929	1	1
-0.93	1	1
-0.931	1	1
-0.932	1	1
-0.933	1	1
-0.934	1	1
-0.935	1	1
-0.936	1	1
-0.937	1	1
-0.938	1	1
-0.939	1	1
-0.94	1	1
-0.941	1	1
-0.942	1	1
-0.943	1	1
-0.944	1	1
-0.945	1	1
-0.946	1	1
-0.947	1	1
-0.948	1	1
-0.949	1	1
-0.95	1	1
-0.951	1	1
-0.952	1	1
-0.953	1	1
-0.954	1	1
-0.955	1	1
-0.956	1	1
-0.957	1	1
-0.958	1	1
-0.959	1	1
-0.96	1	1
-0.961	1	1
-0.962	1	1
-0.963	1	1
-0.964	1	1
-0.965	1	1
-0.966	1	1
-0.967	1	1
-0.968	1	1
-0.969	1	1
-0.97	1	1
-0.971	1	1
-0.972	1	1
-0.973	1	1
-0.974	1	1
-0.975	1	1
-0.976	1	1
-0.977	1	1
-0.978	1	1
-0.979	1	1
-0.98	1	1
-0.981	1	1
-0.982	1	1
-0.983	1	1
-0.984	1	1
-0.985	1	1
-0.986	1	1
-0.987	1	1
-0.988	1	1
-0.989	1	1
-0.99	1	1
-0.991	1	1
-0.992	1	1
-0.993	1	1
-0.994	1	1
-0.995	1	1
-0.996	1	1
-0.997	1	1
-0.998	1	1
-0.999	1	1
-1	1	1
