threshold	FAR	TAR
0.999	0	0.0001052742394
0.998	0	0.0002105484788
0.997	0	0.0002105484788
0.996	0	0.0002105484788
0.995	0	0.0002105484788
0.994	0	0.0002105484788
0.993	0	0.0002105484788
0.992	0	0.0002105484788
0.991	0	0.0002105484788
0.99	0	0.0002105484788
0.989	0	0.0002105484788
0.988	0	0.0002105484788
0.987	0	0.0002105484788
0.986	0	0.0002105484788
0.985	0	0.0002105484788
0.984	0	0.0003158227182
0.983	0	0.0003158227182
0.982	0	0.0003158227182
0.981	0	0.0003158227182
0.98	0	0.0003158227182
0.979	0	0.0003158227182
0.978	0	0.0003158227182
0.977	0	0.0003158227182
0.976	0	0.0003158227182
0.975	0	0.0003158227182
0.974	0	0.0004210969576
0.973	0	0.0004210969576
0.972	0	0.000526371197
0.971	0	0.000526371197
0.97	0	0.000526371197
0.969	0	0.0006316454364
0.968	0	0.0006316454364
0.967	0	0.0007369196758
0.966	0	0.0008421939151
0.965	2.109482122e-07	0.001052742394
0.964	2.109482122e-07	0.001052742394
0.963	2.109482122e-07	0.001052742394
0.962	2.109482122e-07	0.001263290873
0.961	2.109482122e-07	0.001368565112
0.96	2.109482122e-07	0.001473839352
0.959	4.218964244e-07	0.001473839352
0.958	8.437928489e-07	0.001579113591
0.957	1.476637485e-06	0.001579113591
0.956	2.742326759e-06	0.001579113591
0.955	2.953274971e-06	0.00178966207
0.954	4.851808881e-06	0.00178966207
0.953	5.273705305e-06	0.00178966207
0.952	6.328446366e-06	0.002210759027
0.951	7.383187427e-06	0.002316033267
0.95	9.070773125e-06	0.002316033267
0.949	1.054741061e-05	0.002526581745
0.948	1.20240481e-05	0.002631855985
0.947	1.265689273e-05	0.002947678703
0.946	1.350068558e-05	0.003158227182
0.945	1.645396055e-05	0.003368775661
0.944	1.835249446e-05	0.0034740499
0.943	2.109482122e-05	0.003789872618
0.942	2.404809619e-05	0.003789872618
0.941	2.784516401e-05	0.004105695336
0.94	3.269697289e-05	0.004421518055
0.939	3.712688535e-05	0.004632066533
0.938	4.303343529e-05	0.004842615012
0.937	4.746334775e-05	0.005053163491
0.936	5.484653518e-05	0.005790083167
0.935	6.328446366e-05	0.006105905885
0.934	7.151144394e-05	0.006842825561
0.933	8.29026474e-05	0.0069480998
0.932	9.471574728e-05	0.007369196758
0.931	0.0001048412615	0.007685019476
0.93	0.0001177091024	0.007895567955
0.929	0.0001314207362	0.008316664912
0.928	0.0001501951271	0.008421939151
0.927	0.000170024259	0.009369407306
0.926	0.0001902752874	0.009790504264
0.925	0.0002103153676	0.0104221497
0.924	0.0002330977745	0.01115906938
0.923	0.0002609429385	0.01168544057
0.922	0.0002883662061	0.01242236025
0.921	0.000315156629	0.01305400568
0.92	0.0003453222234	0.01358037688
0.919	0.0003816053159	0.01421202232
0.918	0.0004155679781	0.0144225708
0.917	0.000449319692	0.01494894199
0.916	0.0004891889041	0.01547531319
0.915	0.0005391836304	0.01610695863
0.914	0.0005855922371	0.01642278135
0.913	0.0006366417045	0.01663332982
0.912	0.0006898006539	0.0168438783
0.911	0.0007484442569	0.01747552374
0.91	0.000808142601	0.01810716918
0.909	0.0008756460289	0.01873881461
0.908	0.0009448370425	0.01905463733
0.907	0.001025208311	0.01979155701
0.906	0.001108110959	0.0203179282
0.905	0.001191857399	0.02147594484
0.904	0.001275392891	0.02210759027
0.903	0.001369053897	0.02263396147
0.902	0.001470098091	0.02347615538
0.901	0.001564813838	0.02463417202
0.9	0.00166838941	0.02526581745
0.899	0.0017816686	0.02642383409
0.898	0.001900221496	0.027266028
0.897	0.002031009387	0.02789767344
0.896	0.002174876068	0.02863459312
0.895	0.002315156629	0.02926623855
0.894	0.002456702879	0.02989788399
0.893	0.002605210421	0.03021370671
0.892	0.002776078473	0.03095062638
0.891	0.002950743592	0.03221391725
0.89	0.003131315262	0.03347720813
0.889	0.003310832191	0.03442467628
0.888	0.003497943255	0.03547741868
0.887	0.003687163801	0.03642488683
0.886	0.003891783567	0.03747762922
0.885	0.00410969307	0.03842509738
0.884	0.00433751714	0.03947783977
0.883	0.004572935344	0.04021475945
0.882	0.004822698028	0.04158332456
0.881	0.005082797173	0.04284661543
0.88	0.005342263474	0.04410990631
0.879	0.005631473473	0.0451626487
0.878	0.005908026579	0.04726813349
0.877	0.006196814682	0.04874197284
0.876	0.006504166227	0.05032108643
0.875	0.006837464402	0.0521107485
0.874	0.007188060331	0.05368986209
0.873	0.007533171606	0.05526897568
0.872	0.007894736842	0.05632171808
0.871	0.00826073199	0.05769028319
0.87	0.008641282565	0.05895357406
0.869	0.009023098829	0.06063796189
0.868	0.009427908448	0.06179597852
0.867	0.009859297542	0.06295399516
0.866	0.01031114861	0.06442783451
0.865	0.01075498365	0.06579639962
0.864	0.01121421791	0.06737551321
0.863	0.01167999156	0.06874407832
0.862	0.01216875857	0.07116538583
0.861	0.01266364308	0.07179703127
0.86	0.01317772387	0.07390251605
0.859	0.01371289948	0.07621854932
0.858	0.01427402173	0.07769238867
0.857	0.01483092501	0.07958732498
0.856	0.01540175087	0.08158753553
0.855	0.01599219492	0.0828508264
0.854	0.01660879654	0.08421939151
0.853	0.01724290687	0.08579850511
0.852	0.01787554055	0.08706179598
0.851	0.01853707415	0.08811453837
0.85	0.019185318	0.0897989262
0.849	0.01989262736	0.09190441099
0.848	0.02057441198	0.09316770186
0.847	0.02128319797	0.09506263817
0.846	0.02201771965	0.09685230024
0.845	0.02274127202	0.09874723655
0.844	0.023498998	0.1012738183
0.843	0.02428688957	0.1031687546
0.842	0.02507710157	0.1045373197
0.841	0.02588946314	0.106432256
0.84	0.02672102099	0.1081166439
0.839	0.02758063495	0.1100115802
0.838	0.02844067082	0.1114854195
0.837	0.02933129417	0.1140120013
0.836	0.03023077734	0.1158016633
0.835	0.03115768379	0.1186440678
0.834	0.03210652885	0.1205390041
0.833	0.03304904546	0.1229603116
0.832	0.03403881447	0.1256974418
0.831	0.03501993461	0.1281187493
0.83	0.03601392258	0.1298031372
0.829	0.03704777977	0.1320138962
0.828	0.03808459023	0.1339088325
0.827	0.039144605	0.1358037688
0.826	0.04024448898	0.1371723339
0.825	0.04134036494	0.1391725445
0.824	0.04244299125	0.1416991262
0.823	0.04359097142	0.1435940625
0.822	0.04475835882	0.1455942731
0.821	0.04594030166	0.1472786609
0.82	0.04712604156	0.1489630487
0.819	0.04835228351	0.1518054532
0.818	0.04956924375	0.1532792926
0.817	0.05082185423	0.1547531319
0.816	0.05205421369	0.1571744394
0.815	0.05333867735	0.1586482788
0.814	0.05467587807	0.1603326666
0.813	0.05599493724	0.1621223287
0.812	0.05731209788	0.1637014423
0.811	0.05867060437	0.1651752816
0.81	0.06003311887	0.1668596694
0.809	0.06140807932	0.1691757027
0.808	0.06280371269	0.171491736
0.807	0.06424491087	0.1730708496
0.806	0.06569391414	0.1750710601
0.805	0.06717139542	0.1768607222
0.804	0.06865415041	0.1786503843
0.803	0.0702122139	0.181176966
0.802	0.07173631473	0.183387725
0.801	0.07323889885	0.1847562901
0.8	0.07484273811	0.1870723234
0.799	0.07643877228	0.1892830824
0.798	0.07804345533	0.1920202127
0.797	0.07965995148	0.1949678914
0.796	0.08132665331	0.1981261185
0.795	0.08298555005	0.2001263291
0.794	0.0846130155	0.2026529108
0.793	0.08627149035	0.2047583956
0.792	0.08795464613	0.2072849774
0.791	0.08967239743	0.2101273818
0.79	0.09140702458	0.2133908833
0.789	0.09314017509	0.2152858196
0.788	0.0948965299	0.2169702074
0.787	0.09668937876	0.2198126119
0.786	0.09846324227	0.2213917254
0.785	0.1002548254	0.2234972102
0.784	0.1021179201	0.2264448889
0.783	0.1039531695	0.2290767449
0.782	0.1057751292	0.2319191494
0.781	0.1076633267	0.2345510054
0.78	0.1095114439	0.2373934098
0.779	0.11142158	0.2392883461
0.778	0.1133133636	0.2413938309
0.777	0.1152481806	0.2440256869
0.776	0.1172026158	0.2467628171
0.775	0.1191443941	0.2491841246
0.774	0.1211545196	0.2515001579
0.773	0.123165067	0.2542372881
0.772	0.1251437612	0.2569744184
0.771	0.1271800443	0.260343194
0.77	0.1292081004	0.2630803242
0.769	0.131234258	0.2657121802
0.768	0.1333146293	0.2681334877
0.767	0.1353878283	0.2710811664
0.766	0.1374766375	0.2739235709
0.765	0.1395578525	0.2759237815
0.764	0.1416928594	0.2780292662
0.763	0.1438187955	0.2813980419
0.762	0.1459508491	0.2830824297
0.761	0.1481014661	0.2856090115
0.76	0.1502828816	0.2879250447
0.759	0.1524592343	0.2903463522
0.758	0.1546052104	0.2929782082
0.757	0.1567672186	0.2958206127
0.756	0.1589769012	0.2979260975
0.755	0.1612268748	0.3004526792
0.754	0.1634289632	0.3037161807
0.753	0.1656688113	0.307400779
0.752	0.167906128	0.3099273608
0.751	0.1701516718	0.3118222971
0.75	0.1724381394	0.3141383304
0.749	0.1747224976	0.317507106
0.748	0.1770230988	0.319717865
0.747	0.1793245438	0.3210864302
0.746	0.1816639595	0.3240341089
0.745	0.1839723658	0.3265606906
0.744	0.1863200084	0.3289819981
0.743	0.188639595	0.3323507738
0.742	0.1909874486	0.3349826298
0.741	0.1933515452	0.3371933888
0.74	0.1957424322	0.3392988736
0.739	0.1981316317	0.3412990841
0.738	0.2005210421	0.3437203916
0.737	0.2029363991	0.3466680703
0.736	0.2053363569	0.3494052005
0.735	0.2077774496	0.3516159596
0.734	0.2101925957	0.3542478156
0.733	0.2126644869	0.3563533003
0.732	0.2151549415	0.3590904306
0.731	0.2175785255	0.361932835
0.73	0.220028689	0.3644594168
0.729	0.2225083852	0.3665649016
0.728	0.2249473684	0.3695125803
0.727	0.227380656	0.372039162
0.726	0.2298647822	0.3756184862
0.725	0.232354182	0.3771975997
0.724	0.2348773336	0.3806716496
0.723	0.2373585065	0.3826718602
0.722	0.2398472735	0.3857248131
0.721	0.2423645185	0.3888830403
0.72	0.2448834511	0.3920412675
0.719	0.2474230566	0.3942520265
0.718	0.2499179411	0.3962522371
0.717	0.2524037549	0.4005684809
0.716	0.2549193123	0.4037267081
0.715	0.2574677777	0.4062532898
0.714	0.2600056956	0.4090956943
0.713	0.2625592237	0.4117275503
0.712	0.2651384875	0.4147805032
0.711	0.267694336	0.416885988
0.71	0.2702124248	0.419517844
0.709	0.2727596245	0.4218338773
0.708	0.2753475372	0.4237288136
0.707	0.2778947368	0.4270975892
0.706	0.280440038	0.4294136225
0.705	0.283030482	0.432256027
0.704	0.2856249341	0.4347826087
0.703	0.2882679042	0.4378355616
0.702	0.2908686847	0.4406779661
0.701	0.2934483704	0.4429939994
0.7	0.2960417677	0.4456258554
0.699	0.2986239848	0.4481524371
0.698	0.3012696973	0.4509948416
0.697	0.3038742749	0.4531003264
0.696	0.3064457336	0.4555216339
0.695	0.3089882924	0.4574165702
0.694	0.3115662905	0.4601537004
0.693	0.3141586331	0.4629961049
0.692	0.3168062441	0.4651015896
0.691	0.3194241114	0.466996526
0.69	0.3220417677	0.4688914623
0.689	0.3246581584	0.470996947
0.688	0.3272939563	0.4734182546
0.687	0.3299508491	0.4755237393
0.686	0.3326085856	0.4783661438
0.685	0.3352452273	0.4800505316
0.684	0.337840945	0.4835245815
0.683	0.3404638751	0.4853142436
0.682	0.343067187	0.4881566481
0.681	0.3457124776	0.4901568586
0.68	0.3483531273	0.4929992631
0.679	0.3510212003	0.4943678282
0.678	0.3536519354	0.496052216
0.677	0.3562679042	0.4981577008
0.676	0.3589461027	0.4997368144
0.675	0.3615802131	0.5014212022
0.674	0.3642295117	0.5032108643
0.673	0.3668598249	0.5052110748
0.672	0.3694960447	0.5080534793
0.671	0.3721527265	0.511001158
0.67	0.3747467567	0.5127908201
0.669	0.3773954224	0.5163701442
0.668	0.38	0.5196336456
0.667	0.3825921316	0.5221602274
0.666	0.3852365784	0.5236340667
0.665	0.3878599304	0.5255290031
0.664	0.3904763211	0.5284766818
0.663	0.3931439722	0.5300557953
0.662	0.3958149984	0.5331087483
0.661	0.3984425693	0.5357406043
0.66	0.4010300601	0.5388988315
0.659	0.4036829448	0.5405832193
0.658	0.4062904757	0.5434256237
0.657	0.4088937876	0.545741657
0.656	0.4114956228	0.5476365933
0.655	0.4141004113	0.5501631751
0.654	0.4166908554	0.5523739341
0.653	0.4193129417	0.5547952416
0.652	0.4219097142	0.5571112749
0.651	0.4245056429	0.5589009369
0.65	0.4271030482	0.560690599
0.649	0.4297046725	0.563322455
0.648	0.4322609429	0.5647962943
0.647	0.4347887354	0.5675334246
0.646	0.4373994304	0.5700600063
0.645	0.4400223605	0.5726918623
0.644	0.4426326337	0.5750078956
0.643	0.4451899589	0.5772186546
0.642	0.4477422213	0.5789030424
0.641	0.4503337201	0.5812190757
0.64	0.4528802869	0.5834298347
0.639	0.4554570193	0.5863775134
0.638	0.4580398692	0.5889040952
0.637	0.46060289	0.5906937572
0.636	0.4631739268	0.592799242
0.635	0.4657253454	0.5949047268
0.634	0.4682520831	0.5974313086
0.633	0.4707227086	0.5997473418
0.632	0.4732509229	0.602905569
0.631	0.4758042401	0.6064848931
0.63	0.4783231727	0.6083798295
0.629	0.4808834511	0.6104853142
0.628	0.4834209472	0.6136435414
0.627	0.485947052	0.6157490262
0.626	0.4884824386	0.617854511
0.625	0.4909842844	0.6202758185
0.624	0.4934810674	0.6229076745
0.623	0.496056956	0.624907885
0.622	0.4985577471	0.6269080956
0.621	0.5010353338	0.6285924834
0.62	0.5035386563	0.6300663228
0.619	0.5060434553	0.632382356
0.618	0.5085180888	0.6344878408
0.617	0.5109984179	0.6365933256
0.616	0.5134336041	0.6389093589
0.615	0.5159187849	0.6408042952
0.614	0.5183957388	0.6434361512
0.613	0.5208811307	0.6460680072
0.612	0.5233787575	0.6481734919
0.611	0.5258255458	0.6496473313
0.61	0.5282493408	0.6524897358
0.609	0.5306898007	0.6538583009
0.608	0.5331524101	0.6562796084
0.607	0.5355852758	0.6592272871
0.606	0.5379949372	0.6619644173
0.605	0.5404098724	0.6641751763
0.604	0.5428060331	0.6657542899
0.603	0.5451943888	0.6670175808
0.602	0.5475717751	0.669754711
0.601	0.5499124565	0.6711232761
0.6	0.5523092501	0.6730182124
0.599	0.5547104736	0.675018423
0.598	0.5570252083	0.6764922623
0.597	0.559397321	0.6789135698
0.596	0.5617390571	0.6801768607
0.595	0.5641204514	0.6816507001
0.594	0.5664824386	0.6833350879
0.593	0.5688138382	0.6856511212
0.592	0.5711559962	0.6878618802
0.591	0.5734633477	0.689967365
0.59	0.5757502373	0.6913359301
0.589	0.5780778399	0.6937572376
0.588	0.5803845586	0.6950205285
0.587	0.5826980276	0.6968101905
0.586	0.5850068558	0.6982840299
0.585	0.5873093556	0.700073692
0.584	0.589592659	0.7020739025
0.583	0.5918280772	0.7036530161
0.582	0.594085434	0.704916307
0.581	0.5962959603	0.706705969
0.58	0.5985583799	0.7084956311
0.579	0.6008032908	0.7103905674
0.578	0.603046725	0.7113380356
0.577	0.6052775024	0.7132329719
0.576	0.6074821221	0.7143909885
0.575	0.6097175403	0.7153384567
0.574	0.6119542242	0.7175492157
0.573	0.614159055	0.7192336035
0.572	0.616321907	0.7199705232
0.571	0.6184950955	0.7219707338
0.57	0.6206528847	0.7230234762
0.569	0.622806666	0.7244973155
0.568	0.6249617129	0.7262869776
0.567	0.6271498787	0.7276555427
0.566	0.6292981753	0.7288135593
0.565	0.6314365573	0.7303926729
0.564	0.6335660795	0.7323928835
0.563	0.6356789368	0.7339719971
0.562	0.6378162641	0.7356563849
0.561	0.6399090813	0.7372354985
0.56	0.6420267904	0.7391304348
0.559	0.6441191857	0.7401831772
0.558	0.6462274022	0.7410253711
0.557	0.6483103048	0.742288662
0.556	0.6503514397	0.7430255816
0.555	0.6523790739	0.7452363407
0.554	0.6544486868	0.7469207285
0.553	0.6564609218	0.7488156648
0.552	0.6584904546	0.7506053269
0.551	0.6604727349	0.751973892
0.55	0.662456281	0.7529213601
0.549	0.6644659846	0.754184651
0.548	0.6664136694	0.7554479419
0.547	0.6683965826	0.757237604
0.546	0.6703337201	0.7585008948
0.545	0.6723050311	0.7597641857
0.544	0.6742417467	0.7606063796
0.543	0.676158844	0.761659122
0.542	0.6780793165	0.7626065902
0.541	0.6800107584	0.7643962522
0.54	0.6819487396	0.7659753658
0.539	0.6838517034	0.7674492052
0.538	0.6857091024	0.7688177703
0.537	0.6875812678	0.7703968839
0.536	0.6894464719	0.7719759975
0.535	0.6912855184	0.7737656595
0.534	0.6931313153	0.7752394989
0.533	0.6949488451	0.776186967
0.532	0.6968231199	0.7778713549
0.531	0.6986535176	0.7790293715
0.53	0.7004678831	0.7805032109
0.529	0.7022619977	0.7820823245
0.528	0.7040272123	0.7831350668
0.527	0.7058069824	0.7841878092
0.526	0.7075481489	0.7851352774
0.525	0.7093009176	0.7859774713
0.524	0.7110452484	0.7872407622
0.523	0.7127689062	0.7885040531
0.522	0.7144657737	0.7901884409
0.521	0.7161565236	0.7914517318
0.52	0.7178390465	0.7922939257
0.519	0.719547727	0.7932413938
0.518	0.7212049362	0.7949257817
0.517	0.7228456914	0.796820718
0.516	0.7245182998	0.7977681861
0.515	0.7261959709	0.7988209285
0.514	0.7278067714	0.8000842194
0.513	0.7294441515	0.8011369618
0.512	0.7310403966	0.8024002527
0.511	0.7326379074	0.8032424466
0.51	0.7342299336	0.8048215602
0.509	0.7358356713	0.806084851
0.508	0.7374122983	0.8078745131
0.507	0.7390150828	0.808716707
0.506	0.7405668178	0.8105063691
0.505	0.7421278346	0.8116643857
0.504	0.7436692332	0.8122960312
0.503	0.7451703407	0.8136645963
0.502	0.7466798861	0.8149278871
0.501	0.7481807826	0.8164017265
0.5	0.7496947579	0.8169280977
0.499	0.7511901698	0.8185072113
0.498	0.7527089969	0.8191388567
0.497	0.7541877439	0.8202968734
0.496	0.755633372	0.8212443415
0.495	0.7570832191	0.8220865354
0.494	0.758529691	0.8231392778
0.493	0.7599432549	0.8238761975
0.492	0.7613791794	0.8248236656
0.491	0.7628119397	0.8261922308
0.49	0.764240481	0.8269291504
0.489	0.7656188166	0.8275607959
0.488	0.7669963084	0.8286135383
0.487	0.7683647295	0.8294557322
0.486	0.7697169075	0.8305084746
0.485	0.7710412404	0.8317717654
0.484	0.7723881447	0.8328245078
0.483	0.7737527687	0.833771976
0.482	0.7750743592	0.8346141699
0.481	0.7764045987	0.8358774608
0.48	0.7776915937	0.8367196547
0.479	0.7790036916	0.8375618486
0.478	0.78028921	0.839035688
0.477	0.7815665014	0.8407200758
0.476	0.7828258623	0.841667544
0.475	0.7841088493	0.8428255606
0.474	0.7853608269	0.8446152227
0.473	0.7865796857	0.8452468681
0.472	0.7878147875	0.8461943362
0.471	0.7890444046	0.8472470786
0.47	0.7902535598	0.8481945468
0.469	0.7914614492	0.8490367407
0.468	0.7926746124	0.8503000316
0.467	0.7938679464	0.8510369513
0.466	0.7950519987	0.8519844194
0.465	0.7962183314	0.8526160648
0.464	0.7973827655	0.8533529845
0.463	0.7985362304	0.8551426466
0.462	0.7996797806	0.8558795663
0.461	0.8008275498	0.8566164859
0.46	0.8019495834	0.8574586799
0.459	0.8030948212	0.8577745026
0.458	0.8042020884	0.8580903253
0.457	0.8053154731	0.8587219707
0.456	0.8064309672	0.8594588904
0.455	0.8075006856	0.8607221813
0.454	0.8086090075	0.8613538267
0.453	0.8097114228	0.8617749237
0.452	0.8107674296	0.8625118434
0.451	0.8118194283	0.8633540373
0.45	0.8128726928	0.8641962312
0.449	0.8139130893	0.8647226024
0.448	0.8149669866	0.8654595221
0.447	0.8160139226	0.8660911675
0.446	0.8170513659	0.8667228129
0.445	0.8180753085	0.8672491841
0.444	0.819099884	0.8683019265
0.443	0.8201160215	0.8687230235
0.442	0.8210954541	0.8697757659
0.441	0.8221063179	0.8701968628
0.44	0.8231133847	0.870723234
0.439	0.8241149668	0.8712496052
0.438	0.825091446	0.8724076219
0.437	0.8260563232	0.87335509
0.436	0.8270001055	0.8739867354
0.435	0.8279662483	0.8745131066
0.434	0.8289345006	0.8750394778
0.433	0.8298706887	0.8757763975
0.432	0.8308222761	0.8761974945
0.431	0.831767746	0.8773555111
0.43	0.832708575	0.8785135277
0.429	0.8336654361	0.8794609959
0.428	0.8346094294	0.8799873671
0.427	0.8355416095	0.8800926413
0.426	0.8364651408	0.8807242868
0.425	0.837380867	0.8813559322
0.424	0.838276975	0.8817770292
0.423	0.8391929121	0.8823034004
0.422	0.8401082164	0.8831455943
0.421	0.8410032697	0.8832508685
0.42	0.8418801814	0.8841983367
0.419	0.8427672186	0.8845141594
0.418	0.8436580529	0.8850405306
0.417	0.8445313785	0.8853563533
0.416	0.8453992195	0.8858827245
0.415	0.8462906866	0.886093273
0.414	0.8471699188	0.8861985472
0.413	0.8480061175	0.8868301927
0.412	0.8488591921	0.8870407411
0.411	0.84971079	0.8877776608
0.41	0.8505554266	0.8885145805
0.409	0.8513914144	0.8892515002
0.408	0.8522145343	0.8895673229
0.407	0.853062968	0.890514791
0.406	0.8538924164	0.890935888
0.405	0.8547153254	0.8914622592
0.404	0.8555386563	0.8919886304
0.403	0.85636262	0.8923044531
0.402	0.8571612699	0.8930413728
0.401	0.8579687797	0.8933571955
0.4	0.8587393735	0.8934624697
0.399	0.8595466723	0.8939888409
0.398	0.8603474317	0.8947257606
0.397	0.8611285729	0.8954626803
0.396	0.8619194178	0.8966206969
0.395	0.8627051999	0.8971470681
0.394	0.8634709419	0.8983050847
0.393	0.8642417467	0.8987261817
0.392	0.8650258412	0.8989367302
0.391	0.8657930598	0.8990420044
0.39	0.8665682945	0.8997789241
0.389	0.8673338255	0.900621118
0.388	0.8680913406	0.901042215
0.387	0.8688703723	0.9013580377
0.386	0.8696164962	0.9018844089
0.385	0.8703634638	0.902831877
0.384	0.8710937665	0.9034635225
0.383	0.8718348275	0.9039898937
0.382	0.8725670288	0.9042004422
0.381	0.8732888936	0.9050426361
0.38	0.8739966248	0.905463733
0.379	0.8747419049	0.9057795557
0.378	0.8754766375	0.9062006527
0.377	0.8761957599	0.9065164754
0.376	0.8769018036	0.9072533951
0.375	0.8776160743	0.9076744921
0.374	0.8783356186	0.9079903148
0.373	0.8790325915	0.9082008632
0.372	0.8797327286	0.9088325087
0.371	0.8804231621	0.9091483314
0.37	0.8811209788	0.9094641541
0.369	0.8817987554	0.9097799768
0.368	0.8824704145	0.9100957996
0.367	0.8831454488	0.9105168965
0.366	0.8838122561	0.9110432677
0.365	0.8844851809	0.9114643647
0.364	0.885161059	0.9116749131
0.363	0.8858308195	0.9123065586
0.362	0.8864872904	0.9127276555
0.361	0.8871416517	0.913359301
0.36	0.887804451	0.9137803979
0.359	0.8884670393	0.9148331403
0.358	0.889128362	0.9152542373
0.357	0.8897713321	0.9157806085
0.356	0.8904254825	0.9158858827
0.355	0.891071406	0.9160964312
0.354	0.8917145871	0.9169386251
0.353	0.8923695813	0.917780819
0.352	0.8930216222	0.9186230129
0.351	0.8936510917	0.9189388357
0.35	0.8942742327	0.9190441099
0.349	0.8949020146	0.9194652069
0.348	0.895523257	0.9195704811
0.347	0.8961177091	0.9202021265
0.346	0.8967511866	0.9206232235
0.345	0.8973713743	0.9213601432
0.344	0.8979818585	0.9217812401
0.343	0.898607109	0.9223076113
0.342	0.8992186478	0.9228339825
0.341	0.8998181626	0.9235709022
0.34	0.9004286468	0.9236761764
0.339	0.9010334353	0.9242025476
0.338	0.9016365362	0.9245183704
0.337	0.9022343635	0.925676387
0.336	0.9028387301	0.9263080324
0.335	0.9034245333	0.9269396779
0.334	0.9040417677	0.9270449521
0.333	0.9046292585	0.9273607748
0.332	0.9052243434	0.9277818718
0.331	0.90580867	0.9279924203
0.33	0.906386879	0.9279924203
0.329	0.9069798544	0.9284135172
0.328	0.9075785255	0.9292557111
0.327	0.9081645396	0.9294662596
0.326	0.9087446472	0.9298873566
0.325	0.9093120979	0.9304137278
0.324	0.9098814471	0.930519002
0.323	0.910464297	0.930940099
0.322	0.9110349119	0.9315717444
0.321	0.9115939247	0.9318875671
0.32	0.9121480856	0.9328350353
0.319	0.9127022466	0.9335719549
0.318	0.9132644236	0.9338877777
0.317	0.9138405232	0.9349405201
0.316	0.9144143023	0.9354668913
0.315	0.9149794325	0.935782714
0.314	0.9155361249	0.9362038109
0.313	0.9161025208	0.9363090852
0.312	0.9166682839	0.9372565533
0.311	0.9172325704	0.9374671018
0.31	0.9177869423	0.9374671018
0.309	0.918337939	0.9380987472
0.308	0.9188885139	0.9388356669
0.307	0.9194473157	0.9392567639
0.306	0.9200048518	0.9396778608
0.305	0.9205514186	0.9399936835
0.304	0.9210979854	0.940204232
0.303	0.9216354815	0.940625329
0.302	0.9221947052	0.940625329
0.301	0.9227260837	0.9410464259
0.3	0.923266955	0.9418886199
0.299	0.9238033963	0.9423097168
0.298	0.9243244384	0.9427308138
0.297	0.9248562388	0.9430466365
0.296	0.9253992195	0.9434677334
0.295	0.9259341842	0.9439941046
0.294	0.9264693598	0.9443099274
0.293	0.92701002	0.9447310243
0.292	0.9275416095	0.9449415728
0.291	0.9280656049	0.9451521213
0.29	0.9285872798	0.9453626698
0.289	0.9291154941	0.9456784925
0.288	0.9296299968	0.9460995894
0.287	0.9301480856	0.9466259606
0.286	0.9306737686	0.9467312349
0.285	0.9311840523	0.9470470576
0.284	0.9317126885	0.9473628803
0.283	0.9322229723	0.9483103485
0.282	0.9327410611	0.9487314454
0.281	0.9332393207	0.9490472681
0.28	0.9337508702	0.9493630909
0.279	0.934256724	0.9501000105
0.278	0.9347722814	0.950731656
0.277	0.9352848856	0.9508369302
0.276	0.9357858876	0.9511527529
0.275	0.9363062968	0.9514685756
0.274	0.9368108849	0.9519949468
0.273	0.9373135745	0.952521318
0.272	0.937836937	0.952942415
0.271	0.9383442675	0.9531529635
0.27	0.9388562388	0.9535740604
0.269	0.9393418416	0.9538898831
0.268	0.9398403122	0.9539951574
0.267	0.9403316106	0.9545215286
0.266	0.9408096192	0.9549426255
0.265	0.9413053475	0.9553637225
0.264	0.9418048729	0.955574271
0.263	0.9422995465	0.9558900937
0.262	0.9427849383	0.9561006422
0.261	0.9432815104	0.9567322876
0.26	0.9437749183	0.9570481103
0.259	0.944244489	0.95778503
0.258	0.9447077313	0.9579955785
0.257	0.9451950216	0.9584166754
0.256	0.945669866	0.9586272239
0.255	0.9461552579	0.9588377724
0.254	0.9466488767	0.9595746921
0.253	0.947128362	0.9602063375
0.252	0.9476019407	0.9606274345
0.251	0.9480926063	0.9609432572
0.25	0.9485845375	0.9611538057
0.249	0.9490733045	0.9615749026
0.248	0.9495420314	0.9619959996
0.247	0.9500223605	0.9621012738
0.246	0.9505033224	0.9622065481
0.245	0.9509549626	0.9625223708
0.244	0.9514163063	0.9627329193
0.243	0.9518892522	0.9629434677
0.242	0.952350174	0.9631540162
0.241	0.952818901	0.9632592905
0.24	0.9532762367	0.9638909359
0.239	0.953727033	0.9642067586
0.238	0.9541890096	0.9645225813
0.237	0.9546511971	0.964838404
0.236	0.9551005168	0.9649436783
0.235	0.9555551102	0.9654700495
0.234	0.9559892416	0.9662069692
0.233	0.9564218964	0.9663122434
0.232	0.9568650986	0.9668386146
0.231	0.9573218015	0.9671544373
0.23	0.9577671132	0.96747026
0.229	0.9582090497	0.967891357
0.228	0.9586423373	0.9682071797
0.227	0.9590762578	0.9689440994
0.226	0.9595068031	0.9693651963
0.225	0.9599198397	0.9695757448
0.224	0.9603592448	0.9699968418
0.223	0.9607887354	0.9704179387
0.222	0.9612133741	0.9707337614
0.221	0.9616420209	0.9710495842
0.22	0.9620630735	0.9712601326
0.219	0.9624689379	0.9713654069
0.218	0.9628811307	0.9715759554
0.217	0.9632713849	0.9718917781
0.216	0.9636688113	0.9726286978
0.215	0.9640784727	0.9728392462
0.214	0.9644866575	0.9733656174
0.213	0.9649053897	0.9735761659
0.212	0.9653228562	0.9736814402
0.211	0.9657162747	0.9738919886
0.21	0.9660955595	0.9742078113
0.209	0.9664815948	0.9742078113
0.208	0.9668870372	0.9744183598
0.207	0.9672842527	0.9746289083
0.206	0.9676808354	0.9750500053
0.205	0.9680660268	0.975365828
0.204	0.9684432022	0.9756816507
0.203	0.9688003375	0.9757869249
0.202	0.9691562072	0.9759974734
0.201	0.9695344373	0.9761027477
0.2	0.9699000105	0.9762080219
0.199	0.9702630524	0.9768396673
0.198	0.9706222972	0.9771554901
0.197	0.9709804873	0.9772607643
0.196	0.9713403649	0.9776818612
0.195	0.971698555	0.9777871355
0.194	0.9720596983	0.9778924097
0.193	0.9723946841	0.9781029582
0.192	0.972729037	0.9783135067
0.191	0.9730730936	0.9784187809
0.19	0.9734036494	0.9787346036
0.189	0.9737238688	0.9791557006
0.188	0.9740540027	0.979787346
0.187	0.9743879338	0.9799978945
0.186	0.9747121612	0.980208443
0.185	0.9750340681	0.9804189915
0.184	0.975360616	0.9807348142
0.183	0.9756633267	0.9811559111
0.182	0.9759786942	0.9816822823
0.181	0.9762826706	0.9817875566
0.18	0.9765790528	0.9819981051
0.179	0.976888092	0.9821033793
0.178	0.9771817319	0.9823139278
0.177	0.9774869739	0.9826297505
0.176	0.9777734416	0.982840299
0.175	0.9780664487	0.9831561217
0.174	0.9783628309	0.9832613959
0.173	0.9786480329	0.9834719444
0.172	0.9789444151	0.9835772187
0.171	0.9792283514	0.9839983156
0.17	0.9794926695	0.9844194126
0.169	0.9797669022	0.984629961
0.168	0.9800398692	0.9847352353
0.167	0.9803107267	0.9849457838
0.166	0.9805655522	0.985051058
0.165	0.980822698	0.9851563322
0.164	0.9810756249	0.985472155
0.163	0.9813338255	0.9855774292
0.162	0.9815916043	0.9856827034
0.161	0.9818508596	0.9859985262
0.16	0.9821227719	0.9863143489
0.159	0.9823851914	0.9864196231
0.158	0.9826284147	0.9866301716
0.157	0.9828691066	0.9866301716
0.156	0.9831106423	0.9867354458
0.155	0.9833530218	0.9868407201
0.154	0.98359287	0.9869459943
0.153	0.9838183736	0.9869459943
0.152	0.9840474633	0.9869459943
0.151	0.9842792954	0.9871565428
0.15	0.984492986	0.9871565428
0.149	0.9847134269	0.9873670913
0.148	0.9849319692	0.9875776398
0.147	0.9851574728	0.9877881882
0.146	0.9853817108	0.9883145594
0.145	0.9855975108	0.9884198337
0.144	0.9858067714	0.9885251079
0.143	0.9860149773	0.9886303821
0.142	0.9862126358	0.9889462049
0.141	0.9864210526	0.9890514791
0.14	0.9866214534	0.9890514791
0.139	0.986826706	0.9891567533
0.138	0.9870254193	0.9893673018
0.137	0.9872226558	0.9895778503
0.136	0.9874146187	0.9896831245
0.135	0.9876164962	0.9897883988
0.134	0.9878067714	0.9899989473
0.133	0.9879727877	0.9901042215
0.132	0.9881567345	0.99031477
0.131	0.9883508069	0.99031477
0.13	0.9885385508	0.9906305927
0.129	0.988729248	0.9908411412
0.128	0.9889022255	0.9908411412
0.127	0.9890726717	0.9911569639
0.126	0.9892479696	0.9912622381
0.125	0.9894192596	0.9913675124
0.124	0.9895789474	0.9914727866
0.123	0.9897445417	0.9914727866
0.122	0.9899168864	0.9916833351
0.121	0.990085645	0.9917886093
0.12	0.9902537707	0.9917886093
0.119	0.9904111381	0.9918938836
0.118	0.990562177	0.9918938836
0.117	0.990716802	0.9922097063
0.116	0.9908764898	0.9922097063
0.115	0.9910245755	0.9922097063
0.114	0.9911760363	0.9922097063
0.113	0.9913258095	0.9924202548
0.112	0.991470309	0.9926308032
0.111	0.9916215589	0.9926308032
0.11	0.991767746	0.992946626
0.109	0.9919160426	0.9932624487
0.108	0.9920601202	0.9933677229
0.107	0.9921961818	0.9937888199
0.106	0.9923356186	0.9939993684
0.105	0.9924834933	0.9941046426
0.104	0.9926218753	0.9942099168
0.103	0.9927611011	0.9944204653
0.102	0.9928984284	0.9946310138
0.101	0.9930389199	0.9946310138
0.1	0.9931751925	0.994736288
0.099	0.9932996519	0.994736288
0.098	0.9934268537	0.994736288
0.097	0.9935460394	0.994736288
0.096	0.9936759835	0.994736288
0.095	0.9937928489	0.994736288
0.094	0.9939135112	0.9948415623
0.093	0.994028689	0.9948415623
0.092	0.9941512499	0.9948415623
0.091	0.9942634743	0.9950521107
0.09	0.9943731674	0.9950521107
0.089	0.9944942517	0.9950521107
0.088	0.9946058433	0.9950521107
0.087	0.9947155363	0.9950521107
0.086	0.9948302922	0.9950521107
0.085	0.9949404071	0.995157385
0.084	0.9950570615	0.995157385
0.083	0.9951587385	0.995157385
0.082	0.9952640017	0.9953679335
0.081	0.9953631473	0.9953679335
0.08	0.9954650353	0.9953679335
0.079	0.9955702985	0.9955784819
0.078	0.995674296	0.9955784819
0.077	0.995771965	0.9955784819
0.076	0.9958662588	0.9955784819
0.075	0.9959601308	0.9956837562
0.074	0.9960497838	0.9956837562
0.073	0.9961449214	0.9956837562
0.072	0.9962356292	0.9956837562
0.071	0.9963187427	0.9956837562
0.07	0.9964062863	0.9958943047
0.069	0.9965022677	0.9962101274
0.068	0.9965862251	0.9963154016
0.067	0.9966784095	0.9964206759
0.066	0.9967600464	0.9966312243
0.065	0.9968475899	0.9967364986
0.064	0.9969277502	0.9969470471
0.063	0.9970123405	0.9971575955
0.062	0.9970884928	0.9974734183
0.061	0.9971581057	0.9974734183
0.06	0.9972395317	0.9976839667
0.059	0.9973127307	0.9976839667
0.058	0.9973855079	0.997789241
0.057	0.9974593397	0.997789241
0.056	0.9975376015	0.997789241
0.055	0.997613121	0.997789241
0.054	0.9976877966	0.997789241
0.053	0.99775973	0.9978945152
0.052	0.9978213269	0.9978945152
0.051	0.9978884084	0.9978945152
0.05	0.9979529585	0.9982103379
0.049	0.9980147664	0.9982103379
0.048	0.998077418	0.9983156122
0.047	0.9981360616	0.9985261606
0.046	0.9981930176	0.9986314349
0.045	0.9982440671	0.9986314349
0.044	0.9983016559	0.9987367091
0.043	0.9983518616	0.9987367091
0.042	0.9984045987	0.9987367091
0.041	0.9984586014	0.9987367091
0.04	0.9985123932	0.9987367091
0.039	0.9985636536	0.9987367091
0.038	0.9986121717	0.9987367091
0.037	0.9986594241	0.9987367091
0.036	0.998708786	0.9989472576
0.035	0.9987568822	0.9989472576
0.034	0.9988060331	0.9989472576
0.033	0.9988490666	0.9989472576
0.032	0.9988906234	0.9990525318
0.031	0.9989224765	0.9990525318
0.03	0.9989644552	0.9991578061
0.029	0.999006223	0.9991578061
0.028	0.9990494674	0.9991578061
0.027	0.9990878599	0.9992630803
0.026	0.9991209788	0.9992630803
0.025	0.999156629	0.9992630803
0.024	0.9991945997	0.9992630803
0.023	0.9992283514	0.9992630803
0.022	0.9992595718	0.9992630803
0.021	0.9992926906	0.9992630803
0.02	0.9993201139	0.9993683546
0.019	0.9993490138	0.9993683546
0.018	0.9993791794	0.9993683546
0.017	0.9994097669	0.9993683546
0.016	0.9994376121	0.9993683546
0.015	0.9994650353	0.9994736288
0.014	0.9994852864	0.9994736288
0.013	0.999507225	0.9994736288
0.012	0.9995329607	0.9994736288
0.011	0.999556165	0.9994736288
0.01	0.9995795802	0.9994736288
0.009	0.9995998312	0.9994736288
0.008	0.9996190275	0.9994736288
0.007	0.9996359034	0.999578903
0.006	0.999653623	0.999578903
0.005	0.9996734522	0.9996841773
0.004	0.999690539	0.9996841773
0.003	0.9997050944	0.9996841773
0.002	0.9997194389	0.9996841773
0.001	0.9997342053	0.9996841773
0	0.9997506592	0.9997894515
-0.001	0.9997652146	0.9997894515
-0.002	0.9997776606	0.9997894515
-0.003	0.9997907394	0.9997894515
-0.004	0.9998010758	0.9997894515
-0.005	0.9998109904	0.9997894515
-0.006	0.999820694	0.9997894515
-0.007	0.9998312414	0.9997894515
-0.008	0.9998407341	0.9997894515
-0.009	0.9998510706	0.9997894515
-0.01	0.9998603523	0.9997894515
-0.011	0.9998666807	0.9997894515
-0.012	0.9998759625	0.9997894515
-0.013	0.9998829237	0.9998947258
-0.014	0.999890096	0.9998947258
-0.015	0.9998955806	0.9998947258
-0.016	0.999902331	0.9998947258
-0.017	0.9999092923	1
-0.018	0.9999151988	1
-0.019	0.9999194178	1
-0.02	0.9999253243	1
-0.021	0.9999291214	1
-0.022	0.9999339732	1
-0.023	0.999938825	1
-0.024	0.9999432549	1
-0.025	0.9999478958	1
-0.026	0.9999508491	1
-0.027	0.9999542242	1
-0.028	0.9999580213	1
-0.029	0.9999624512	1
-0.03	0.9999643498	1
-0.031	0.9999670921	1
-0.032	0.9999681468	1
-0.033	0.9999708891	1
-0.034	0.9999723658	1
-0.035	0.9999744753	1
-0.036	0.9999767957	1
-0.037	0.9999778504	1
-0.038	0.9999793271	1
-0.039	0.999979749	1
-0.04	0.9999810147	1
-0.041	0.9999818585	1
-0.042	0.9999831241	1
-0.043	0.9999843898	1
-0.044	0.9999852336	1
-0.045	0.9999864993	1
-0.046	0.999987976	1
-0.047	0.9999888197	1
-0.048	0.9999898745	1
-0.049	0.9999902964	1
-0.05	0.9999911402	1
-0.051	0.999991984	1
-0.052	0.9999924059	1
-0.053	0.9999932497	1
-0.054	0.9999934606	1
-0.055	0.9999940935	1
-0.056	0.9999947263	1
-0.057	0.9999951482	1
-0.058	0.999995992	1
-0.059	0.9999966248	1
-0.06	0.9999968358	1
-0.061	0.9999972577	1
-0.062	0.9999972577	1
-0.063	0.9999974686	1
-0.064	0.9999978905	1
-0.065	0.9999985234	1
-0.066	0.9999987343	1
-0.067	0.9999991562	1
-0.068	0.9999993672	1
-0.069	0.9999993672	1
-0.07	0.9999995781	1
-0.071	0.9999995781	1
-0.072	0.9999995781	1
-0.073	0.9999995781	1
-0.074	0.9999995781	1
-0.075	0.9999995781	1
-0.076	0.9999995781	1
-0.077	0.9999995781	1
-0.078	0.9999995781	1
-0.079	0.9999995781	1
-0.08	0.9999995781	1
-0.081	0.9999995781	1
-0.082	0.9999995781	1
-0.083	0.9999995781	1
-0.084	0.9999995781	1
-0.085	0.9999995781	1
-0.086	0.9999995781	1
-0.087	0.9999995781	1
-0.088	0.9999995781	1
-0.089	0.9999995781	1
-0.09	0.9999995781	1
-0.091	0.9999997891	1
-0.092	0.9999997891	1
-0.093	0.9999997891	1
-0.094	0.9999997891	1
-0.095	0.9999997891	1
-0.096	0.9999997891	1
-0.097	0.9999997891	1
-0.098	0.9999997891	1
-0.099	0.9999997891	1
-0.1	0.9999997891	1
-0.101	0.9999997891	1
-0.102	0.9999997891	1
-0.103	0.9999997891	1
-0.104	1	1
-0.105	1	1
-0.106	1	1
-0.107	1	1
-0.108	1	1
-0.109	1	1
-0.11	1	1
-0.111	1	1
-0.112	1	1
-0.113	1	1
-0.114	1	1
-0.115	1	1
-0.116	1	1
-0.117	1	1
-0.118	1	1
-0.119	1	1
-0.12	1	1
-0.121	1	1
-0.122	1	1
-0.123	1	1
-0.124	1	1
-0.125	1	1
-0.126	1	1
-0.127	1	1
-0.128	1	1
-0.129	1	1
-0.13	1	1
-0.131	1	1
-0.132	1	1
-0.133	1	1
-0.134	1	1
-0.135	1	1
-0.136	1	1
-0.137	1	1
-0.138	1	1
-0.139	1	1
-0.14	1	1
-0.141	1	1
-0.142	1	1
-0.143	1	1
-0.144	1	1
-0.145	1	1
-0.146	1	1
-0.147	1	1
-0.148	1	1
-0.149	1	1
-0.15	1	1
-0.151	1	1
-0.152	1	1
-0.153	1	1
-0.154	1	1
-0.155	1	1
-0.156	1	1
-0.157	1	1
-0.158	1	1
-0.159	1	1
-0.16	1	1
-0.161	1	1
-0.162	1	1
-0.163	1	1
-0.164	1	1
-0.165	1	1
-0.166	1	1
-0.167	1	1
-0.168	1	1
-0.169	1	1
-0.17	1	1
-0.171	1	1
-0.172	1	1
-0.173	1	1
-0.174	1	1
-0.175	1	1
-0.176	1	1
-0.177	1	1
-0.178	1	1
-0.179	1	1
-0.18	1	1
-0.181	1	1
-0.182	1	1
-0.183	1	1
-0.184	1	1
-0.185	1	1
-0.186	1	1
-0.187	1	1
-0.188	1	1
-0.189	1	1
-0.19	1	1
-0.191	1	1
-0.192	1	1
-0.193	1	1
-0.194	1	1
-0.195	1	1
-0.196	1	1
-0.197	1	1
-0.198	1	1
-0.199	1	1
-0.2	1	1
-0.201	1	1
-0.202	1	1
-0.203	1	1
-0.204	1	1
-0.205	1	1
-0.206	1	1
-0.207	1	1
-0.208	1	1
-0.209	1	1
-0.21	1	1
-0.211	1	1
-0.212	1	1
-0.213	1	1
-0.214	1	1
-0.215	1	1
-0.216	1	1
-0.217	1	1
-0.218	1	1
-0.219	1	1
-0.22	1	1
-0.221	1	1
-0.222	1	1
-0.223	1	1
-0.224	1	1
-0.225	1	1
-0.226	1	1
-0.227	1	1
-0.228	1	1
-0.229	1	1
-0.23	1	1
-0.231	1	1
-0.232	1	1
-0.233	1	1
-0.234	1	1
-0.235	1	1
-0.236	1	1
-0.237	1	1
-0.238	1	1
-0.239	1	1
-0.24	1	1
-0.241	1	1
-0.242	1	1
-0.243	1	1
-0.244	1	1
-0.245	1	1
-0.246	1	1
-0.247	1	1
-0.248	1	1
-0.249	1	1
-0.25	1	1
-0.251	1	1
-0.252	1	1
-0.253	1	1
-0.254	1	1
-0.255	1	1
-0.256	1	1
-0.257	1	1
-0.258	1	1
-0.259	1	1
-0.26	1	1
-0.261	1	1
-0.262	1	1
-0.263	1	1
-0.264	1	1
-0.265	1	1
-0.266	1	1
-0.267	1	1
-0.268	1	1
-0.269	1	1
-0.27	1	1
-0.271	1	1
-0.272	1	1
-0.273	1	1
-0.274	1	1
-0.275	1	1
-0.276	1	1
-0.277	1	1
-0.278	1	1
-0.279	1	1
-0.28	1	1
-0.281	1	1
-0.282	1	1
-0.283	1	1
-0.284	1	1
-0.285	1	1
-0.286	1	1
-0.287	1	1
-0.288	1	1
-0.289	1	1
-0.29	1	1
-0.291	1	1
-0.292	1	1
-0.293	1	1
-0.294	1	1
-0.295	1	1
-0.296	1	1
-0.297	1	1
-0.298	1	1
-0.299	1	1
-0.3	1	1
-0.301	1	1
-0.302	1	1
-0.303	1	1
-0.304	1	1
-0.305	1	1
-0.306	1	1
-0.307	1	1
-0.308	1	1
-0.309	1	1
-0.31	1	1
-0.311	1	1
-0.312	1	1
-0.313	1	1
-0.314	1	1
-0.315	1	1
-0.316	1	1
-0.317	1	1
-0.318	1	1
-0.319	1	1
-0.32	1	1
-0.321	1	1
-0.322	1	1
-0.323	1	1
-0.324	1	1
-0.325	1	1
-0.326	1	1
-0.327	1	1
-0.328	1	1
-0.329	1	1
-0.33	1	1
-0.331	1	1
-0.332	1	1
-0.333	1	1
-0.334	1	1
-0.335	1	1
-0.336	1	1
-0.337	1	1
-0.338	1	1
-0.339	1	1
-0.34	1	1
-0.341	1	1
-0.342	1	1
-0.343	1	1
-0.344	1	1
-0.345	1	1
-0.346	1	1
-0.347	1	1
-0.348	1	1
-0.349	1	1
-0.35	1	1
-0.351	1	1
-0.352	1	1
-0.353	1	1
-0.354	1	1
-0.355	1	1
-0.356	1	1
-0.357	1	1
-0.358	1	1
-0.359	1	1
-0.36	1	1
-0.361	1	1
-0.362	1	1
-0.363	1	1
-0.364	1	1
-0.365	1	1
-0.366	1	1
-0.367	1	1
-0.368	1	1
-0.369	1	1
-0.37	1	1
-0.371	1	1
-0.372	1	1
-0.373	1	1
-0.374	1	1
-0.375	1	1
-0.376	1	1
-0.377	1	1
-0.378	1	1
-0.379	1	1
-0.38	1	1
-0.381	1	1
-0.382	1	1
-0.383	1	1
-0.384	1	1
-0.385	1	1
-0.386	1	1
-0.387	1	1
-0.388	1	1
-0.389	1	1
-0.39	1	1
-0.391	1	1
-0.392	1	1
-0.393	1	1
-0.394	1	1
-0.395	1	1
-0.396	1	1
-0.397	1	1
-0.398	1	1
-0.399	1	1
-0.4	1	1
-0.401	1	1
-0.402	1	1
-0.403	1	1
-0.404	1	1
-0.405	1	1
-0.406	1	1
-0.407	1	1
-0.408	1	1
-0.409	1	1
-0.41	1	1
-0.411	1	1
-0.412	1	1
-0.413	1	1
-0.414	1	1
-0.415	1	1
-0.416	1	1
-0.417	1	1
-0.418	1	1
-0.419	1	1
-0.42	1	1
-0.421	1	1
-0.422	1	1
-0.423	1	1
-0.424	1	1
-0.425	1	1
-0.426	1	1
-0.427	1	1
-0.428	1	1
-0.429	1	1
-0.43	1	1
-0.431	1	1
-0.432	1	1
-0.433	1	1
-0.434	1	1
-0.435	1	1
-0.436	1	1
-0.437	1	1
-0.438	1	1
-0.439	1	1
-0.44	1	1
-0.441	1	1
-0.442	1	1
-0.443	1	1
-0.444	1	1
-0.445	1	1
-0.446	1	1
-0.447	1	1
-0.448	1	1
-0.449	1	1
-0.45	1	1
-0.451	1	1
-0.452	1	1
-0.453	1	1
-0.454	1	1
-0.455	1	1
-0.456	1	1
-0.457	1	1
-0.458	1	1
-0.459	1	1
-0.46	1	1
-0.461	1	1
-0.462	1	1
-0.463	1	1
-0.464	1	1
-0.465	1	1
-0.466	1	1
-0.467	1	1
-0.468	1	1
-0.469	1	1
-0.47	1	1
-0.471	1	1
-0.472	1	1
-0.473	1	1
-0.474	1	1
-0.475	1	1
-0.476	1	1
-0.477	1	1
-0.478	1	1
-0.479	1	1
-0.48	1	1
-0.481	1	1
-0.482	1	1
-0.483	1	1
-0.484	1	1
-0.485	1	1
-0.486	1	1
-0.487	1	1
-0.488	1	1
-0.489	1	1
-0.49	1	1
-0.491	1	1
-0.492	1	1
-0.493	1	1
-0.494	1	1
-0.495	1	1
-0.496	1	1
-0.497	1	1
-0.498	1	1
-0.499	1	1
-0.5	1	1
-0.501	1	1
-0.502	1	1
-0.503	1	1
-0.504	1	1
-0.505	1	1
-0.506	1	1
-0.507	1	1
-0.508	1	1
-0.509	1	1
-0.51	1	1
-0.511	1	1
-0.512	1	1
-0.513	1	1
-0.514	1	1
-0.515	1	1
-0.516	1	1
-0.517	1	1
-0.518	1	1
-0.519	1	1
-0.52	1	1
-0.521	1	1
-0.522	1	1
-0.523	1	1
-0.524	1	1
-0.525	1	1
-0.526	1	1
-0.527	1	1
-0.528	1	1
-0.529	1	1
-0.53	1	1
-0.531	1	1
-0.532	1	1
-0.533	1	1
-0.534	1	1
-0.535	1	1
-0.536	1	1
-0.537	1	1
-0.538	1	1
-0.539	1	1
-0.54	1	1
-0.541	1	1
-0.542	1	1
-0.543	1	1
-0.544	1	1
-0.545	1	1
-0.546	1	1
-0.547	1	1
-0.548	1	1
-0.549	1	1
-0.55	1	1
-0.551	1	1
-0.552	1	1
-0.553	1	1
-0.554	1	1
-0.555	1	1
-0.556	1	1
-0.557	1	1
-0.558	1	1
-0.559	1	1
-0.56	1	1
-0.561	1	1
-0.562	1	1
-0.563	1	1
-0.564	1	1
-0.565	1	1
-0.566	1	1
-0.567	1	1
-0.568	1	1
-0.569	1	1
-0.57	1	1
-0.571	1	1
-0.572	1	1
-0.573	1	1
-0.574	1	1
-0.575	1	1
-0.576	1	1
-0.577	1	1
-0.578	1	1
-0.579	1	1
-0.58	1	1
-0.581	1	1
-0.582	1	1
-0.583	1	1
-0.584	1	1
-0.585	1	1
-0.586	1	1
-0.587	1	1
-0.588	1	1
-0.589	1	1
-0.59	1	1
-0.591	1	1
-0.592	1	1
-0.593	1	1
-0.594	1	1
-0.595	1	1
-0.596	1	1
-0.597	1	1
-0.598	1	1
-0.599	1	1
-0.6	1	1
-0.601	1	1
-0.602	1	1
-0.603	1	1
-0.604	1	1
-0.605	1	1
-0.606	1	1
-0.607	1	1
-0.608	1	1
-0.609	1	1
-0.61	1	1
-0.611	1	1
-0.612	1	1
-0.613	1	1
-0.614	1	1
-0.615	1	1
-0.616	1	1
-0.617	1	1
-0.618	1	1
-0.619	1	1
-0.62	1	1
-0.621	1	1
-0.622	1	1
-0.623	1	1
-0.624	1	1
-0.625	1	1
-0.626	1	1
-0.627	1	1
-0.628	1	1
-0.629	1	1
-0.63	1	1
-0.631	1	1
-0.632	1	1
-0.633	1	1
-0.634	1	1
-0.635	1	1
-0.636	1	1
-0.637	1	1
-0.638	1	1
-0.639	1	1
-0.64	1	1
-0.641	1	1
-0.642	1	1
-0.643	1	1
-0.644	1	1
-0.645	1	1
-0.646	1	1
-0.647	1	1
-0.648	1	1
-0.649	1	1
-0.65	1	1
-0.651	1	1
-0.652	1	1
-0.653	1	1
-0.654	1	1
-0.655	1	1
-0.656	1	1
-0.657	1	1
-0.658	1	1
-0.659	1	1
-0.66	1	1
-0.661	1	1
-0.662	1	1
-0.663	1	1
-0.664	1	1
-0.665	1	1
-0.666	1	1
-0.667	1	1
-0.668	1	1
-0.669	1	1
-0.67	1	1
-0.671	1	1
-0.672	1	1
-0.673	1	1
-0.674	1	1
-0.675	1	1
-0.676	1	1
-0.677	1	1
-0.678	1	1
-0.679	1	1
-0.68	1	1
-0.681	1	1
-0.682	1	1
-0.683	1	1
-0.684	1	1
-0.685	1	1
-0.686	1	1
-0.687	1	1
-0.688	1	1
-0.689	1	1
-0.69	1	1
-0.691	1	1
-0.692	1	1
-0.693	1	1
-0.694	1	1
-0.695	1	1
-0.696	1	1
-0.697	1	1
-0.698	1	1
-0.699	1	1
-0.7	1	1
-0.701	1	1
-0.702	1	1
-0.703	1	1
-0.704	1	1
-0.705	1	1
-0.706	1	1
-0.707	1	1
-0.708	1	1
-0.709	1	1
-0.71	1	1
-0.711	1	1
-0.712	1	1
-0.713	1	1
-0.714	1	1
-0.715	1	1
-0.716	1	1
-0.717	1	1
-0.718	1	1
-0.719	1	1
-0.72	1	1
-0.721	1	1
-0.722	1	1
-0.723	1	1
-0.724	1	1
-0.725	1	1
-0.726	1	1
-0.727	1	1
-0.728	1	1
-0.729	1	1
-0.73	1	1
-0.731	1	1
-0.732	1	1
-0.733	1	1
-0.734	1	1
-0.735	1	1
-0.736	1	1
-0.737	1	1
-0.738	1	1
-0.739	1	1
-0.74	1	1
-0.741	1	1
-0.742	1	1
-0.743	1	1
-0.744	1	1
-0.745	1	1
-0.746	1	1
-0.747	1	1
-0.748	1	1
-0.749	1	1
-0.75	1	1
-0.751	1	1
-0.752	1	1
-0.753	1	1
-0.754	1	1
-0.755	1	1
-0.756	1	1
-0.757	1	1
-0.758	1	1
-0.759	1	1
-0.76	1	1
-0.761	1	1
-0.762	1	1
-0.763	1	1
-0.764	1	1
-0.765	1	1
-0.766	1	1
-0.767	1	1
-0.768	1	1
-0.769	1	1
-0.77	1	1
-0.771	1	1
-0.772	1	1
-0.773	1	1
-0.774	1	1
-0.775	1	1
-0.776	1	1
-0.777	1	1
-0.778	1	1
-0.779	1	1
-0.78	1	1
-0.781	1	1
-0.782	1	1
-0.783	1	1
-0.784	1	1
-0.785	1	1
-0.786	1	1
-0.787	1	1
-0.788	1	1
-0.789	1	1
-0.79	1	1
-0.791	1	1
-0.792	1	1
-0.793	1	1
-0.794	1	1
-0.795	1	1
-0.796	1	1
-0.797	1	1
-0.798	1	1
-0.799	1	1
-0.8	1	1
-0.801	1	1
-0.802	1	1
-0.803	1	1
-0.804	1	1
-0.805	1	1
-0.806	1	1
-0.807	1	1
-0.808	1	1
-0.809	1	1
-0.81	1	1
-0.811	1	1
-0.812	1	1
-0.813	1	1
-0.814	1	1
-0.815	1	1
-0.816	1	1
-0.817	1	1
-0.818	1	1
-0.819	1	1
-0.82	1	1
-0.821	1	1
-0.822	1	1
-0.823	1	1
-0.824	1	1
-0.825	1	1
-0.826	1	1
-0.827	1	1
-0.828	1	1
-0.829	1	1
-0.83	1	1
-0.831	1	1
-0.832	1	1
-0.833	1	1
-0.834	1	1
-0.835	1	1
-0.836	1	1
-0.837	1	1
-0.838	1	1
-0.839	1	1
-0.84	1	1
-0.841	1	1
-0.842	1	1
-0.843	1	1
-0.844	1	1
-0.845	1	1
-0.846	1	1
-0.847	1	1
-0.848	1	1
-0.849	1	1
-0.85	1	1
-0.851	1	1
-0.852	1	1
-0.853	1	1
-0.854	1	1
-0.855	1	1
-0.856	1	1
-0.857	1	1
-0.858	1	1
-0.859	1	1
-0.86	1	1
-0.861	1	1
-0.862	1	1
-0.863	1	1
-0.864	1	1
-0.865	1	1
-0.866	1	1
-0.867	1	1
-0.868	1	1
-0.869	1	1
-0.87	1	1
-0.871	1	1
-0.872	1	1
-0.873	1	1
-0.874	1	1
-0.875	1	1
-0.876	1	1
-0.877	1	1
-0.878	1	1
-0.879	1	1
-0.88	1	1
-0.881	1	1
-0.882	1	1
-0.883	1	1
-0.884	1	1
-0.885	1	1
-0.886	1	1
-0.887	1	1
-0.888	1	1
-0.889	1	1
-0.89	1	1
-0.891	1	1
-0.892	1	1
-0.893	1	1
-0.894	1	1
-0.895	1	1
-0.896	1	1
-0.897	1	1
-0.898	1	1
-0.899	1	1
-0.9	1	1
-0.901	1	1
-0.902	1	1
-0.903	1	1
-0.904	1	1
-0.905	1	1
-0.906	1	1
-0.907	1	1
-0.908	1	1
-0.909	1	1
-0.91	1	1
-0.911	1	1
-0.912	1	1
-0.913	1	1
-0.914	1	1
-0.915	1	1
-0.916	1	1
-0.917	1	1
-0.918	1	1
-0.919	1	1
-0.92	1	1
-0.921	1	1
-0.922	1	1
-0.923	1	1
-0.924	1	1
-0.925	1	1
-0.926	1	1
-0.927	1	1
-0.928	1	1
-0.929	1	1
-0.93	1	1
-0.931	1	1
-0.932	1	1
-0.933	1	1
-0.934	1	1
-0.935	1	1
-0.936	1	1
-0.937	1	1
-0.938	1	1
-0.939	1	1
-0.94	1	1
-0.941	1	1
-0.942	1	1
-0.943	1	1
-0.944	1	1
-0.945	1	1
-0.946	1	1
-0.947	1	1
-0.948	1	1
-0.949	1	1
-0.95	1	1
-0.951	1	1
-0.952	1	1
-0.953	1	1
-0.954	1	1
-0.955	1	1
-0.956	1	1
-0.957	1	1
-0.958	1	1
-0.959	1	1
-0.96	1	1
-0.961	1	1
-0.962	1	1
-0.963	1	1
-0.964	1	1
-0.965	1	1
-0.966	1	1
-0.967	1	1
-0.968	1	1
-0.969	1	1
-0.97	1	1
-0.971	1	1
-0.972	1	1
-0.973	1	1
-0.974	1	1
-0.975	1	1
-0.976	1	1
-0.977	1	1
-0.978	1	1
-0.979	1	1
-0.98	1	1
-0.981	1	1
-0.982	1	1
-0.983	1	1
-0.984	1	1
-0.985	1	1
-0.986	1	1
-0.987	1	1
-0.988	1	1
-0.989	1	1
-0.99	1	1
-0.991	1	1
-0.992	1	1
-0.993	1	1
-0.994	1	1
-0.995	1	1
-0.996	1	1
-0.997	1	1
-0.998	1	1
-0.999	1	1
-1	1	1
