threshold	FAR	TAR
0.999	0	0.000150017502
0.998	0	0.0001583518077
0.997	0	0.0001583518077
0.996	0	0.0001583518077
0.995	0	0.0001666861134
0.994	0	0.000175020419
0.993	0	0.0001916890304
0.992	0	0.0002083576417
0.991	0	0.0002500291701
0.99	0	0.0002583634757
0.989	0	0.0003083693098
0.988	0	0.0003583751438
0.987	0	0.0003833780608
0.986	0	0.0004083809778
0.985	0	0.0004333838948
0.984	0	0.0004417182005
0.983	0	0.0004750554231
0.982	0	0.0005000583401
0.981	0	0.0005250612571
0.98	0	0.0005667327855
0.979	0	0.0005834013968
0.978	0	0.0006417415365
0.977	0	0.0006500758422
0.976	0	0.0006917473705
0.975	8.33416675e-10	0.0007000816762
0.974	8.33416675e-10	0.0007000816762
0.973	8.33416675e-10	0.0007084159819
0.972	8.33416675e-10	0.0007500875102
0.971	8.33416675e-10	0.0007917590386
0.97	8.33416675e-10	0.0008334305669
0.969	8.33416675e-10	0.0008584334839
0.968	8.33416675e-10	0.0008667677896
0.967	8.33416675e-10	0.0008917707066
0.966	8.33416675e-10	0.0009251079293
0.965	8.33416675e-10	0.0009417765406
0.964	8.33416675e-10	0.0009834480689
0.963	8.33416675e-10	0.0009917823746
0.962	8.33416675e-10	0.001008450986
0.961	8.33416675e-10	0.001066791126
0.96	8.33416675e-10	0.001100128348
0.959	8.33416675e-10	0.001133465571
0.958	8.33416675e-10	0.001150134182
0.957	8.33416675e-10	0.001183471405
0.956	8.33416675e-10	0.001225142933
0.955	8.33416675e-10	0.001275148767
0.954	8.33416675e-10	0.001333488907
0.953	8.33416675e-10	0.001375160435
0.952	8.33416675e-10	0.001416831964
0.951	8.33416675e-10	0.001416831964
0.95	8.33416675e-10	0.001491840715
0.949	8.33416675e-10	0.001541846549
0.948	8.33416675e-10	0.0016168553
0.947	8.33416675e-10	0.001675195439
0.946	8.33416675e-10	0.001725201273
0.945	8.33416675e-10	0.001758538496
0.944	8.33416675e-10	0.001858550164
0.943	8.33416675e-10	0.001908555998
0.942	8.33416675e-10	0.001933558915
0.941	8.33416675e-10	0.002033570583
0.94	8.33416675e-10	0.002100245029
0.939	8.33416675e-10	0.002183588085
0.938	8.33416675e-10	0.002283599753
0.937	8.33416675e-10	0.002350274199
0.936	8.33416675e-10	0.002466954478
0.935	8.33416675e-10	0.002566966146
0.934	8.33416675e-10	0.002608637674
0.933	8.33416675e-10	0.002683646425
0.932	8.33416675e-10	0.002791992399
0.931	8.33416675e-10	0.002883669761
0.93	8.33416675e-10	0.002975347124
0.929	8.33416675e-10	0.003067024486
0.928	8.33416675e-10	0.003142033237
0.927	8.33416675e-10	0.003242044905
0.926	8.33416675e-10	0.00336705949
0.925	8.33416675e-10	0.003525411298
0.924	8.33416675e-10	0.003667094494
0.923	8.33416675e-10	0.003767106162
0.922	1.66683335e-09	0.003883786442
0.921	1.66683335e-09	0.004050472555
0.92	1.66683335e-09	0.00417548714
0.919	1.66683335e-09	0.004317170337
0.918	2.500250025e-09	0.004508859367
0.917	2.500250025e-09	0.004683879786
0.916	3.3336667e-09	0.00479222576
0.915	3.3336667e-09	0.004975580484
0.914	3.3336667e-09	0.005117263681
0.913	3.3336667e-09	0.005367292851
0.912	3.3336667e-09	0.005625656327
0.911	3.3336667e-09	0.005767339523
0.91	3.3336667e-09	0.005892354108
0.909	3.3336667e-09	0.006050705916
0.908	3.3336667e-09	0.006250729252
0.907	3.3336667e-09	0.006492424116
0.906	3.3336667e-09	0.006684113147
0.905	3.3336667e-09	0.006842464954
0.904	3.3336667e-09	0.007059156902
0.903	5.00050005e-09	0.007234177321
0.902	5.833916725e-09	0.007475872185
0.901	5.833916725e-09	0.007650892604
0.9	5.833916725e-09	0.007817578718
0.899	5.833916725e-09	0.008084276499
0.898	5.833916725e-09	0.008400980114
0.897	5.833916725e-09	0.008676012201
0.896	6.6673334e-09	0.009001050123
0.895	7.500750075e-09	0.009192739153
0.894	7.500750075e-09	0.009434434017
0.893	7.500750075e-09	0.009701131799
0.892	7.500750075e-09	0.009976163886
0.891	9.167583425e-09	0.0102928675
0.89	9.167583425e-09	0.01074292001
0.889	9.167583425e-09	0.01104295501
0.888	1.00010001e-08	0.01152634474
0.887	1.00010001e-08	0.01192639141
0.886	1.00010001e-08	0.01226809794
0.885	1.00010001e-08	0.01270148184
0.884	1.00010001e-08	0.01310986282
0.883	1.00010001e-08	0.01348490657
0.882	1.00010001e-08	0.01395162769
0.881	1.00010001e-08	0.01431000283
0.88	1.00010001e-08	0.01471838381
0.879	1.33346668e-08	0.01505175604
0.878	1.33346668e-08	0.0154434684
0.877	1.416808348e-08	0.01583518077
0.876	1.416808348e-08	0.01618522161
0.875	1.416808348e-08	0.01664360842
0.874	1.583491683e-08	0.01701865218
0.873	1.583491683e-08	0.01746870468
0.872	1.66683335e-08	0.01802710316
0.871	1.833516685e-08	0.01846882136
0.87	1.916858353e-08	0.01891887387
0.869	1.916858353e-08	0.01937726068
0.868	1.916858353e-08	0.01989398763
0.867	1.916858353e-08	0.02048572333
0.866	1.916858353e-08	0.02096077876
0.865	1.916858353e-08	0.02150250863
0.864	2.00020002e-08	0.0220525728
0.863	2.083541688e-08	0.02260263697
0.862	2.250225023e-08	0.02326938143
0.861	2.33356669e-08	0.02380277699
0.86	2.416908358e-08	0.02438617839
0.859	2.500250025e-08	0.02501958562
0.858	2.500250025e-08	0.02555298118
0.857	2.500250025e-08	0.02628640008
0.856	2.500250025e-08	0.0267614555
0.855	2.583591693e-08	0.02737819412
0.854	2.583591693e-08	0.02806994149
0.853	2.583591693e-08	0.02862833997
0.852	2.66693336e-08	0.02921174137
0.851	2.66693336e-08	0.02987848582
0.85	2.66693336e-08	0.03066191056
0.849	2.66693336e-08	0.03129531779
0.848	2.66693336e-08	0.03201206807
0.847	2.66693336e-08	0.03277048989
0.846	2.833616695e-08	0.03363725768
0.845	2.833616695e-08	0.03441234811
0.844	3.00030003e-08	0.03516243562
0.843	3.00030003e-08	0.03596252896
0.842	3.083641698e-08	0.036754288
0.841	3.166983365e-08	0.03754604704
0.84	3.417008368e-08	0.03829613455
0.839	3.417008368e-08	0.03908789359
0.838	3.500350035e-08	0.03997132999
0.837	3.66703337e-08	0.04068808028
0.836	3.750375038e-08	0.04161318821
0.835	3.917058373e-08	0.0424882903
0.834	4.083741708e-08	0.04344673545
0.833	4.167083375e-08	0.04421349157
0.832	4.417108378e-08	0.0451385995
0.831	4.583791713e-08	0.04609704466
0.83	4.66713338e-08	0.04708049272
0.829	4.66713338e-08	0.04803893788
0.828	4.833816715e-08	0.04911406331
0.827	5.00050005e-08	0.0501391829
0.826	5.250525053e-08	0.05110596236
0.825	5.417208388e-08	0.05211441335
0.824	5.500550055e-08	0.05319787309
0.823	5.750575058e-08	0.05418965546
0.822	5.750575058e-08	0.05519810645
0.821	5.833916725e-08	0.0561565516
0.82	6.083941728e-08	0.0570483223
0.819	6.167283395e-08	0.05819012218
0.818	6.250625063e-08	0.05927358192
0.817	6.417308398e-08	0.0604237161
0.816	6.500650065e-08	0.06176553931
0.815	6.500650065e-08	0.06289067058
0.814	6.500650065e-08	0.06396579601
0.813	6.583991733e-08	0.06503258714
0.812	6.834016735e-08	0.06633273882
0.811	6.834016735e-08	0.06757455036
0.81	7.00070007e-08	0.06868301302
0.809	7.084041738e-08	0.06994982748
0.808	7.084041738e-08	0.07108329305
0.807	7.167383405e-08	0.0721917557
0.806	7.167383405e-08	0.07329188405
0.805	7.33406674e-08	0.07434200657
0.804	7.33406674e-08	0.0755588152
0.803	7.33406674e-08	0.07675062091
0.802	7.500750075e-08	0.07810911273
0.801	7.500750075e-08	0.07929258413
0.8	7.584091743e-08	0.08035104095
0.799	7.584091743e-08	0.08164285833
0.798	7.66743341e-08	0.08292634141
0.797	7.750775078e-08	0.08420982448
0.796	7.917458413e-08	0.085559982
0.795	8.00080008e-08	0.08686846799
0.794	8.00080008e-08	0.08826029703
0.793	8.00080008e-08	0.0896854633
0.792	8.084141748e-08	0.0911439668
0.791	8.250825083e-08	0.09257746737
0.79	8.500850085e-08	0.09397763072
0.789	8.66753342e-08	0.0954111313
0.788	8.834216755e-08	0.09679462604
0.787	8.917558423e-08	0.0983531412
0.786	9.00090009e-08	0.09981164469
0.785	9.167583425e-08	0.1010951278
0.784	9.250925093e-08	0.1025786342
0.783	9.417608428e-08	0.1041204807
0.782	9.500950095e-08	0.1056623273
0.781	9.500950095e-08	0.1070124848
0.78	9.750975098e-08	0.108545997
0.779	1.00010001e-07	0.1100461721
0.778	1.033436677e-07	0.1116130215
0.777	1.058439177e-07	0.1131298652
0.776	1.066773344e-07	0.1146300402
0.775	1.066773344e-07	0.116180221
0.774	1.075107511e-07	0.117897088
0.773	1.075107511e-07	0.1194055973
0.772	1.100110011e-07	0.1210141183
0.771	1.133446678e-07	0.1225309619
0.77	1.141780845e-07	0.1243395063
0.769	1.175117512e-07	0.1258480156
0.768	1.183451679e-07	0.1274815395
0.767	1.200120012e-07	0.129131732
0.766	1.216788346e-07	0.1308069275
0.765	1.250125013e-07	0.1326404747
0.764	1.258459179e-07	0.1345323621
0.763	1.275127513e-07	0.1363075692
0.762	1.300130013e-07	0.138182788
0.761	1.316798347e-07	0.1399246579
0.76	1.35846918e-07	0.1416748621
0.759	1.375137514e-07	0.1435167436
0.758	1.383471681e-07	0.145325288
0.757	1.416808348e-07	0.1469921491
0.756	1.441810848e-07	0.1487840248
0.755	1.450145015e-07	0.1508092611
0.754	1.466813348e-07	0.1527678229
0.753	1.491815848e-07	0.154434684
0.752	1.516818349e-07	0.1560765423
0.751	1.533486682e-07	0.1579934326
0.75	1.541820849e-07	0.1596852966
0.749	1.550155016e-07	0.1615021753
0.748	1.591825849e-07	0.1634690714
0.747	1.633496683e-07	0.1653359559
0.746	1.64183085e-07	0.1673111863
0.745	1.69183585e-07	0.1690863934
0.744	1.708504184e-07	0.1712033071
0.743	1.741840851e-07	0.1729535112
0.742	1.783511685e-07	0.1748120614
0.741	1.816848352e-07	0.1768372977
0.74	1.841850852e-07	0.178837531
0.739	1.841850852e-07	0.180746087
0.738	1.858519185e-07	0.1828546664
0.737	1.866853352e-07	0.184863234
0.736	1.883521686e-07	0.1868884703
0.735	1.908524186e-07	0.1889637124
0.734	1.966863353e-07	0.1908305969
0.733	2.00020002e-07	0.192822496
0.732	2.008534187e-07	0.1950894271
0.731	2.050205021e-07	0.1970313203
0.73	2.100210021e-07	0.1991565683
0.729	2.141880855e-07	0.2008734352
0.728	2.158549188e-07	0.2028653343
0.727	2.233556689e-07	0.2048572333
0.726	2.266893356e-07	0.2069241411
0.725	2.300230023e-07	0.2088160285
0.724	2.316898357e-07	0.2107829247
0.723	2.325232523e-07	0.2130248529
0.722	2.350235024e-07	0.2148167286
0.721	2.350235024e-07	0.2168586335
0.72	2.400240024e-07	0.2190505559
0.719	2.441910858e-07	0.2208591002
0.718	2.458579191e-07	0.2229593453
0.717	2.491915858e-07	0.225051256
0.716	2.525252525e-07	0.2271348324
0.715	2.575257526e-07	0.2292934176
0.714	2.591925859e-07	0.2316603604
0.713	2.625262526e-07	0.2335689164
0.712	2.683601694e-07	0.2356108213
0.711	2.716938361e-07	0.2376943977
0.71	2.733606694e-07	0.239802977
0.709	2.766943361e-07	0.2420532395
0.708	2.775277528e-07	0.244111813
0.707	2.791945861e-07	0.2463287384
0.706	2.850285029e-07	0.2482456287
0.705	2.866953362e-07	0.2505625656
0.704	2.891955862e-07	0.2528544997
0.703	2.908624196e-07	0.2549964162
0.702	2.925292529e-07	0.25717167
0.701	2.95029503e-07	0.2593135866
0.7	3.033636697e-07	0.2614138316
0.699	3.050305031e-07	0.2636557598
0.698	3.058639197e-07	0.2657643392
0.697	3.075307531e-07	0.2681562849
0.696	3.108644198e-07	0.270339873
0.695	3.141980865e-07	0.2726234727
0.694	3.175317532e-07	0.2749320754
0.693	3.225322532e-07	0.2772406781
0.692	3.275327533e-07	0.2796076209
0.691	3.325332533e-07	0.2819495608
0.69	3.342000867e-07	0.2842831664
0.689	3.375337534e-07	0.2864834231
0.688	3.433676701e-07	0.2886170053
0.687	3.458679201e-07	0.2908089277
0.686	3.483681702e-07	0.2932342107
0.685	3.508684202e-07	0.2954344674
0.684	3.542020869e-07	0.2976680613
0.683	3.575357536e-07	0.2996599603
0.682	3.592025869e-07	0.3020435718
0.681	3.633696703e-07	0.3043605087
0.68	3.675367537e-07	0.3067691231
0.679	3.69203587e-07	0.30908606
0.678	3.733706704e-07	0.3114780058
0.677	3.767043371e-07	0.3140283033
0.676	3.833716705e-07	0.3162785658
0.675	3.858719205e-07	0.318437151
0.674	3.892055872e-07	0.3206207391
0.673	3.917058373e-07	0.3229293418
0.672	3.958729206e-07	0.32517127
0.671	4.02540254e-07	0.327788242
0.67	4.100410041e-07	0.32997183
0.669	4.142080875e-07	0.3322220926
0.668	4.183751709e-07	0.3343890121
0.667	4.275427543e-07	0.3368059607
0.666	4.342100877e-07	0.3389062057
0.665	4.375437544e-07	0.3410897938
0.664	4.417108378e-07	0.3433483906
0.663	4.475447545e-07	0.3458236794
0.662	4.567123379e-07	0.3480822763
0.661	4.575457546e-07	0.3504408848
0.66	4.608794213e-07	0.3527161502
0.659	4.658799213e-07	0.3548830697
0.658	4.69213588e-07	0.3570916607
0.657	4.742140881e-07	0.359500275
0.656	4.800480048e-07	0.3619922324
0.655	4.842150882e-07	0.3642258263
0.654	4.917158383e-07	0.3663760772
0.653	4.97549755e-07	0.3687763572
0.652	5.00050005e-07	0.3710349541
0.651	5.033836717e-07	0.372968513
0.65	5.108844218e-07	0.3752271098
0.649	5.125512551e-07	0.3774190322
0.648	5.175517552e-07	0.379702632
0.647	5.242190886e-07	0.3821195806
0.646	5.267193386e-07	0.3842614972
0.645	5.30886422e-07	0.386711783
0.644	5.375537554e-07	0.38902872
0.643	5.400540054e-07	0.3911122964
0.642	5.450545055e-07	0.3933458904
0.641	5.508884222e-07	0.3955961529
0.64	5.567223389e-07	0.3977547381
0.639	5.633896723e-07	0.3999216575
0.638	5.69223589e-07	0.4024719551
0.637	5.725572557e-07	0.4048388979
0.636	5.775577558e-07	0.4071141633
0.635	5.842250892e-07	0.4091143967
0.634	5.867253392e-07	0.411414665
0.633	5.908924226e-07	0.4136065874
0.632	5.95059506e-07	0.4157901755
0.631	5.992265893e-07	0.4179737636
0.63	6.100610061e-07	0.4201823546
0.629	6.133946728e-07	0.4224242828
0.628	6.158949228e-07	0.4246995483
0.627	6.192285895e-07	0.4268331305
0.626	6.30896423e-07	0.4291750704
0.625	6.367303397e-07	0.4313503242
0.624	6.408974231e-07	0.4335005751
0.623	6.442310898e-07	0.4357091661
0.622	6.517318399e-07	0.4379344257
0.621	6.550655066e-07	0.4400263364
0.62	6.592325899e-07	0.4421765873
0.619	6.6423309e-07	0.444568533
0.618	6.6923359e-07	0.4466187722
0.617	6.734006734e-07	0.4488356975
0.616	6.800680068e-07	0.4510359542
0.615	6.859019235e-07	0.4529695131
0.614	6.95069507e-07	0.4550447552
0.613	7.017368404e-07	0.4571033287
0.612	7.117378405e-07	0.4593619256
0.611	7.250725073e-07	0.4612538129
0.61	7.33406674e-07	0.4636874302
0.609	7.417408408e-07	0.4657793409
0.608	7.534086742e-07	0.4677128998
0.607	7.584091743e-07	0.4698048106
0.606	7.66743341e-07	0.4717133666
0.605	7.800780078e-07	0.4738219459
0.604	7.900790079e-07	0.4762889004
0.603	7.925792579e-07	0.4782557965
0.602	8.02580258e-07	0.4803810445
0.601	8.159149248e-07	0.4827479873
0.6	8.250825083e-07	0.4846315403
0.599	8.35916925e-07	0.4868568
0.598	8.425842584e-07	0.488957045
0.597	8.492515918e-07	0.4908739353
0.596	8.559189252e-07	0.4930575234
0.595	8.600860086e-07	0.4951661027
0.594	8.709204254e-07	0.4971663361
0.593	8.792545921e-07	0.4992415782
0.592	8.892555922e-07	0.50120014
0.591	9.00090009e-07	0.503025353
0.59	9.109244258e-07	0.5050005834
0.589	9.234256759e-07	0.5071425
0.588	9.317598427e-07	0.5092510793
0.587	9.459279261e-07	0.5113679929
0.586	9.559289262e-07	0.5133182205
0.585	9.684301764e-07	0.5153267881
0.584	9.784311765e-07	0.5171936726
0.583	9.9509951e-07	0.519193906
0.582	1.00510051e-06	0.5210857933
0.581	1.02010201e-06	0.5231110296
0.58	1.03510351e-06	0.5252362776
0.579	1.046771344e-06	0.5271531679
0.578	1.062606261e-06	0.5289783808
0.577	1.075940927e-06	0.5311536346
0.576	1.099276594e-06	0.533237211
0.575	1.110944428e-06	0.5352957845
0.574	1.128446178e-06	0.5371543347
0.573	1.144281095e-06	0.5391629023
0.572	1.156782345e-06	0.5410797926
0.571	1.175117512e-06	0.5431216975
0.57	1.186785345e-06	0.5451636024
0.569	1.206787345e-06	0.5471138299
0.568	1.222622262e-06	0.5492724151
0.567	1.238457179e-06	0.5512559799
0.566	1.258459179e-06	0.5533062191
0.565	1.273460679e-06	0.5551897721
0.564	1.286795346e-06	0.5571066624
0.563	1.30346368e-06	0.558948544
0.562	1.320132013e-06	0.5609737803
0.561	1.33846718e-06	0.5626906472
0.56	1.35346868e-06	0.5645241945
0.559	1.37847118e-06	0.5663994133
0.558	1.396806347e-06	0.5681662861
0.557	1.415974931e-06	0.569991499
0.556	1.438477181e-06	0.571708366
0.555	1.455978931e-06	0.5736585935
0.554	1.478481181e-06	0.5754838064
0.553	1.498483182e-06	0.5772923508
0.552	1.533486682e-06	0.5790675579
0.551	1.561822849e-06	0.5808594336
0.55	1.576824349e-06	0.5828846699
0.549	1.599326599e-06	0.5846515427
0.548	1.627662766e-06	0.586460087
0.547	1.650998433e-06	0.5880352708
0.546	1.67683435e-06	0.5898854866
0.545	1.708504184e-06	0.5915690164
0.544	1.735173517e-06	0.5933108863
0.543	1.766009934e-06	0.5951360992
0.542	1.796846351e-06	0.5967279516
0.541	1.836016935e-06	0.5985698331
0.54	1.869353602e-06	0.6004450519
0.539	1.902690269e-06	0.6022285933
0.538	1.935193519e-06	0.6040538063
0.537	1.971863853e-06	0.605954028
0.536	2.01020102e-06	0.607754238
0.535	2.051871854e-06	0.609362759
0.534	2.091875854e-06	0.6111546347
0.533	2.128546188e-06	0.6129381761
0.532	2.167716772e-06	0.6145633657
0.531	2.206887355e-06	0.6162552298
0.53	2.257725773e-06	0.6180221026
0.529	2.302730273e-06	0.6197473039
0.528	2.34856819e-06	0.6214058307
0.527	2.399406607e-06	0.6231226976
0.526	2.462746275e-06	0.6247312186
0.525	2.525252525e-06	0.6263480739
0.524	2.586925359e-06	0.6279565949
0.523	2.65693236e-06	0.629431767
0.522	2.721938861e-06	0.6310152851
0.521	2.787778778e-06	0.6323987799
0.52	2.864453112e-06	0.6338322804
0.519	2.951128446e-06	0.6351907723
0.518	3.041137447e-06	0.6367159502
0.517	3.121978865e-06	0.6384328172
0.516	3.215321532e-06	0.6402496958
0.515	3.294496116e-06	0.6416081876
0.514	3.383671701e-06	0.6432917174
0.513	3.477847785e-06	0.6447168836
0.512	3.567023369e-06	0.6462503959
0.511	3.655365537e-06	0.6478922541
0.51	3.745374537e-06	0.6495341123
0.509	3.847051372e-06	0.6509842815
0.508	3.949561623e-06	0.6524677879
0.507	4.062906291e-06	0.6538846199
0.506	4.197919792e-06	0.6555431467
0.505	4.317931793e-06	0.6571516677
0.504	4.436276961e-06	0.6587518544
0.503	4.557122379e-06	0.6603270382
0.502	4.678801213e-06	0.6617355358
0.501	4.807980798e-06	0.6633107196
0.5	4.928826216e-06	0.6648192289
0.499	5.060506051e-06	0.6660693748
0.498	5.204687135e-06	0.6676445585
0.497	5.360536054e-06	0.6690613905
0.496	5.528886222e-06	0.6705865684
0.495	5.69223589e-06	0.6719950661
0.494	5.848084808e-06	0.6733535579
0.493	6.016434977e-06	0.6746620439
0.492	6.197286395e-06	0.6759205241
0.491	6.37897123e-06	0.6772206757
0.49	6.565656566e-06	0.6785541647
0.489	6.775677568e-06	0.6800043338
0.488	6.979031236e-06	0.681046122
0.487	7.194052739e-06	0.682679646
0.486	7.430743074e-06	0.6840631407
0.485	7.623262326e-06	0.6853966296
0.484	7.867453412e-06	0.6867051156
0.483	8.126645998e-06	0.6881969563
0.482	8.385005167e-06	0.6894304336
0.481	8.661699503e-06	0.6910056173
0.48	8.961729506e-06	0.6922224259
0.479	9.259259259e-06	0.6936309236
0.478	9.543454345e-06	0.6950644242
0.477	9.844317765e-06	0.6963312386
0.476	1.012767943e-05	0.6976647276
0.475	1.043771044e-05	0.6989982165
0.474	1.078857886e-05	0.700240028
0.473	1.116194953e-05	0.7016818629
0.472	1.153782045e-05	0.7030903605
0.471	1.193869387e-05	0.7044405181
0.47	1.232206554e-05	0.7057073325
0.469	1.269960329e-05	0.7068407981
0.468	1.313548021e-05	0.7078825863
0.467	1.354802147e-05	0.7092494124
0.466	1.402140214e-05	0.7104995583
0.465	1.447978131e-05	0.7115996866
0.464	1.49839984e-05	0.7127664894
0.463	1.548321499e-05	0.7139749637
0.462	1.600660066e-05	0.7151250979
0.461	1.654998833e-05	0.7162335606
0.46	1.71083775e-05	0.7174337006
0.459	1.769676968e-05	0.7186588435
0.458	1.830849752e-05	0.719817312
0.457	1.895772911e-05	0.7210507893
0.456	1.960612728e-05	0.7222175921
0.455	2.024619129e-05	0.7233927292
0.454	2.091875854e-05	0.7243011685
0.453	2.162466247e-05	0.7255513143
0.452	2.238390506e-05	0.7267847916
0.451	2.31406474e-05	0.7278765856
0.45	2.392655932e-05	0.7290017169
0.449	2.46949695e-05	0.7302268598
0.448	2.552921959e-05	0.7313603254
0.447	2.643597693e-05	0.7325437968
0.446	2.735190186e-05	0.7337272682
0.445	2.825115845e-05	0.7348523994
0.444	2.926625996e-05	0.7359941993
0.443	3.027719439e-05	0.7371693364
0.442	3.127479415e-05	0.7383694764
0.441	3.232573257e-05	0.7393279216
0.44	3.3496683e-05	0.7405030587
0.439	3.464846485e-05	0.7417865418
0.438	3.582191552e-05	0.7428700015
0.437	3.70453712e-05	0.7440701415
0.436	3.831299797e-05	0.7451786042
0.435	3.962062873e-05	0.7460120347
0.434	4.094992833e-05	0.7473705266
0.433	4.230173017e-05	0.7483206374
0.432	4.375604227e-05	0.7494624373
0.431	4.51920192e-05	0.7504875569
0.43	4.675217522e-05	0.7515210108
0.429	4.83206654e-05	0.7525377961
0.428	4.997583092e-05	0.7535379128
0.427	5.161849518e-05	0.7545630324
0.426	5.338117145e-05	0.755563149
0.425	5.516384972e-05	0.7566382745
0.424	5.696819682e-05	0.7575217109
0.423	5.887588759e-05	0.7586218392
0.422	6.085025169e-05	0.7596052873
0.421	6.284295096e-05	0.7605720667
0.42	6.48989899e-05	0.7616305236
0.419	6.705587225e-05	0.7625389629
0.418	6.931359803e-05	0.7633890621
0.417	7.159049238e-05	0.764397513
0.416	7.400823416e-05	0.7652309436
0.415	7.641680835e-05	0.7661810545
0.414	7.887038704e-05	0.7670394879
0.413	8.14523119e-05	0.7681396163
0.412	8.418258493e-05	0.7691480673
0.411	8.701286795e-05	0.7700648409
0.41	8.987648765e-05	0.7709732802
0.409	9.283678368e-05	0.7718567166
0.408	9.591292463e-05	0.7727901589
0.407	9.904990499e-05	0.7736985982
0.406	0.0001022885622	0.7746153718
0.405	0.0001056722339	0.7755404797
0.404	0.0001090984098	0.7765155935
0.403	0.0001127079375	0.7774823729
0.402	0.0001164374771	0.7783408064
0.401	0.0001202070207	0.7792159085
0.4	0.0001241615828	0.7800076676
0.399	0.0001281953195	0.7808744354
0.398	0.0001323374004	0.7817078659
0.397	0.0001366361636	0.7825579651
0.396	0.000141023269	0.7833330555
0.395	0.0001455920592	0.7841748204
0.394	0.0001502266893	0.7851082626
0.393	0.0001551096776	0.7859416932
0.392	0.0001601110111	0.7867667895
0.391	0.0001652248558	0.7876085543
0.39	0.000170619562	0.7883669761
0.389	0.0001761959529	0.7890503892
0.388	0.0001818540187	0.7898504826
0.387	0.0001877887789	0.7907005817
0.386	0.0001938352169	0.791525678
0.385	0.0001999841651	0.792317437
0.384	0.0002064214755	0.793217542
0.383	0.0002129404607	0.7939342923
0.382	0.0002197153049	0.7946010368
0.381	0.0002265376538	0.7952094411
0.38	0.0002336091943	0.7959095228
0.379	0.0002409999333	0.79654293
0.378	0.0002483623362	0.797251346
0.377	0.0002561789512	0.7979847649
0.376	0.0002642505917	0.7987848582
0.375	0.0002724239091	0.7994516027
0.374	0.0002810031003	0.8002266931
0.373	0.0002897564756	0.8010934609
0.372	0.000298759876	0.8017852083
0.371	0.0003080549722	0.8025602987
0.37	0.000317583425	0.8032603804
0.369	0.0003274435777	0.8040104679
0.368	0.0003375787579	0.8048522328
0.367	0.0003479022902	0.8054272999
0.366	0.0003583491683	0.8061440501
0.365	0.000369353602	0.8068274632
0.364	0.0003805422209	0.807585885
0.363	0.0003922008868	0.8083193039
0.362	0.0004041687502	0.8090110513
0.361	0.0004164591459	0.8096944644
0.36	0.0004289328933	0.8102945344
0.359	0.0004420042004	0.810994616
0.358	0.0004554788812	0.8116030204
0.357	0.0004693277661	0.8123197706
0.356	0.0004835791913	0.8131031954
0.355	0.0004982314898	0.8137532712
0.354	0.0005132738274	0.814320004
0.353	0.0005284953495	0.8150450886
0.352	0.0005445169517	0.815736836
0.351	0.0005606110611	0.8163952461
0.35	0.0005773285662	0.8170953278
0.349	0.0005945986265	0.8176953978
0.348	0.000612042871	0.8182537963
0.347	0.0006303271994	0.8189205407
0.346	0.0006489515618	0.819445602
0.345	0.0006681468147	0.8201706866
0.344	0.0006878804547	0.8207457537
0.343	0.0007083958396	0.8213958295
0.342	0.00072950045	0.8220792426
0.341	0.0007510234357	0.8226543097
0.34	0.0007730789746	0.8231960395
0.339	0.0007957312398	0.8238211125
0.338	0.000819093576	0.8244045139
0.337	0.0008428067807	0.8250962612
0.336	0.0008673650698	0.82577134
0.335	0.0008924100743	0.8264880903
0.334	0.0009186010268	0.8270548231
0.333	0.0009450020002	0.8276715617
0.332	0.0009722105544	0.8282216259
0.331	0.001000547555	0.8287550214
0.33	0.001029258759	0.8293050856
0.329	0.001059024236	0.830080176
0.328	0.001089688135	0.8305719001
0.327	0.001121044604	0.8310719584
0.326	0.001152879455	0.8317387028
0.325	0.001186092776	0.8323387729
0.324	0.001219846985	0.8329305086
0.323	0.001254855486	0.8333888954
0.322	0.001290825749	0.8340389712
0.321	0.001327596093	0.8346473755
0.32	0.001365332367	0.8351057623
0.319	0.001404067907	0.8356558265
0.318	0.001443644364	0.8361142133
0.317	0.001484283428	0.8366809461
0.316	0.001525937594	0.837331022
0.315	0.001569055239	0.8379144233
0.314	0.001612863786	0.8383811445
0.313	0.00165797163	0.8388728685
0.312	0.001704323766	0.8392479123
0.311	0.001751979365	0.8398313137
0.31	0.001800985099	0.8402897005
0.309	0.001851519319	0.840739753
0.308	0.001903188652	0.8412898171
0.307	0.001955942261	0.8418398813
0.306	0.002010059339	0.842323271
0.305	0.002065419042	0.842839998
0.304	0.002122466413	0.843356725
0.303	0.002180948928	0.8439067891
0.302	0.002240851585	0.8443735102
0.301	0.002302170217	0.8448318971
0.3	0.002365398206	0.8452902839
0.299	0.002430496383	0.8457736736
0.298	0.002496976364	0.8462153918
0.297	0.002565369037	0.8466904472
0.296	0.002635566057	0.8471821713
0.295	0.002707388239	0.8476822296
0.294	0.002780385539	0.8480322704
0.293	0.002855740574	0.8485573317
0.292	0.002933002467	0.8489407097
0.291	0.00301226706	0.8493074192
0.29	0.003093145148	0.8496907973
0.289	0.003175735074	0.8501325155
0.288	0.003260659399	0.8506742453
0.287	0.003348117312	0.8510492891
0.286	0.003437789612	0.8514243328
0.285	0.003529723806	0.8519660627
0.284	0.00362437077	0.8524077809
0.283	0.003720885422	0.8529078392
0.282	0.003819998667	0.8533828947
0.281	0.003920879588	0.8537079326
0.28	0.004024491616	0.8541246479
0.279	0.004130792246	0.854591369
0.278	0.004239423109	0.8549664127
0.277	0.004350744241	0.8554831397
0.276	0.004465303197	0.8559498608
0.275	0.004582249892	0.8563749104
0.274	0.004701615162	0.8567749571
0.273	0.004824282428	0.8571666694
0.272	0.004949966663	0.8575167103
0.271	0.005077826116	0.8578500825
0.27	0.005210034337	0.8582417949
0.269	0.005344750308	0.8586251729
0.268	0.005482435744	0.8590418882
0.267	0.00562249725	0.8595086093
0.266	0.005766719172	0.8598419816
0.265	0.005914734807	0.8602420282
0.264	0.006065894923	0.8606754121
0.263	0.006220845418	0.8610921274
0.262	0.006379645465	0.8614671712
0.261	0.006541914191	0.8618255463
0.26	0.006707689102	0.8621672528
0.259	0.006877616928	0.862608971
0.258	0.007051487649	0.8630673579
0.257	0.00722986382	0.8634173987
0.256	0.007412443744	0.8638091111
0.255	0.00759869737	0.8642758322
0.254	0.007789593126	0.8647425533
0.253	0.007984568457	0.8651842715
0.252	0.008183454179	0.8656009868
0.251	0.008387674601	0.8659093561
0.25	0.008596192953	0.8662427283
0.249	0.008809242591	0.8666094378
0.248	0.009027141881	0.8670678246
0.247	0.009250870087	0.8674428683
0.246	0.009478003634	0.8677429033
0.245	0.009711051939	0.8680512726
0.244	0.00994920492	0.8684013135
0.243	0.01019387939	0.8687180171
0.242	0.01044229756	0.8691847382
0.241	0.01069616545	0.8696097878
0.24	0.01095633897	0.8700348374
0.239	0.01122197636	0.8703848782
0.238	0.01149243591	0.8706682446
0.237	0.01176998033	0.8710266198
0.236	0.01205310864	0.8713933292
0.235	0.0123419517	0.8717850416
0.234	0.01263791462	0.8721184138
0.233	0.01294008234	0.8724684547
0.232	0.01324848068	0.8728685013
0.231	0.01356406391	0.8732602137
0.23	0.01388523352	0.8735769173
0.229	0.01421319382	0.8739519611
0.228	0.01454900573	0.8743686763
0.227	0.01489147248	0.8747020486
0.226	0.01524119662	0.8751187639
0.225	0.01559778478	0.8754854733
0.224	0.01596123946	0.8759105229
0.223	0.01633339417	0.8761938893
0.222	0.01671371804	0.8765605987
0.221	0.01710107761	0.8769439768
0.22	0.0174956779	0.8773440235
0.219	0.01789902574	0.8776190556
0.218	0.01831079525	0.8780441051
0.217	0.01873132563	0.8784191489
0.216	0.01915928259	0.8787358525
0.215	0.01959706554	0.878994216
0.214	0.02004337767	0.8793359225
0.213	0.02049786895	0.8796276232
0.212	0.02096311715	0.8799943327
0.211	0.02143612695	0.8803693764
0.21	0.02191819265	0.8806277399
0.209	0.02240983848	0.8808944377
0.208	0.02291129613	0.8812528128
0.207	0.02342241057	0.881611188
0.206	0.02394474364	0.8818278799
0.205	0.02447676018	0.882102912
0.204	0.02501878688	0.8824196156
0.203	0.02557175218	0.882811328
0.202	0.02613552939	0.8831363659
0.201	0.02670815748	0.8834864067
0.2	0.02729111244	0.883819779
0.199	0.02788646281	0.8841281483
0.198	0.02849284178	0.8844531862
0.197	0.0291106594	0.8847365526
0.196	0.02974068824	0.8850365876
0.195	0.03038103977	0.8853282883
0.194	0.03103361086	0.8856783291
0.193	0.03169784145	0.8859616955
0.192	0.03237479748	0.8862367276
0.191	0.03306397556	0.8865284283
0.19	0.03376520985	0.8868868035
0.189	0.03447892706	0.8872201757
0.188	0.03520639814	0.8875535479
0.187	0.03594498283	0.8878202457
0.186	0.03669833483	0.8881536179
0.185	0.03746434977	0.8884869901
0.184	0.03824636464	0.8888036938
0.183	0.03904010818	0.8890953945
0.182	0.03984837567	0.8893787609
0.181	0.0406690419	0.8896704616
0.18	0.04150459546	0.8900121681
0.179	0.0423546763	0.8904622206
0.178	0.04321981531	0.8908789359
0.177	0.04409950745	0.8911789709
0.176	0.04499448028	0.8914956745
0.175	0.04590401707	0.8918207124
0.174	0.0468293271	0.8921874219
0.173	0.04777005034	0.8925041255
0.172	0.04872546338	0.8928208291
0.171	0.04969806897	0.8931208641
0.17	0.05068416092	0.8934625706
0.169	0.05168814965	0.8937709399
0.168	0.05270823082	0.8942459954
0.167	0.05374578791	0.8944710216
0.166	0.0547970122	0.8949044055
0.165	0.055868351	0.8952794493
0.164	0.05695533137	0.8956044872
0.163	0.05805934427	0.8959295251
0.162	0.05917982548	0.8962795659
0.161	0.0603180193	0.896662944
0.16	0.06147554339	0.8970879936
0.159	0.06265003167	0.897479706
0.158	0.06384411191	0.8977547381
0.157	0.06505269777	0.8980631074
0.156	0.06628193736	0.8983631424
0.155	0.06752845201	0.898788192
0.154	0.0687963688	0.8991882386
0.153	0.07008042554	0.8994882736
0.152	0.07138422509	0.8998466488
0.151	0.0727073349	0.9001716867
0.15	0.07405158433	0.9004967246
0.149	0.07541391556	0.9008467655
0.148	0.07679699803	0.9011301318
0.147	0.07819937994	0.9014968413
0.146	0.07962015452	0.9018802194
0.145	0.08105816748	0.9022886003
0.144	0.08251973364	0.9025719667
0.143	0.08400120512	0.9030053506
0.142	0.08550249858	0.9033553915
0.141	0.08702649432	0.9036804294
0.14	0.08857309398	0.9040054673
0.139	0.09013872304	0.9043055023
0.138	0.0917259626	0.9046555431
0.137	0.09333440844	0.9049889154
0.136	0.09496265377	0.9053639591
0.135	0.09661250542	0.9056473255
0.134	0.09828649115	0.9060640408
0.133	0.09998122146	0.9064307503
0.132	0.1016981556	0.9067807911
0.131	0.1034366537	0.907105829
0.13	0.1051955012	0.9075392129
0.129	0.1069776419	0.9078475822
0.128	0.1087848835	0.9082809661
0.127	0.1106107327	0.9087226843
0.126	0.1124584233	0.9091393996
0.125	0.1143333667	0.9094060974
0.124	0.1162300972	0.9096894638
0.123	0.1181478823	0.9100895104
0.122	0.1200904732	0.910431217
0.121	0.122056189	0.910731252
0.12	0.1240450753	0.9110896271
0.119	0.1260541979	0.9114813395
0.118	0.1280894131	0.9118147117
0.117	0.1301464446	0.9121730869
0.116	0.132231179	0.9124814562
0.115	0.1343356236	0.9128648342
0.114	0.1364644206	0.9131732035
0.113	0.1386158499	0.9135815845
0.112	0.1407921692	0.9139399597
0.111	0.142993101	0.9143566749
0.11	0.1452173676	0.9147233844
0.109	0.1474624929	0.915040088
0.108	0.1497326041	0.915531812
0.107	0.1520301388	0.9159151901
0.106	0.154348739	0.916240228
0.105	0.1566924342	0.9166402747
0.104	0.1590599585	0.9170319871
0.103	0.1614506542	0.9174487023
0.102	0.1638654024	0.917848749
0.101	0.1663067273	0.9182237928
0.1	0.1687680501	0.9185738336
0.099	0.1712564123	0.9190072175
0.098	0.1737684152	0.9194489357
0.097	0.1763059248	0.9199239911
0.096	0.1788661116	0.9202323604
0.095	0.1814495791	0.9206407414
0.094	0.1840597101	0.9209991166
0.093	0.1866921192	0.921365826
0.092	0.1893500233	0.921665861
0.091	0.1920305456	0.9220992449
0.09	0.1947321932	0.9226159719
0.089	0.1974612403	0.9229826813
0.088	0.2002138781	0.9233493908
0.087	0.202990014	0.923874452
0.086	0.2057907324	0.9242494958
0.085	0.2086122162	0.9246495424
0.084	0.2114591384	0.9250079176
0.083	0.2143292246	0.925374627
0.082	0.2172214113	0.9258163452
0.081	0.2201379821	0.926299735
0.08	0.2230793613	0.926683113
0.079	0.2260410299	0.926983148
0.078	0.2290292388	0.9273415232
0.077	0.2320413108	0.9277415698
0.076	0.2350724347	0.9282332939
0.075	0.2381278561	0.9286000033
0.074	0.2412071199	0.9291167303
0.073	0.2443059089	0.9294751054
0.072	0.2474275661	0.929900155
0.071	0.2505683318	0.9303002017
0.07	0.2537301505	0.9307419199
0.069	0.2569173559	0.931125298
0.068	0.2601252575	0.9314503359
0.067	0.2633554372	0.9318587169
0.066	0.2666049113	0.9322087577
0.065	0.2698746175	0.9327004817
0.064	0.2731652424	0.9330421883
0.063	0.2764795138	0.9335339123
0.062	0.2798124012	0.933933959
0.061	0.2831666925	0.9344423516
0.06	0.2865386914	0.9348173954
0.059	0.2899299097	0.935242445
0.058	0.2933444319	0.9357175004
0.057	0.2967732507	0.9360258697
0.056	0.3002257767	0.9363509076
0.055	0.3036909424	0.9367926258
0.054	0.3071765227	0.9372176754
0.053	0.3106851894	0.9376927308
0.052	0.3142106611	0.9380927775
0.051	0.3177547238	0.9385011585
0.05	0.321311372	0.9390762256
0.049	0.3248877929	0.9394679379
0.048	0.328481299	0.939851316
0.047	0.3320918509	0.9401680196
0.046	0.3357180243	0.9405680663
0.045	0.3393622837	0.9409264414
0.044	0.3430203762	0.9413348224
0.043	0.3466939119	0.9417765406
0.042	0.3503841051	0.9421599187
0.041	0.3540894323	0.9424932909
0.04	0.3578056589	0.9429100062
0.039	0.361538283	0.9432767156
0.038	0.3652849793	0.9436517594
0.037	0.3690431135	0.9441351491
0.036	0.3728159233	0.9445435301
0.035	0.376603462	0.944868568
0.034	0.3804038312	0.9452602804
0.033	0.3842151223	0.9457186672
0.032	0.388039744	0.9460853766
0.031	0.3918758084	0.9464854233
0.03	0.3957226289	0.9469354758
0.029	0.3995829141	0.9473021853
0.028	0.4034484098	0.9477689064
0.027	0.4073255967	0.9481772874
0.026	0.4112118945	0.9485606654
0.025	0.4151118887	0.9489357092
0.024	0.4190174026	0.9493440901
0.023	0.42293334	0.9498108113
0.022	0.4268567007	0.9503192039
0.021	0.4307900182	0.9507609221
0.02	0.4347289604	0.9511859717
0.019	0.4386737832	0.9515776841
0.018	0.4426254442	0.951986065
0.017	0.4465817715	0.9524361175
0.016	0.4505476556	0.9527778241
0.015	0.4545194836	0.9531612021
0.014	0.4584962963	0.953619589
0.013	0.4624777169	0.9541779874
0.012	0.4664629063	0.9545863684
0.011	0.4704534262	0.9550030837
0.01	0.4744472914	0.9554614705
0.009	0.4784434118	0.95582818
0.008	0.4824399615	0.9562865668
0.007	0.4864431251	0.9566532762
0.006	0.4904489141	0.9570449886
0.005	0.4944534053	0.9573950294
0.004	0.4984641222	0.9577534046
0.003	0.5024730106	0.9581034454
0.002	0.5064834125	0.9585701665
0.001	0.5104928993	0.9590035504
0	0.5145007384	0.9593452569
-0.001	0.5185074957	0.9596786292
-0.002	0.5225175759	0.9600203357
-0.003	0.5265191828	0.9603453736
-0.004	0.5305208087	0.9608287634
-0.005	0.5345237032	0.9611871385
-0.006	0.5385209496	0.9616705282
-0.007	0.5425176859	0.9619622289
-0.008	0.5465073466	0.9623789442
-0.009	0.550493521	0.9627373194
-0.01	0.5544762618	0.9631206974
-0.011	0.5584546105	0.9635290784
-0.012	0.5624266535	0.9638541163
-0.013	0.5663914708	0.9642458287
-0.014	0.5703554755	0.9645708666
-0.015	0.5743111528	0.9650792592
-0.016	0.5782557964	0.9654126315
-0.017	0.5821994758	0.9657793409
-0.018	0.5861310006	0.9662127248
-0.019	0.590053777	0.9665961029
-0.02	0.593970107	0.9668961379
-0.021	0.5978775044	0.9672628473
-0.022	0.6017764468	0.9675045422
-0.023	0.6056620404	0.9679045889
-0.024	0.6095432027	0.9682879669
-0.025	0.6134124829	0.9686630107
-0.026	0.6172677076	0.9690130515
-0.027	0.6211121629	0.9693630924
-0.028	0.6249511851	0.9696547931
-0.029	0.6287759051	0.9698964879
-0.03	0.6325879196	0.9701881886
-0.031	0.6363872971	0.9705048922
-0.032	0.6401723389	0.9709132732
-0.033	0.6439451262	0.9712299768
-0.034	0.6477055606	0.9715050089
-0.035	0.6514509193	0.9718383811
-0.036	0.6551845843	0.9722217592
-0.037	0.6589028628	0.9725301285
-0.038	0.6626042746	0.972896838
-0.039	0.6662926334	0.9732885503
-0.04	0.6699642739	0.9736719284
-0.041	0.6736220889	0.9739219576
-0.042	0.6772632613	0.9742219926
-0.043	0.6808876088	0.9745136933
-0.044	0.6844926126	0.9748303969
-0.045	0.6880835375	0.975105429
-0.046	0.6916574032	0.9754388012
-0.047	0.695211977	0.9757471705
-0.048	0.6987486599	0.9760638741
-0.049	0.7022658074	0.9763305719
-0.05	0.7057667108	0.9765972697
-0.051	0.7092499342	0.9769639791
-0.052	0.7127132238	0.9773056857
-0.053	0.7161589092	0.9776640608
-0.054	0.7195830466	0.977997433
-0.055	0.7229856086	0.9782891337
-0.056	0.7263698545	0.9786391746
-0.057	0.7297363911	0.9789142067
-0.058	0.7330818999	0.9791642358
-0.059	0.7364059373	0.9794892737
-0.06	0.7397071057	0.9797559715
-0.061	0.7429899165	0.980014335
-0.062	0.7462486882	0.9803727101
-0.063	0.7494882813	0.9805894021
-0.064	0.7527079958	0.9808477656
-0.065	0.7559017493	0.9810644575
-0.066	0.7590768285	0.9813061524
-0.067	0.7622315807	0.9816395246
-0.068	0.7653626621	0.9818895538
-0.069	0.7684684077	0.982139583
-0.07	0.7715523894	0.9823646092
-0.071	0.7746161591	0.9826813128
-0.072	0.7776561414	0.9828896705
-0.073	0.7806723239	0.983123031
-0.074	0.7836626496	0.9833480573
-0.075	0.7866307656	0.9835647492
-0.076	0.7895754567	0.9837731069
-0.077	0.7924956262	0.9840731419
-0.078	0.7953939961	0.984348174
-0.079	0.7982702354	0.9845815345
-0.08	0.8011220422	0.9848482323
-0.081	0.8039488691	0.9851232644
-0.082	0.8067536337	0.9853149534
-0.083	0.8095309306	0.9856066541
-0.084	0.8122846485	0.9857733402
-0.085	0.815014849	0.9859650293
-0.086	0.8177235057	0.9862150584
-0.087	0.8204064448	0.9864734219
-0.088	0.8230647398	0.9867151168
-0.089	0.8256974256	0.9868901372
-0.09	0.8283046421	0.9871068291
-0.091	0.8308863461	0.9873318554
-0.092	0.8334412233	0.9875818846
-0.093	0.8359754284	0.9877819079
-0.094	0.8384835009	0.9879569283
-0.095	0.8409643681	0.9881819546
-0.096	0.843424895	0.9884319837
-0.097	0.8458603952	0.9886403414
-0.098	0.8482693228	0.9888403647
-0.099	0.8506545888	0.9889903822
-0.1	0.8530184427	0.9891904055
-0.101	0.855356664	0.9893154201
-0.102	0.8576655057	0.9895071092
-0.103	0.8599523919	0.9896571267
-0.104	0.8622118153	0.98985715
-0.105	0.8644484782	0.9900155018
-0.106	0.8666628288	0.9901905222
-0.107	0.8688490682	0.990373877
-0.108	0.8710122421	0.9905822346
-0.109	0.8731483773	0.990757255
-0.11	0.8752627704	0.9908739353
-0.111	0.8773507059	0.9909989499
-0.112	0.879413193	0.9911156302
-0.113	0.8814522811	0.991248979
-0.114	0.8834662891	0.9914156652
-0.115	0.8854570915	0.9915323454
-0.116	0.88742451	0.9916990316
-0.117	0.8893667383	0.9918240461
-0.118	0.8912856702	0.992065741
-0.119	0.8931822374	0.9922240928
-0.12	0.895054563	0.9923574417
-0.121	0.8969042379	0.9924907906
-0.122	0.8987276686	0.9926074709
-0.123	0.9005302339	0.9928241628
-0.124	0.9023099402	0.992965846
-0.125	0.9040650332	0.9931075292
-0.126	0.9057961721	0.9932242095
-0.127	0.9075058889	0.9933075525
-0.128	0.9091930068	0.9934492357
-0.129	0.9108557414	0.993565916
-0.13	0.9124950112	0.993674262
-0.131	0.9141124071	0.9937576051
-0.132	0.9157107286	0.9939159569
-0.133	0.9172847468	0.9940243028
-0.134	0.918837848	0.9941159802
-0.135	0.9203697003	0.9942659977
-0.136	0.9218807572	0.9943993466
-0.137	0.9233681593	0.994491024
-0.138	0.9248318924	0.9946160385
-0.139	0.926276771	0.9946910473
-0.14	0.9277001909	0.9948077276
-0.141	0.9291017843	0.9949160735
-0.142	0.9304839976	0.9949994166
-0.143	0.9318421442	0.9950494224
-0.144	0.933183655	0.9951244312
-0.145	0.9345035045	0.9951994399
-0.146	0.9358052605	0.9953077859
-0.147	0.9370853219	0.9953994633
-0.148	0.9383457912	0.9954494691
-0.149	0.9395852485	0.9955078092
-0.15	0.9408079925	0.9955994866
-0.151	0.942009816	0.9956744954
-0.152	0.9431925209	0.9957828413
-0.153	0.9443568315	0.9958745187
-0.154	0.9455025636	0.9959828647
-0.155	0.9466277236	0.9961078793
-0.156	0.9477362536	0.9962078909
-0.157	0.948826901	0.9962995683
-0.158	0.9498977256	0.9964329172
-0.159	0.9509523127	0.9965579318
-0.16	0.9519906532	0.9966329405
-0.161	0.9530113578	0.9967246179
-0.162	0.9540135097	0.9968162952
-0.163	0.9549976439	0.9969079726
-0.164	0.9559651082	0.99699965
-0.165	0.9569159599	0.997082993
-0.166	0.9578517477	0.9971329988
-0.167	0.9587690502	0.9972246762
-0.168	0.9596707346	0.997274682
-0.169	0.9605559514	0.9973330222
-0.17	0.9614268685	0.9973913623
-0.171	0.9622827491	0.9974413682
-0.172	0.9631220314	0.997491374
-0.173	0.9639465572	0.9975580484
-0.174	0.9647545146	0.997683063
-0.175	0.9655493899	0.9977080659
-0.176	0.9663276878	0.9977497375
-0.177	0.9670931168	0.9977997433
-0.178	0.9678464771	0.9978664177
-0.179	0.9685847168	0.9979414265
-0.18	0.9693080691	0.9979664294
-0.181	0.970018396	0.9980081009
-0.182	0.9707146898	0.9980414382
-0.183	0.9713966963	0.9981081126
-0.184	0.9720660583	0.9981497841
-0.185	0.9727221414	0.9981747871
-0.186	0.9733662491	0.99819979
-0.187	0.9739966105	0.9982414615
-0.188	0.9746151832	0.9982998016
-0.189	0.9752219364	0.9983414732
-0.19	0.9758168425	0.9983664761
-0.191	0.9763997241	0.998391479
-0.192	0.9769710171	0.9984498191
-0.193	0.9775308631	0.9985081593
-0.194	0.9780782678	0.9985414965
-0.195	0.9786141914	0.9985581651
-0.196	0.9791389264	0.9985664994
-0.197	0.9796543629	0.998608171
-0.198	0.9801590701	0.9986415082
-0.199	0.9806520169	0.9986581768
-0.2	0.9811343801	0.9987081826
-0.201	0.9816069974	0.9987165169
-0.202	0.982069527	0.9987748571
-0.203	0.9825229998	0.9987748571
-0.204	0.9829660916	0.9988081943
-0.205	0.9833992108	0.9988498658
-0.206	0.9838230215	0.9988748687
-0.207	0.984238373	0.9988998717
-0.208	0.9846439719	0.9989248746
-0.209	0.9850405324	0.9989665461
-0.21	0.9854279595	0.9989748804
-0.211	0.9858068107	0.9989998833
-0.212	0.9861772177	0.9990332205
-0.213	0.986540074	0.9990498892
-0.214	0.9868942053	0.9990748921
-0.215	0.9872417808	0.9991165636
-0.216	0.9875806256	0.9991332322
-0.217	0.9879130505	0.9991749037
-0.218	0.9882363378	0.999208241
-0.219	0.9885519294	0.9992249096
-0.22	0.9888605627	0.9992249096
-0.221	0.9891612853	0.9992665811
-0.222	0.989455498	0.9992749154
-0.223	0.989742886	0.9992999183
-0.224	0.9900235774	0.9993249212
-0.225	0.9902974231	0.9993665928
-0.226	0.9905651598	0.9993832614
-0.227	0.9908259226	0.9994082643
-0.228	0.9910804222	0.9994332672
-0.229	0.9913282262	0.9994749387
-0.23	0.9915707346	0.9994999417
-0.231	0.991806509	0.9995332789
-0.232	0.9920371654	0.9995416132
-0.233	0.9922623696	0.9995749504
-0.234	0.9924819557	0.9995832847
-0.235	0.9926951945	0.9995999533
-0.236	0.9929032245	0.9996166219
-0.237	0.9931060606	0.9996166219
-0.238	0.9933046071	0.9996249562
-0.239	0.9934984065	0.9996249562
-0.24	0.993686822	0.9996249562
-0.241	0.9938703837	0.9996249562
-0.242	0.9940482882	0.9996416249
-0.243	0.9942220572	0.9996416249
-0.244	0.9943917517	0.9996499592
-0.245	0.9945569807	0.9996582935
-0.246	0.9947183935	0.9996666278
-0.247	0.9948756484	0.999699965
-0.248	0.995028212	0.9997082993
-0.249	0.995176686	0.9997166336
-0.25	0.9953212505	0.9997249679
-0.251	0.9954616162	0.9997499708
-0.252	0.9955984648	0.9997666394
-0.253	0.9957319799	0.9997833081
-0.254	0.9958612961	0.9997833081
-0.255	0.9959872346	0.9997833081
-0.256	0.9961100385	0.999808311
-0.257	0.9962296246	0.9998166453
-0.258	0.9963460013	0.9998249796
-0.259	0.9964590642	0.9998416482
-0.26	0.9965689652	0.9998499825
-0.261	0.9966760609	0.9998499825
-0.262	0.9967800297	0.9998499825
-0.263	0.9968813331	0.9998499825
-0.264	0.9969791112	0.9998499825
-0.265	0.9970742558	0.9998583168
-0.266	0.99716708	0.9998583168
-0.267	0.997256849	0.9998666511
-0.268	0.9973443019	0.9998666511
-0.269	0.9974291979	0.9998749854
-0.27	0.9975118028	0.9998749854
-0.271	0.9975924151	0.9998833197
-0.272	0.9976699245	0.9998833197
-0.273	0.9977450378	0.999891654
-0.274	0.9978182843	0.999891654
-0.275	0.9978891931	0.999891654
-0.276	0.9979586325	0.9999083226
-0.277	0.9980252634	0.9999083226
-0.278	0.9980903224	0.9999083226
-0.279	0.9981534445	0.9999083226
-0.28	0.9982148798	0.9999083226
-0.281	0.9982740816	0.9999166569
-0.282	0.9983313048	0.9999249912
-0.283	0.9983874254	0.9999249912
-0.284	0.998441345	0.9999249912
-0.285	0.9984941452	0.9999333256
-0.286	0.9985450045	0.9999416599
-0.287	0.9985940652	0.9999499942
-0.288	0.998641735	0.9999499942
-0.289	0.9986876788	0.9999499942
-0.29	0.9987324749	0.9999499942
-0.291	0.9987760118	0.9999499942
-0.292	0.9988179785	0.9999499942
-0.293	0.9988587275	0.9999499942
-0.294	0.9988983023	0.9999583285
-0.295	0.9989366153	0.9999583285
-0.296	0.9989739407	0.9999666628
-0.297	0.9990096643	0.9999666628
-0.298	0.9990442969	0.9999666628
-0.299	0.9990779228	0.9999666628
-0.3	0.9991104752	0.9999666628
-0.301	0.9991417917	0.9999666628
-0.302	0.9991724622	0.9999666628
-0.303	0.9992017393	0.9999666628
-0.304	0.9992301588	0.9999666628
-0.305	0.9992577358	0.9999666628
-0.306	0.9992844434	0.9999666628
-0.307	0.999310466	0.9999666628
-0.308	0.9993354419	0.9999666628
-0.309	0.9993596651	0.9999666628
-0.31	0.9993828116	0.9999666628
-0.311	0.9994052105	0.9999666628
-0.312	0.9994271994	0.9999666628
-0.313	0.9994480848	0.9999666628
-0.314	0.999468441	0.9999666628
-0.315	0.999487978	0.9999666628
-0.316	0.9995068449	0.9999666628
-0.317	0.9995253234	0.9999666628
-0.318	0.9995430618	0.9999666628
-0.319	0.9995603077	0.9999833314
-0.32	0.9995766968	0.9999833314
-0.321	0.9995927759	0.9999833314
-0.322	0.9996082925	0.9999833314
-0.323	0.9996232648	0.9999833314
-0.324	0.9996375663	0.9999833314
-0.325	0.999651356	0.9999833314
-0.326	0.9996648098	0.9999833314
-0.327	0.9996775786	0.9999833314
-0.328	0.9996900615	0.9999916657
-0.329	0.9997018519	0.9999916657
-0.33	0.9997131705	0.9999916657
-0.331	0.9997243466	0.9999916657
-0.332	0.9997348802	0.9999916657
-0.333	0.999745237	0.9999916657
-0.334	0.9997550688	0.9999916657
-0.335	0.9997646206	0.9999916657
-0.336	0.9997739607	0.9999916657
-0.337	0.9997828241	0.9999916657
-0.338	0.9997914658	0.9999916657
-0.339	0.9997997308	0.9999916657
-0.34	0.9998076833	0.9999916657
-0.341	0.9998153632	0.9999916657
-0.342	0.9998227723	0.9999916657
-0.343	0.999829808	0.9999916657
-0.344	0.9998366537	0.9999916657
-0.345	0.9998434518	0.9999916657
-0.346	0.9998498191	1
-0.347	0.9998559689	1
-0.348	0.9998618112	1
-0.349	0.9998674159	1
-0.35	0.999872864	1
-0.351	0.9998781095	1
-0.352	0.9998831808	1
-0.353	0.9998880038	1
-0.354	0.9998925368	1
-0.355	0.9998969372	1
-0.356	0.9999012601	1
-0.357	0.9999054047	1
-0.358	0.9999093909	1
-0.359	0.9999131972	1
-0.36	0.9999168158	1
-0.361	0.9999202704	1
-0.362	0.9999235807	1
-0.363	0.9999268227	1
-0.364	0.9999299647	1
-0.365	0.9999329666	1
-0.366	0.9999358711	1
-0.367	0.9999385939	1
-0.368	0.9999411966	1
-0.369	0.9999437194	1
-0.37	0.9999462171	1
-0.371	0.9999485199	1
-0.372	0.9999508334	1
-0.373	0.9999529203	1
-0.374	0.9999549747	1
-0.375	0.9999569549	1
-0.376	0.9999589126	1
-0.377	0.9999607561	1
-0.378	0.9999624896	1
-0.379	0.9999641839	1
-0.38	0.9999658416	1
-0.381	0.9999673676	1
-0.382	0.9999688527	1
-0.383	0.9999702629	1
-0.384	0.9999715938	1
-0.385	0.9999728415	1
-0.386	0.9999741291	1
-0.387	0.9999753167	1
-0.388	0.9999763943	1
-0.389	0.9999774569	1
-0.39	0.9999784712	1
-0.391	0.9999794246	1
-0.392	0.999980383	1
-0.393	0.9999812856	1
-0.394	0.9999821515	1
-0.395	0.9999829191	1
-0.396	0.9999837217	1
-0.397	0.9999844693	1
-0.398	0.9999852085	1
-0.399	0.9999859128	1
-0.4	0.9999865853	1
-0.401	0.9999872354	1
-0.402	0.9999878229	1
-0.403	0.999988453	1
-0.404	0.9999890097	1
-0.405	0.9999895381	1
-0.406	0.9999900615	1
-0.407	0.9999905491	1
-0.408	0.9999910249	1
-0.409	0.9999914483	1
-0.41	0.9999918792	1
-0.411	0.9999922392	1
-0.412	0.9999926559	1
-0.413	0.9999930185	1
-0.414	0.9999933602	1
-0.415	0.9999936919	1
-0.416	0.9999940011	1
-0.417	0.9999942978	1
-0.418	0.999994592	1
-0.419	0.9999948395	1
-0.42	0.9999950928	1
-0.421	0.9999953379	1
-0.422	0.9999955504	1
-0.423	0.9999957887	1
-0.424	0.9999960063	1
-0.425	0.9999962121	1
-0.426	0.999996423	1
-0.427	0.9999965997	1
-0.428	0.9999967688	1
-0.429	0.999996938	1
-0.43	0.999997123	1
-0.431	0.9999972656	1
-0.432	0.9999974064	1
-0.433	0.9999975364	1
-0.434	0.9999976814	1
-0.435	0.9999978131	1
-0.436	0.9999979331	1
-0.437	0.9999980431	1
-0.438	0.9999981348	1
-0.439	0.9999982365	1
-0.44	0.9999983248	1
-0.441	0.9999984298	1
-0.442	0.9999985124	1
-0.443	0.9999985932	1
-0.444	0.9999986707	1
-0.445	0.9999987465	1
-0.446	0.9999987974	1
-0.447	0.9999988707	1
-0.448	0.9999989307	1
-0.449	0.9999989982	1
-0.45	0.9999990466	1
-0.451	0.9999990949	1
-0.452	0.9999991374	1
-0.453	0.9999991799	1
-0.454	0.9999992291	1
-0.455	0.9999992783	1
-0.456	0.9999993183	1
-0.457	0.9999993549	1
-0.458	0.9999993874	1
-0.459	0.9999994224	1
-0.46	0.9999994541	1
-0.461	0.9999994816	1
-0.462	0.9999995125	1
-0.463	0.999999545	1
-0.464	0.9999995716	1
-0.465	0.9999995983	1
-0.466	0.9999996216	1
-0.467	0.99999964	1
-0.468	0.9999996625	1
-0.469	0.9999996808	1
-0.47	0.9999996958	1
-0.471	0.9999997108	1
-0.472	0.9999997283	1
-0.473	0.99999974	1
-0.474	0.9999997558	1
-0.475	0.9999997716	1
-0.476	0.9999997866	1
-0.477	0.9999997966	1
-0.478	0.9999998141	1
-0.479	0.9999998283	1
-0.48	0.9999998408	1
-0.481	0.9999998525	1
-0.482	0.9999998558	1
-0.483	0.9999998642	1
-0.484	0.9999998692	1
-0.485	0.9999998767	1
-0.486	0.9999998875	1
-0.487	0.9999998933	1
-0.488	0.9999998975	1
-0.489	0.9999999025	1
-0.49	0.9999999108	1
-0.491	0.9999999158	1
-0.492	0.9999999175	1
-0.493	0.9999999233	1
-0.494	0.9999999258	1
-0.495	0.9999999308	1
-0.496	0.9999999325	1
-0.497	0.9999999383	1
-0.498	0.9999999425	1
-0.499	0.9999999442	1
-0.5	0.9999999492	1
-0.501	0.9999999533	1
-0.502	0.9999999592	1
-0.503	0.99999996	1
-0.504	0.9999999617	1
-0.505	0.9999999683	1
-0.506	0.99999997	1
-0.507	0.9999999742	1
-0.508	0.999999975	1
-0.509	0.9999999758	1
-0.51	0.9999999767	1
-0.511	0.9999999792	1
-0.512	0.9999999792	1
-0.513	0.9999999792	1
-0.514	0.99999998	1
-0.515	0.9999999808	1
-0.516	0.9999999842	1
-0.517	0.9999999842	1
-0.518	0.999999985	1
-0.519	0.9999999867	1
-0.52	0.9999999883	1
-0.521	0.9999999883	1
-0.522	0.9999999883	1
-0.523	0.99999999	1
-0.524	0.99999999	1
-0.525	0.99999999	1
-0.526	0.9999999917	1
-0.527	0.9999999917	1
-0.528	0.9999999917	1
-0.529	0.9999999925	1
-0.53	0.9999999925	1
-0.531	0.9999999942	1
-0.532	0.999999995	1
-0.533	0.9999999958	1
-0.534	0.9999999958	1
-0.535	0.9999999958	1
-0.536	0.9999999967	1
-0.537	0.9999999967	1
-0.538	0.9999999975	1
-0.539	0.9999999975	1
-0.54	0.9999999975	1
-0.541	0.9999999983	1
-0.542	0.9999999983	1
-0.543	0.9999999992	1
-0.544	0.9999999992	1
-0.545	0.9999999992	1
-0.546	0.9999999992	1
-0.547	0.9999999992	1
-0.548	0.9999999992	1
-0.549	0.9999999992	1
-0.55	0.9999999992	1
-0.551	0.9999999992	1
-0.552	0.9999999992	1
-0.553	0.9999999992	1
-0.554	0.9999999992	1
-0.555	0.9999999992	1
-0.556	0.9999999992	1
-0.557	1	1
-0.558	1	1
-0.559	1	1
-0.56	1	1
-0.561	1	1
-0.562	1	1
-0.563	1	1
-0.564	1	1
-0.565	1	1
-0.566	1	1
-0.567	1	1
-0.568	1	1
-0.569	1	1
-0.57	1	1
-0.571	1	1
-0.572	1	1
-0.573	1	1
-0.574	1	1
-0.575	1	1
-0.576	1	1
-0.577	1	1
-0.578	1	1
-0.579	1	1
-0.58	1	1
-0.581	1	1
-0.582	1	1
-0.583	1	1
-0.584	1	1
-0.585	1	1
-0.586	1	1
-0.587	1	1
-0.588	1	1
-0.589	1	1
-0.59	1	1
-0.591	1	1
-0.592	1	1
-0.593	1	1
-0.594	1	1
-0.595	1	1
-0.596	1	1
-0.597	1	1
-0.598	1	1
-0.599	1	1
-0.6	1	1
-0.601	1	1
-0.602	1	1
-0.603	1	1
-0.604	1	1
-0.605	1	1
-0.606	1	1
-0.607	1	1
-0.608	1	1
-0.609	1	1
-0.61	1	1
-0.611	1	1
-0.612	1	1
-0.613	1	1
-0.614	1	1
-0.615	1	1
-0.616	1	1
-0.617	1	1
-0.618	1	1
-0.619	1	1
-0.62	1	1
-0.621	1	1
-0.622	1	1
-0.623	1	1
-0.624	1	1
-0.625	1	1
-0.626	1	1
-0.627	1	1
-0.628	1	1
-0.629	1	1
-0.63	1	1
-0.631	1	1
-0.632	1	1
-0.633	1	1
-0.634	1	1
-0.635	1	1
-0.636	1	1
-0.637	1	1
-0.638	1	1
-0.639	1	1
-0.64	1	1
-0.641	1	1
-0.642	1	1
-0.643	1	1
-0.644	1	1
-0.645	1	1
-0.646	1	1
-0.647	1	1
-0.648	1	1
-0.649	1	1
-0.65	1	1
-0.651	1	1
-0.652	1	1
-0.653	1	1
-0.654	1	1
-0.655	1	1
-0.656	1	1
-0.657	1	1
-0.658	1	1
-0.659	1	1
-0.66	1	1
-0.661	1	1
-0.662	1	1
-0.663	1	1
-0.664	1	1
-0.665	1	1
-0.666	1	1
-0.667	1	1
-0.668	1	1
-0.669	1	1
-0.67	1	1
-0.671	1	1
-0.672	1	1
-0.673	1	1
-0.674	1	1
-0.675	1	1
-0.676	1	1
-0.677	1	1
-0.678	1	1
-0.679	1	1
-0.68	1	1
-0.681	1	1
-0.682	1	1
-0.683	1	1
-0.684	1	1
-0.685	1	1
-0.686	1	1
-0.687	1	1
-0.688	1	1
-0.689	1	1
-0.69	1	1
-0.691	1	1
-0.692	1	1
-0.693	1	1
-0.694	1	1
-0.695	1	1
-0.696	1	1
-0.697	1	1
-0.698	1	1
-0.699	1	1
-0.7	1	1
-0.701	1	1
-0.702	1	1
-0.703	1	1
-0.704	1	1
-0.705	1	1
-0.706	1	1
-0.707	1	1
-0.708	1	1
-0.709	1	1
-0.71	1	1
-0.711	1	1
-0.712	1	1
-0.713	1	1
-0.714	1	1
-0.715	1	1
-0.716	1	1
-0.717	1	1
-0.718	1	1
-0.719	1	1
-0.72	1	1
-0.721	1	1
-0.722	1	1
-0.723	1	1
-0.724	1	1
-0.725	1	1
-0.726	1	1
-0.727	1	1
-0.728	1	1
-0.729	1	1
-0.73	1	1
-0.731	1	1
-0.732	1	1
-0.733	1	1
-0.734	1	1
-0.735	1	1
-0.736	1	1
-0.737	1	1
-0.738	1	1
-0.739	1	1
-0.74	1	1
-0.741	1	1
-0.742	1	1
-0.743	1	1
-0.744	1	1
-0.745	1	1
-0.746	1	1
-0.747	1	1
-0.748	1	1
-0.749	1	1
-0.75	1	1
-0.751	1	1
-0.752	1	1
-0.753	1	1
-0.754	1	1
-0.755	1	1
-0.756	1	1
-0.757	1	1
-0.758	1	1
-0.759	1	1
-0.76	1	1
-0.761	1	1
-0.762	1	1
-0.763	1	1
-0.764	1	1
-0.765	1	1
-0.766	1	1
-0.767	1	1
-0.768	1	1
-0.769	1	1
-0.77	1	1
-0.771	1	1
-0.772	1	1
-0.773	1	1
-0.774	1	1
-0.775	1	1
-0.776	1	1
-0.777	1	1
-0.778	1	1
-0.779	1	1
-0.78	1	1
-0.781	1	1
-0.782	1	1
-0.783	1	1
-0.784	1	1
-0.785	1	1
-0.786	1	1
-0.787	1	1
-0.788	1	1
-0.789	1	1
-0.79	1	1
-0.791	1	1
-0.792	1	1
-0.793	1	1
-0.794	1	1
-0.795	1	1
-0.796	1	1
-0.797	1	1
-0.798	1	1
-0.799	1	1
-0.8	1	1
-0.801	1	1
-0.802	1	1
-0.803	1	1
-0.804	1	1
-0.805	1	1
-0.806	1	1
-0.807	1	1
-0.808	1	1
-0.809	1	1
-0.81	1	1
-0.811	1	1
-0.812	1	1
-0.813	1	1
-0.814	1	1
-0.815	1	1
-0.816	1	1
-0.817	1	1
-0.818	1	1
-0.819	1	1
-0.82	1	1
-0.821	1	1
-0.822	1	1
-0.823	1	1
-0.824	1	1
-0.825	1	1
-0.826	1	1
-0.827	1	1
-0.828	1	1
-0.829	1	1
-0.83	1	1
-0.831	1	1
-0.832	1	1
-0.833	1	1
-0.834	1	1
-0.835	1	1
-0.836	1	1
-0.837	1	1
-0.838	1	1
-0.839	1	1
-0.84	1	1
-0.841	1	1
-0.842	1	1
-0.843	1	1
-0.844	1	1
-0.845	1	1
-0.846	1	1
-0.847	1	1
-0.848	1	1
-0.849	1	1
-0.85	1	1
-0.851	1	1
-0.852	1	1
-0.853	1	1
-0.854	1	1
-0.855	1	1
-0.856	1	1
-0.857	1	1
-0.858	1	1
-0.859	1	1
-0.86	1	1
-0.861	1	1
-0.862	1	1
-0.863	1	1
-0.864	1	1
-0.865	1	1
-0.866	1	1
-0.867	1	1
-0.868	1	1
-0.869	1	1
-0.87	1	1
-0.871	1	1
-0.872	1	1
-0.873	1	1
-0.874	1	1
-0.875	1	1
-0.876	1	1
-0.877	1	1
-0.878	1	1
-0.879	1	1
-0.88	1	1
-0.881	1	1
-0.882	1	1
-0.883	1	1
-0.884	1	1
-0.885	1	1
-0.886	1	1
-0.887	1	1
-0.888	1	1
-0.889	1	1
-0.89	1	1
-0.891	1	1
-0.892	1	1
-0.893	1	1
-0.894	1	1
-0.895	1	1
-0.896	1	1
-0.897	1	1
-0.898	1	1
-0.899	1	1
-0.9	1	1
-0.901	1	1
-0.902	1	1
-0.903	1	1
-0.904	1	1
-0.905	1	1
-0.906	1	1
-0.907	1	1
-0.908	1	1
-0.909	1	1
-0.91	1	1
-0.911	1	1
-0.912	1	1
-0.913	1	1
-0.914	1	1
-0.915	1	1
-0.916	1	1
-0.917	1	1
-0.918	1	1
-0.919	1	1
-0.92	1	1
-0.921	1	1
-0.922	1	1
-0.923	1	1
-0.924	1	1
-0.925	1	1
-0.926	1	1
-0.927	1	1
-0.928	1	1
-0.929	1	1
-0.93	1	1
-0.931	1	1
-0.932	1	1
-0.933	1	1
-0.934	1	1
-0.935	1	1
-0.936	1	1
-0.937	1	1
-0.938	1	1
-0.939	1	1
-0.94	1	1
-0.941	1	1
-0.942	1	1
-0.943	1	1
-0.944	1	1
-0.945	1	1
-0.946	1	1
-0.947	1	1
-0.948	1	1
-0.949	1	1
-0.95	1	1
-0.951	1	1
-0.952	1	1
-0.953	1	1
-0.954	1	1
-0.955	1	1
-0.956	1	1
-0.957	1	1
-0.958	1	1
-0.959	1	1
-0.96	1	1
-0.961	1	1
-0.962	1	1
-0.963	1	1
-0.964	1	1
-0.965	1	1
-0.966	1	1
-0.967	1	1
-0.968	1	1
-0.969	1	1
-0.97	1	1
-0.971	1	1
-0.972	1	1
-0.973	1	1
-0.974	1	1
-0.975	1	1
-0.976	1	1
-0.977	1	1
-0.978	1	1
-0.979	1	1
-0.98	1	1
-0.981	1	1
-0.982	1	1
-0.983	1	1
-0.984	1	1
-0.985	1	1
-0.986	1	1
-0.987	1	1
-0.988	1	1
-0.989	1	1
-0.99	1	1
-0.991	1	1
-0.992	1	1
-0.993	1	1
-0.994	1	1
-0.995	1	1
-0.996	1	1
-0.997	1	1
-0.998	1	1
-0.999	1	1
-1	1	1
