threshold	FAR	TAR
0.999	1.977843854e-10	9.378946974e-05
0.998	1.977843854e-10	9.587368017e-05
0.997	1.977843854e-10	9.587368017e-05
0.996	1.977843854e-10	9.587368017e-05
0.995	1.977843854e-10	9.587368017e-05
0.994	1.977843854e-10	9.587368017e-05
0.993	1.977843854e-10	9.587368017e-05
0.992	1.977843854e-10	9.795789061e-05
0.991	1.977843854e-10	0.0001000421011
0.99	1.977843854e-10	0.0001000421011
0.989	1.977843854e-10	0.0001000421011
0.988	1.977843854e-10	0.0001021263115
0.987	1.977843854e-10	0.0001104631532
0.986	1.977843854e-10	0.0001146315741
0.985	1.977843854e-10	0.0001250526263
0.984	1.977843854e-10	0.0001354736785
0.983	1.977843854e-10	0.0001417263098
0.982	1.977843854e-10	0.0001542315725
0.981	1.977843854e-10	0.0001646526246
0.98	1.977843854e-10	0.0001688210455
0.979	1.977843854e-10	0.0001875789395
0.978	1.977843854e-10	0.0001979999917
0.977	1.977843854e-10	0.0002084210439
0.976	1.977843854e-10	0.0002209263065
0.975	1.977843854e-10	0.0002313473587
0.974	1.977843854e-10	0.0002459368318
0.973	1.977843854e-10	0.0002521894631
0.972	1.977843854e-10	0.0002688631466
0.971	1.977843854e-10	0.000289705251
0.97	3.955687708e-10	0.000304294724
0.969	3.955687708e-10	0.0003188841971
0.968	3.955687708e-10	0.0003272210389
0.967	3.955687708e-10	0.0003334736702
0.966	3.955687708e-10	0.0003418105119
0.965	3.955687708e-10	0.0003480631432
0.964	3.955687708e-10	0.0003626526163
0.963	3.955687708e-10	0.0003730736685
0.962	3.955687708e-10	0.0003772420894
0.961	3.955687708e-10	0.0003876631416
0.96	3.955687708e-10	0.0003980841938
0.959	3.955687708e-10	0.0004022526146
0.958	3.955687708e-10	0.0004126736668
0.957	3.955687708e-10	0.0004335157712
0.956	3.955687708e-10	0.0004501894547
0.955	3.955687708e-10	0.0004585262965
0.954	3.955687708e-10	0.0004710315591
0.953	3.955687708e-10	0.0004856210322
0.952	3.955687708e-10	0.0004981262948
0.951	3.955687708e-10	0.0005002105053
0.95	3.955687708e-10	0.0005168841888
0.949	3.955687708e-10	0.000527305241
0.948	3.955687708e-10	0.0005439789245
0.947	3.955687708e-10	0.0005585683975
0.946	3.955687708e-10	0.0005689894497
0.945	3.955687708e-10	0.0005794105019
0.944	3.955687708e-10	0.0005898315541
0.943	3.955687708e-10	0.0006044210272
0.942	3.955687708e-10	0.0006231789211
0.941	3.955687708e-10	0.0006377683942
0.94	3.955687708e-10	0.0006523578673
0.939	3.955687708e-10	0.0006669473403
0.938	3.955687708e-10	0.0006857052343
0.937	3.955687708e-10	0.0007023789178
0.936	3.955687708e-10	0.0007336420744
0.935	3.955687708e-10	0.0007607368101
0.934	3.955687708e-10	0.0007857473353
0.933	3.955687708e-10	0.0007919999667
0.932	3.955687708e-10	0.0008065894397
0.931	3.955687708e-10	0.0008357683859
0.93	3.955687708e-10	0.0008586947007
0.929	3.955687708e-10	0.0008732841738
0.928	3.955687708e-10	0.0009045473303
0.927	5.933531561e-10	0.0009337262765
0.926	5.933531561e-10	0.0009629052226
0.925	5.933531561e-10	0.0009983368001
0.924	5.933531561e-10	0.001033768378
0.923	5.933531561e-10	0.001048357851
0.922	5.933531561e-10	0.001081705218
0.921	5.933531561e-10	0.001106715743
0.92	5.933531561e-10	0.001137978899
0.919	5.933531561e-10	0.001175494687
0.918	5.933531561e-10	0.001202589423
0.917	5.933531561e-10	0.001238021001
0.916	5.933531561e-10	0.001269284157
0.915	5.933531561e-10	0.001296378893
0.914	5.933531561e-10	0.001325557839
0.913	5.933531561e-10	0.001365157837
0.912	5.933531561e-10	0.001415178888
0.911	5.933531561e-10	0.001446442044
0.91	5.933531561e-10	0.001490210464
0.909	5.933531561e-10	0.001529810462
0.908	5.933531561e-10	0.001565242039
0.907	5.933531561e-10	0.001609010459
0.906	5.933531561e-10	0.00166319993
0.905	5.933531561e-10	0.001704884139
0.904	5.933531561e-10	0.001752820979
0.903	5.933531561e-10	0.001798673608
0.902	5.933531561e-10	0.001832020975
0.901	5.933531561e-10	0.001869536763
0.9	5.933531561e-10	0.00190288413
0.899	5.933531561e-10	0.001954989391
0.898	5.933531561e-10	0.002011263073
0.897	5.933531561e-10	0.002069620965
0.896	5.933531561e-10	0.0021363157
0.895	5.933531561e-10	0.002205094644
0.894	5.933531561e-10	0.002273873588
0.893	5.933531561e-10	0.002340568323
0.892	5.933531561e-10	0.002417684109
0.891	5.933531561e-10	0.002480210422
0.89	5.933531561e-10	0.002544820945
0.889	5.933531561e-10	0.002619852521
0.888	5.933531561e-10	0.002696968307
0.887	5.933531561e-10	0.002765747252
0.886	5.933531561e-10	0.002836610407
0.885	5.933531561e-10	0.002905389351
0.884	5.933531561e-10	0.002984589348
0.883	5.933531561e-10	0.003061705134
0.882	5.933531561e-10	0.003155494604
0.881	5.933531561e-10	0.003234694601
0.88	5.933531561e-10	0.003301389335
0.879	7.911375415e-10	0.003405599857
0.878	7.911375415e-10	0.003482715643
0.877	7.911375415e-10	0.003561915639
0.876	7.911375415e-10	0.003647368267
0.875	7.911375415e-10	0.003739073527
0.874	7.911375415e-10	0.003843284049
0.873	7.911375415e-10	0.003949578781
0.872	7.911375415e-10	0.004043368251
0.871	7.911375415e-10	0.004160084035
0.87	9.889219269e-10	0.004255957716
0.869	9.889219269e-10	0.004358084027
0.868	9.889219269e-10	0.004460210339
0.867	9.889219269e-10	0.00456233665
0.866	9.889219269e-10	0.004672799803
0.865	9.889219269e-10	0.004777010325
0.864	9.889219269e-10	0.004897894531
0.863	9.889219269e-10	0.004997936632
0.862	9.889219269e-10	0.005097978733
0.861	9.889219269e-10	0.005208441886
0.86	1.186706312e-09	0.005350168196
0.859	1.186706312e-09	0.005462715559
0.858	1.186706312e-09	0.005589852396
0.857	1.186706312e-09	0.005746168179
0.856	1.186706312e-09	0.00589414712
0.855	1.186706312e-09	0.006060883955
0.854	1.186706312e-09	0.006185936582
0.853	1.186706312e-09	0.006358926048
0.852	1.186706312e-09	0.0065089892
0.851	1.186706312e-09	0.00665279972
0.85	1.186706312e-09	0.006832041818
0.849	1.186706312e-09	0.007007115494
0.848	1.186706312e-09	0.007157178646
0.847	1.384490698e-09	0.007342673375
0.846	1.384490698e-09	0.007542757577
0.845	1.384490698e-09	0.007709494412
0.844	1.384490698e-09	0.007897073352
0.843	1.582275083e-09	0.008088820712
0.842	1.582275083e-09	0.008305578598
0.841	1.582275083e-09	0.008468147012
0.84	1.582275083e-09	0.008645304899
0.839	1.582275083e-09	0.008855810153
0.838	1.582275083e-09	0.009055894356
0.837	1.582275083e-09	0.00931642066
0.836	1.582275083e-09	0.009541515388
0.835	1.780059468e-09	0.009774946957
0.834	1.780059468e-09	0.009995873263
0.833	1.977843854e-09	0.0102626522
0.832	2.373412625e-09	0.01048566272
0.831	2.57119701e-09	0.01072326271
0.83	2.768981395e-09	0.01091709428
0.829	2.768981395e-09	0.01116928374
0.828	2.768981395e-09	0.01143189426
0.827	2.966765781e-09	0.01171534688
0.826	3.164550166e-09	0.01195711529
0.825	3.362334551e-09	0.01224265212
0.824	3.955687708e-09	0.01255319947
0.823	3.955687708e-09	0.01288458893
0.822	3.955687708e-09	0.01318054681
0.821	4.153472093e-09	0.01348692575
0.82	4.153472093e-09	0.0137974731
0.819	4.351256478e-09	0.01408509414
0.818	4.944609634e-09	0.01439355729
0.817	4.944609634e-09	0.01474370464
0.816	5.14239402e-09	0.01507926252
0.815	5.537962791e-09	0.0153939783
0.814	5.735747176e-09	0.01569827302
0.813	5.735747176e-09	0.01601715722
0.812	5.735747176e-09	0.01632770458
0.811	6.526884717e-09	0.01671745193
0.81	7.318022259e-09	0.01705300981
0.809	7.318022259e-09	0.01744067295
0.808	7.71359103e-09	0.01777831504
0.807	8.504728571e-09	0.01815555713
0.806	9.098081727e-09	0.0185494729
0.805	9.295866113e-09	0.01893713604
0.804	9.889219269e-09	0.01929562024
0.803	1.008700365e-08	0.01973955706
0.802	1.028478804e-08	0.02017724126
0.801	1.048257242e-08	0.02060242019
0.8	1.068035681e-08	0.02105469385
0.799	1.08781412e-08	0.02148612541
0.798	1.107592558e-08	0.0219634096
0.797	1.206484751e-08	0.02238650432
0.796	1.265820066e-08	0.02289505167
0.795	1.325155382e-08	0.02337025165
0.794	1.344933821e-08	0.02386837794
0.793	1.364712259e-08	0.02435399897
0.792	1.443826013e-08	0.02486254632
0.791	1.443826013e-08	0.0253169042
0.79	1.463604452e-08	0.02582128312
0.789	1.503161329e-08	0.02634233573
0.788	1.582275083e-08	0.02690715676
0.787	1.582275083e-08	0.02754492516
0.786	1.62183196e-08	0.02805555671
0.785	1.62183196e-08	0.02863496722
0.784	1.700945714e-08	0.02919770403
0.783	1.720724153e-08	0.02984589348
0.782	1.740502591e-08	0.03043572503
0.781	1.76028103e-08	0.0310276408
0.78	1.799837907e-08	0.03164456709
0.779	1.878951661e-08	0.03224481969
0.778	1.8987301e-08	0.03288258809
0.777	1.977843854e-08	0.03360997753
0.776	2.037179169e-08	0.03426441961
0.775	2.096514485e-08	0.03489593537
0.774	2.215185116e-08	0.03561081955
0.773	2.333855747e-08	0.036259009
0.772	2.412969502e-08	0.03694263002
0.771	2.531640133e-08	0.03754913526
0.77	2.57119701e-08	0.03815980892
0.769	2.610753887e-08	0.03890387205
0.768	2.610753887e-08	0.03959999833
0.767	2.689867641e-08	0.04034406146
0.766	2.729424518e-08	0.04100475617
0.765	2.788759834e-08	0.04176549298
0.764	2.867873588e-08	0.04253039821
0.763	2.927208904e-08	0.04328279818
0.762	3.026101096e-08	0.04407479814
0.761	3.065657973e-08	0.04488347179
0.76	3.124993289e-08	0.04574425071
0.759	3.223885482e-08	0.0465425033
0.758	3.322777674e-08	0.04728448222
0.757	3.441448306e-08	0.04816610324
0.756	3.500783621e-08	0.04896644004
0.755	3.599675814e-08	0.04976469264
0.754	3.678789568e-08	0.05065673471
0.753	3.757903322e-08	0.0515529452
0.752	3.817238638e-08	0.05240538727
0.751	3.876573953e-08	0.05331201881
0.75	3.975466146e-08	0.05432494508
0.749	4.074358339e-08	0.05529618715
0.748	4.212807408e-08	0.05619239763
0.747	4.291921163e-08	0.05725534496
0.746	4.351256478e-08	0.05824534492
0.745	4.469927109e-08	0.05924785014
0.744	4.568819302e-08	0.06027536588
0.743	4.647933056e-08	0.06132163952
0.742	4.72704681e-08	0.06231372369
0.741	4.845717442e-08	0.06337875523
0.74	4.964388073e-08	0.06441043939
0.739	5.102837143e-08	0.06545879724
0.738	5.201729335e-08	0.06648422878
0.737	5.28084309e-08	0.0677055761
0.736	5.399513721e-08	0.06880187079
0.735	5.518184352e-08	0.06992526021
0.734	5.537962791e-08	0.07109241806
0.733	5.656633422e-08	0.07221372328
0.732	5.735747176e-08	0.07340589165
0.731	5.854417807e-08	0.07460222844
0.73	5.95331e-08	0.07586525996
0.729	6.09175907e-08	0.07711787044
0.728	6.210429701e-08	0.07835589144
0.727	6.388435648e-08	0.07961892296
0.726	6.48732784e-08	0.08089029133
0.725	6.605998472e-08	0.08217208075
0.724	6.744447541e-08	0.08343511228
0.723	6.863118173e-08	0.08469189117
0.722	7.140016312e-08	0.08605913322
0.721	7.278465382e-08	0.08739719632
0.72	7.416914452e-08	0.08866022785
0.719	7.594920398e-08	0.09007332252
0.718	7.634477275e-08	0.09135928036
0.717	7.733369468e-08	0.09257229084
0.716	7.970710731e-08	0.0940625013
0.715	8.227830432e-08	0.09547559598
0.714	8.465171694e-08	0.09680115382
0.713	8.643177641e-08	0.09817048008
0.712	8.781626711e-08	0.09953980634
0.711	8.959632657e-08	0.1010091747
0.71	9.216752358e-08	0.1024722904
0.709	9.533207375e-08	0.1039708377
0.708	9.770548638e-08	0.1054881429
0.707	1.00078899e-07	0.1069116587
0.706	1.022545272e-07	0.1083997849
0.705	1.042323711e-07	0.1099650269
0.704	1.068035681e-07	0.1115281848
0.703	1.0779249e-07	0.1130934268
0.702	1.101659027e-07	0.1146857636
0.701	1.127370997e-07	0.1162655951
0.7	1.149127279e-07	0.1178683529
0.699	1.166927874e-07	0.1194794476
0.698	1.194617688e-07	0.121117637
0.697	1.214396126e-07	0.122712058
0.696	1.24208594e-07	0.124385679
0.695	1.263842223e-07	0.1258133631
0.694	1.283620661e-07	0.1274202894
0.693	1.305376943e-07	0.1291856156
0.692	1.331088914e-07	0.1307633629
0.691	1.35482304e-07	0.1324911734
0.69	1.378557166e-07	0.1341481207
0.689	1.408224824e-07	0.1358363311
0.688	1.433936794e-07	0.1375578889
0.687	1.45767092e-07	0.1392794468
0.686	1.489316422e-07	0.1410510256
0.685	1.515028392e-07	0.1428434466
0.684	1.550629581e-07	0.1446775518
0.683	1.576341551e-07	0.1464574675
0.682	1.592164302e-07	0.1483082464
0.681	1.627765492e-07	0.1501611095
0.68	1.675233744e-07	0.152057741
0.679	1.695012183e-07	0.1539168567
0.678	1.716768465e-07	0.1557592987
0.677	1.756325342e-07	0.1576475934
0.676	1.791926531e-07	0.1594150038
0.675	1.823572033e-07	0.1612699511
0.674	1.845328316e-07	0.1631811721
0.673	1.86312891e-07	0.1649798457
0.672	1.896752256e-07	0.1667576772
0.671	1.934331289e-07	0.168666814
0.67	1.963998947e-07	0.1705738665
0.669	1.989710917e-07	0.1726226454
0.668	2.021356419e-07	0.1746547505
0.667	2.060913296e-07	0.176670182
0.666	2.086625266e-07	0.1787272977
0.665	2.124204299e-07	0.1808052555
0.664	2.155849801e-07	0.1827268976
0.663	2.189473146e-07	0.1846860554
0.662	2.219140804e-07	0.1867598448
0.661	2.274520432e-07	0.1887064973
0.66	2.312099465e-07	0.190724013
0.659	2.363523405e-07	0.1927394445
0.658	2.387257531e-07	0.1948966023
0.657	2.436703628e-07	0.1970099917
0.656	2.48417188e-07	0.1991317179
0.655	2.525706601e-07	0.2011971705
0.654	2.567241322e-07	0.2032355283
0.653	2.620643106e-07	0.2053906019
0.652	2.668111359e-07	0.2076165386
0.651	2.721513143e-07	0.2097507701
0.65	2.749202957e-07	0.2118266437
0.649	2.792715521e-07	0.2139546226
0.648	2.818427492e-07	0.2161888962
0.647	2.861940056e-07	0.2183939908
0.646	2.909408309e-07	0.2205344749
0.645	2.95094303e-07	0.2226687064
0.644	2.996433438e-07	0.2247612537
0.643	3.037968159e-07	0.2269996957
0.642	3.099281319e-07	0.2292277167
0.641	3.154660947e-07	0.2316224745
0.64	3.194217824e-07	0.2339192744
0.639	3.235752545e-07	0.2361723058
0.638	3.302999236e-07	0.2383190426
0.637	3.35640102e-07	0.2405679057
0.636	3.397935741e-07	0.2428876319
0.635	3.435514774e-07	0.2452865581
0.634	3.486938714e-07	0.2475958633
0.633	3.54627403e-07	0.2499906211
0.632	3.607587189e-07	0.2523707894
0.631	3.666922505e-07	0.2546634209
0.63	3.740102727e-07	0.2568705997
0.629	3.793504511e-07	0.2591632312
0.628	3.83899492e-07	0.2614808732
0.627	3.906241611e-07	0.2638652099
0.626	3.961621239e-07	0.266114073
0.625	4.02886793e-07	0.2684775676
0.624	4.10600384e-07	0.2709411044
0.623	4.147538561e-07	0.2733296095
0.622	4.220718784e-07	0.2757222831
0.621	4.284009787e-07	0.2780691041
0.62	4.35719001e-07	0.2804096724
0.619	4.426414545e-07	0.2828065144
0.618	4.477838485e-07	0.2852763038
0.617	4.551018707e-07	0.2877690195
0.616	4.616287555e-07	0.2901721141
0.615	4.68551209e-07	0.2926335666
0.614	4.768581531e-07	0.2950658402
0.613	4.851650973e-07	0.2975502191
0.612	4.922853352e-07	0.2998949558
0.611	4.998011418e-07	0.3023605767
0.61	5.083058704e-07	0.3048136924
0.609	5.172061678e-07	0.3072543029
0.608	5.233374837e-07	0.3096678185
0.607	5.302599372e-07	0.3120646605
0.606	5.379735282e-07	0.3145323657
0.605	5.441048442e-07	0.317139713
0.604	5.504339445e-07	0.3195969971
0.603	5.57356398e-07	0.3220647022
0.602	5.648722046e-07	0.3245615863
0.601	5.729813644e-07	0.3270480494
0.6	5.783215428e-07	0.3295491019
0.599	5.842550744e-07	0.3321168492
0.598	5.909797435e-07	0.3347283649
0.597	6.022534535e-07	0.3372627647
0.596	6.119448884e-07	0.3398492699
0.595	6.216363232e-07	0.342414933
0.594	6.299432674e-07	0.3447888486
0.593	6.386457804e-07	0.3473649327
0.592	6.439859588e-07	0.3499556063
0.591	6.530840405e-07	0.3525900483
0.59	6.604020628e-07	0.3551432061
0.589	6.669289475e-07	0.3577797323
0.588	6.740491854e-07	0.3603558164
0.587	6.801805013e-07	0.3628923005
0.586	6.894763674e-07	0.3655475846
0.585	6.981788804e-07	0.3680882371
0.584	7.086614528e-07	0.370731016
0.583	7.16968397e-07	0.373246658
0.582	7.236930661e-07	0.3758206579
0.581	7.318022259e-07	0.3784175841
0.58	7.409003076e-07	0.3808748682
0.579	7.494050362e-07	0.3832612891
0.578	7.585031179e-07	0.3857185732
0.577	7.697768279e-07	0.3882300468
0.576	7.786771252e-07	0.3909832888
0.575	7.905441883e-07	0.3936364887
0.574	8.012245452e-07	0.3962167412
0.573	8.115093332e-07	0.3987907411
0.572	8.223874744e-07	0.4013709936
0.571	8.326722624e-07	0.4039512461
0.57	8.417703442e-07	0.4065419197
0.569	8.518573478e-07	0.4091117512
0.568	8.615487827e-07	0.4116315616
0.567	8.744047677e-07	0.4142389089
0.566	8.835028495e-07	0.4168108246
0.565	8.900297342e-07	0.4193473087
0.564	9.020945817e-07	0.4219504875
0.563	9.121815854e-07	0.4243473295
0.562	9.238508641e-07	0.4270172031
0.561	9.32553377e-07	0.4297350135
0.56	9.434315182e-07	0.4324757502
0.559	9.539140907e-07	0.4350643396
0.558	9.634077412e-07	0.4377258763
0.557	9.713191166e-07	0.4402602762
0.556	9.823950422e-07	0.4428905498
0.555	9.908997707e-07	0.4455583391
0.554	1.00078899e-06	0.4481469285
0.553	1.013249406e-06	0.4507751179
0.552	1.026303176e-06	0.4533532862
0.551	1.036192395e-06	0.4559585492
0.55	1.046872752e-06	0.4584929491
0.549	1.056564187e-06	0.4610190122
0.548	1.067244543e-06	0.4635909278
0.547	1.078913822e-06	0.4662503804
0.546	1.088011904e-06	0.4688097908
0.545	1.098296692e-06	0.4714775801
0.544	1.111152677e-06	0.4739286116
0.543	1.12301974e-06	0.4765484641
0.542	1.132711175e-06	0.4790078325
0.541	1.143193747e-06	0.4814588639
0.54	1.152885182e-06	0.4839890954
0.539	1.166532305e-06	0.486500569
0.538	1.175828171e-06	0.4890787373
0.537	1.191255353e-06	0.4916589898
0.536	1.201737926e-06	0.4941933897
0.535	1.211033792e-06	0.4966986107
0.534	1.225274267e-06	0.4994018316
0.533	1.236547977e-06	0.501832021
0.532	1.246437197e-06	0.5043518314
0.531	1.258106475e-06	0.5067215787
0.53	1.269973538e-06	0.5091997049
0.529	1.280456111e-06	0.5116403153
0.528	1.291927605e-06	0.5141371994
0.527	1.304585806e-06	0.5166945256
0.526	1.31467281e-06	0.5191226308
0.525	1.326342088e-06	0.5216966307
0.524	1.340978133e-06	0.5242143569
0.523	1.356009746e-06	0.5266653884
0.522	1.368470162e-06	0.5291247567
0.521	1.379941657e-06	0.5315653671
0.52	1.39497327e-06	0.5340122301
0.519	1.408027039e-06	0.5364715985
0.518	1.420883025e-06	0.5388371773
0.517	1.431167813e-06	0.5412361035
0.516	1.443430444e-06	0.5436016824
0.515	1.457868705e-06	0.5459964402
0.514	1.467955708e-06	0.5485683558
0.513	1.478438281e-06	0.5510089663
0.512	1.488920853e-06	0.5533349451
0.511	1.501974623e-06	0.5558047345
0.51	1.519379648e-06	0.5582099133
0.509	1.531444496e-06	0.5604983764
0.508	1.546476109e-06	0.5628806289
0.507	1.556958682e-06	0.5652399551
0.506	1.567045685e-06	0.5676013656
0.505	1.57673712e-06	0.5699377655
0.504	1.589988674e-06	0.572309597
0.503	1.602844659e-06	0.5746126495
0.502	1.614909507e-06	0.576905281
0.501	1.628754414e-06	0.5792521019
0.5	1.641808183e-06	0.5816343545
0.499	1.653477462e-06	0.5839707544
0.498	1.667124584e-06	0.5862467122
0.497	1.678002726e-06	0.5885143331
0.496	1.688089729e-06	0.5908340593
0.495	1.702132421e-06	0.5930704171
0.494	1.713208346e-06	0.5953713855
0.493	1.723493134e-06	0.5976265012
0.492	1.736744688e-06	0.5998795326
0.491	1.749996242e-06	0.6022680378
0.49	1.763247796e-06	0.6045002272
0.489	1.776103781e-06	0.6068032797
0.488	1.792717669e-06	0.6089875323
0.487	1.80676036e-06	0.6112593216
0.486	1.822187542e-06	0.613451911
0.485	1.835241312e-06	0.6156215741
0.484	1.848888434e-06	0.6178079108
0.483	1.860162144e-06	0.6199942476
0.482	1.873809267e-06	0.6221930896
0.481	1.889236449e-06	0.6244086053
0.48	1.903476925e-06	0.6265595105
0.479	1.918112969e-06	0.6287541841
0.478	1.933540151e-06	0.6309405208
0.477	1.947385058e-06	0.633091426
0.476	1.95964769e-06	0.6353256996
0.475	1.972899244e-06	0.637359889
0.474	1.987337504e-06	0.6395253836
0.473	2.000391274e-06	0.6416825414
0.472	2.015027318e-06	0.6439480781
0.471	2.0241254e-06	0.6461698465
0.47	2.03539911e-06	0.6483332569
0.469	2.047661742e-06	0.6504299726
0.468	2.060715511e-06	0.6525454462
0.467	2.071000299e-06	0.654544204
0.466	2.083460716e-06	0.6565783934
0.465	2.096712269e-06	0.6586917828
0.464	2.108183764e-06	0.6607092985
0.463	2.123017593e-06	0.6625642458
0.462	2.136071362e-06	0.6646088562
0.461	2.147345072e-06	0.6666013614
0.46	2.165343451e-06	0.6686709824
0.459	2.179979496e-06	0.6706947507
0.458	2.194022187e-06	0.6727143506
0.457	2.206878172e-06	0.6747151926
0.456	2.222503138e-06	0.6766034873
0.455	2.236150261e-06	0.6786751925
0.454	2.25098409e-06	0.6806697819
0.453	2.263048937e-06	0.6826706239
0.452	2.274124863e-06	0.6846756343
0.451	2.28796977e-06	0.6865910237
0.45	2.303594736e-06	0.6884563921
0.449	2.315066231e-06	0.6904280551
0.448	2.327922216e-06	0.6923163498
0.447	2.340975985e-06	0.6941400339
0.446	2.353634186e-06	0.6960074865
0.445	2.36510568e-06	0.697914539
0.444	2.379346156e-06	0.6997194653
0.443	2.393982201e-06	0.7015348126
0.442	2.408618245e-06	0.7034793809
0.441	2.422265368e-06	0.7053280756
0.44	2.436110275e-06	0.7071767702
0.439	2.44896626e-06	0.7089483491
0.438	2.461822245e-06	0.7106949174
0.437	2.47784278e-06	0.7124352332
0.436	2.492874393e-06	0.7142401594
0.435	2.504345888e-06	0.7160534225
0.434	2.516410735e-06	0.7179021171
0.433	2.528475583e-06	0.7196903697
0.432	2.54370498e-06	0.7214077591
0.431	2.557549887e-06	0.7231459906
0.43	2.568823597e-06	0.7248071063
0.429	2.582272935e-06	0.7264744747
0.428	2.594931136e-06	0.7281522641
0.427	2.610160534e-06	0.7298571482
0.426	2.625587716e-06	0.7315807902
0.425	2.639630407e-06	0.7333565375
0.424	2.651893039e-06	0.7350780954
0.423	2.665144593e-06	0.7366996111
0.422	2.678791716e-06	0.7383169584
0.421	2.694416682e-06	0.7400489373
0.42	2.709843864e-06	0.7415683267
0.419	2.72408434e-06	0.7432336108
0.418	2.742082719e-06	0.7447884318
0.417	2.757114332e-06	0.7464224528
0.416	2.770365886e-06	0.7480731474
0.415	2.785199715e-06	0.7495654421
0.414	2.798451269e-06	0.7512265578
0.413	2.811505038e-06	0.7528439051
0.412	2.829503417e-06	0.7544612524
0.411	2.844139462e-06	0.7559931471
0.41	2.859962213e-06	0.7575604734
0.409	2.877762807e-06	0.7590631891
0.408	2.893189989e-06	0.7606200943
0.407	2.9107928e-06	0.7621207258
0.406	2.927208904e-06	0.7636025994
0.405	2.940460457e-06	0.7650136099
0.404	2.955689855e-06	0.7664871467
0.403	2.972897097e-06	0.7680211256
0.402	2.99425781e-06	0.7694904939
0.401	3.009487208e-06	0.7709973781
0.4	3.029067862e-06	0.7725105148
0.399	3.052208635e-06	0.7738652516
0.398	3.069613661e-06	0.7752700095
0.397	3.088007609e-06	0.7766560094
0.396	3.10699491e-06	0.7779940725
0.395	3.13092682e-06	0.7794613567
0.394	3.150903043e-06	0.7808140092
0.393	3.175032738e-06	0.7822208513
0.392	3.195602315e-06	0.7835609986
0.391	3.214985184e-06	0.7848511248
0.39	3.236939251e-06	0.7861370827
0.389	3.256519905e-06	0.7874334616
0.388	3.279067325e-06	0.7887089984
0.387	3.302603667e-06	0.7900449773
0.386	3.330293481e-06	0.7912246404
0.385	3.35640102e-06	0.7924751666
0.384	3.378157302e-06	0.7938194824
0.383	3.402682566e-06	0.7951241981
0.382	3.424636633e-06	0.7962767665
0.381	3.453908722e-06	0.7975189559
0.38	3.482587458e-06	0.7987924085
0.379	3.515221881e-06	0.8000325137
0.378	3.552009777e-06	0.8012246821
0.377	3.58642426e-06	0.8023980925
0.376	3.618267546e-06	0.8036381977
0.375	3.655055442e-06	0.8048970608
0.374	3.692238906e-06	0.8060287871
0.373	3.728433449e-06	0.8071813555
0.372	3.766803619e-06	0.8082588923
0.371	3.805964928e-06	0.809394787
0.37	3.844532883e-06	0.8105119238
0.369	3.886660957e-06	0.8116749132
0.368	3.926811187e-06	0.8127691237
0.367	3.972894949e-06	0.8138633342
0.366	4.019769848e-06	0.8148741762
0.365	4.066446963e-06	0.8159287867
0.364	4.118662041e-06	0.817020913
0.363	4.168899275e-06	0.8181443024
0.362	4.228036806e-06	0.8191176287
0.361	4.287767691e-06	0.8201722392
0.36	4.353432106e-06	0.8212143444
0.359	4.417316463e-06	0.8222918812
0.358	4.488716626e-06	0.8233256495
0.357	4.554381042e-06	0.8243469127
0.356	4.631319168e-06	0.82537026
0.355	4.704697175e-06	0.8263289968
0.354	4.786382126e-06	0.8273690178
0.353	4.863715821e-06	0.8283444283
0.352	4.951927657e-06	0.8292989967
0.351	5.027085723e-06	0.8302473124
0.35	5.123802288e-06	0.8312123018
0.349	5.223485618e-06	0.8321856281
0.348	5.326531283e-06	0.8331318597
0.347	5.436697185e-06	0.8341072701
0.346	5.545676382e-06	0.8350910175
0.345	5.657622344e-06	0.8359893122
0.344	5.77609519e-06	0.836908449
0.343	5.903072766e-06	0.837800491
0.342	6.031830401e-06	0.8387363015
0.341	6.171070608e-06	0.8396262594
0.34	6.315453209e-06	0.8404932909
0.339	6.465967127e-06	0.8413769962
0.338	6.627754754e-06	0.8422523645
0.337	6.780839868e-06	0.8431548277
0.336	6.958845815e-06	0.8440635434
0.335	7.148125472e-06	0.8449472486
0.334	7.326724772e-06	0.8458038591
0.333	7.524311373e-06	0.8466604696
0.332	7.733962821e-06	0.8475004064
0.331	7.948558879e-06	0.8483090801
0.33	8.155836915e-06	0.8490197958
0.329	8.393375962e-06	0.8497784484
0.328	8.642188719e-06	0.8505412695
0.327	8.908604286e-06	0.8513353536
0.326	9.170470812e-06	0.852121101
0.325	9.448555658e-06	0.8528755851
0.324	9.752352474e-06	0.8536509114
0.323	1.006544516e-05	0.8544637535
0.322	1.038842706e-05	0.8552390798
0.321	1.072683614e-05	0.8559372903
0.32	1.108363917e-05	0.856648006
0.319	1.14329264e-05	0.857429585
0.318	1.180416769e-05	0.8580944481
0.317	1.220626334e-05	0.8588218375
0.316	1.262378618e-05	0.8594950375
0.315	1.306880105e-05	0.860164069
0.314	1.35419013e-05	0.8608539427
0.313	1.403616448e-05	0.86152089
0.312	1.454921717e-05	0.86215449
0.311	1.50682034e-05	0.8628506163
0.31	1.564375596e-05	0.8635050584
0.309	1.619953008e-05	0.8641490794
0.308	1.681582623e-05	0.8647409952
0.307	1.744042932e-05	0.8652891425
0.306	1.810320479e-05	0.865937332
0.305	1.879861469e-05	0.8666001109
0.304	1.952705458e-05	0.8672212056
0.303	2.028357986e-05	0.867898574
0.302	2.109271578e-05	0.868532174
0.301	2.193132157e-05	0.8690990792
0.3	2.283262502e-05	0.8697055844
0.299	2.374401546e-05	0.8702453949
0.298	2.470188524e-05	0.8708935844
0.297	2.570326759e-05	0.8714104686
0.296	2.673530651e-05	0.8719940475
0.295	2.780512225e-05	0.8725380264
0.294	2.891904391e-05	0.8731361948
0.293	3.010258567e-05	0.8737572895
0.292	3.132983778e-05	0.8742929316
0.291	3.259071324e-05	0.8748389947
0.29	3.39097373e-05	0.8753475421
0.289	3.529699698e-05	0.8758873526
0.288	3.675526126e-05	0.8763896473
0.287	3.823429289e-05	0.8769690578
0.286	3.980015187e-05	0.8774567631
0.285	4.147914352e-05	0.8779548893
0.284	4.319215408e-05	0.8784801104
0.283	4.498704738e-05	0.8790094998
0.282	4.685848323e-05	0.8795055419
0.281	4.883830493e-05	0.8799911629
0.28	5.088418661e-05	0.8804205103
0.279	5.306258383e-05	0.8809269734
0.278	5.528647146e-05	0.8813813313
0.277	5.764129235e-05	0.8818523629
0.276	6.005703083e-05	0.8823358997
0.275	6.257996845e-05	0.8828465312
0.274	6.523087257e-05	0.883309226
0.273	6.801310552e-05	0.8837781733
0.272	7.086614528e-05	0.8842533733
0.271	7.381174813e-05	0.8846910575
0.27	7.696759578e-05	0.885162089
0.269	8.020888629e-05	0.8855789311
0.268	8.362264478e-05	0.8859707627
0.267	8.716832546e-05	0.8864188679
0.266	9.092247088e-05	0.8868544679
0.265	9.476285029e-05	0.8872796469
0.264	9.881011217e-05	0.8876798153
0.263	0.0001030462581	0.8880528889
0.262	0.0001075217232	0.8884634784
0.261	0.0001120527657	0.8888469731
0.26	0.00011683717	0.8892450573
0.259	0.0001217887021	0.8896348046
0.258	0.0001270102098	0.8900162152
0.257	0.0001324609497	0.8903538572
0.256	0.0001381154075	0.8907185941
0.255	0.0001439723965	0.891093752
0.254	0.000150082154	0.8914397309
0.253	0.0001564692051	0.8918294782
0.252	0.0001631733046	0.8921817098
0.251	0.0001700718262	0.8924922572
0.25	0.0001773210195	0.8928528256
0.249	0.0001848748008	0.8931988045
0.248	0.0001927288187	0.8935447834
0.247	0.0002008727886	0.8938490782
0.246	0.0002093986801	0.8942033939
0.245	0.0002182768255	0.8945431202
0.244	0.0002275115763	0.8948703413
0.243	0.0002371751236	0.895214236
0.242	0.0002472346352	0.8955393728
0.241	0.0002575888455	0.8958853518
0.24	0.0002685542097	0.8962271623
0.239	0.0002799117802	0.8965460465
0.238	0.0002916740176	0.8968711833
0.237	0.0003039358584	0.897175478
0.236	0.0003167437818	0.8974881096
0.235	0.000330039046	0.8977548885
0.234	0.0003439957011	0.8980487622
0.233	0.000358434159	0.8983301306
0.232	0.000373335828	0.898601078
0.231	0.0003889924399	0.8988824464
0.23	0.0004052265823	0.89913672
0.229	0.0004221915379	0.8994097516
0.228	0.0004398036441	0.8996765305
0.227	0.0004579531304	0.8999495621
0.226	0.0004769641656	0.9002392674
0.225	0.0004968223112	0.9004997937
0.224	0.0005175232161	0.9007561515
0.223	0.0005390601556	0.9010250147
0.222	0.0005615559538	0.9012897094
0.221	0.0005847972014	0.9015648252
0.22	0.0006089781226	0.901810762
0.219	0.000634374231	0.9020671199
0.218	0.0006605324027	0.9023130567
0.217	0.0006878764895	0.9025840041
0.216	0.0007163166974	0.9028341094
0.215	0.0007458666735	0.9030550357
0.214	0.0007766856342	0.9032613725
0.213	0.0008087083107	0.9035344041
0.212	0.0008419740621	0.9037469935
0.211	0.0008768371201	0.9040012672
0.21	0.0009130162355	0.9042284461
0.209	0.0009505327688	0.9044306146
0.208	0.0009896094254	0.9046557093
0.207	0.001030253721	0.9048724672
0.206	0.001072530925	0.9051100672
0.205	0.001116478219	0.9053143198
0.204	0.001162301895	0.9055394145
0.203	0.001209980788	0.9057186566
0.202	0.001259424906	0.9058895619
0.201	0.001310876734	0.9060917303
0.2	0.001364380179	0.9062876461
0.199	0.001420087338	0.9064814776
0.198	0.001477752364	0.9066961513
0.197	0.001537732655	0.9068878987
0.196	0.001600219071	0.9071213302
0.195	0.001665204296	0.9072984881
0.194	0.001732726698	0.9074735618
0.193	0.001803103129	0.9076528039
0.192	0.00187622461	0.9078487197
0.191	0.001952234534	0.9080071197
0.19	0.002030936303	0.9081717723
0.189	0.002112971135	0.9083593512
0.188	0.002198244686	0.9085427617
0.187	0.002286885516	0.9087282565
0.186	0.002379141449	0.9089158354
0.185	0.002474767035	0.9090867407
0.184	0.002574252976	0.909268067
0.183	0.002677628546	0.9094618985
0.182	0.002785075308	0.9096182143
0.181	0.002896579816	0.9098162143
0.18	0.00301235251	0.9099829512
0.179	0.003132748019	0.9101580248
0.178	0.003258101785	0.9103685301
0.177	0.003388052455	0.9105269301
0.176	0.003522899871	0.9106811617
0.175	0.003663319269	0.9108541511
0.174	0.003808946527	0.9110104669
0.173	0.003960117089	0.9111688669
0.172	0.004116948239	0.9113105932
0.171	0.004280156156	0.9114564879
0.17	0.004449455239	0.9116086353
0.169	0.004625412535	0.9117753721
0.168	0.004807618038	0.9119212669
0.167	0.004996913913	0.9120775826
0.166	0.005193351782	0.9122380669
0.165	0.00539699019	0.9124048037
0.164	0.005608892227	0.9125777932
0.163	0.005828551763	0.9127403616
0.162	0.006056204162	0.9129008458
0.161	0.006292409944	0.9130571616
0.16	0.006537342369	0.9132426563
0.159	0.006791933594	0.9133948036
0.158	0.007055839673	0.9135532036
0.157	0.00732976452	0.9136886773
0.156	0.007613291799	0.9138658352
0.155	0.007907528311	0.9140179826
0.154	0.008212454278	0.9141742984
0.153	0.008528762341	0.9143410352
0.152	0.008856453093	0.9145056878
0.151	0.009196191287	0.9146828457
0.15	0.009548693695	0.9148370773
0.149	0.009913707745	0.9150163194
0.148	0.01029155207	0.9151622141
0.147	0.0106822595	0.9153143615
0.146	0.01108744098	0.915497772
0.145	0.01150747212	0.9156707614
0.144	0.01194214386	0.915824993
0.143	0.01239215456	0.9160021509
0.142	0.01285816384	0.9161522141
0.141	0.01334074726	0.916339793
0.14	0.01384013938	0.9165273719
0.139	0.01435694326	0.9166753509
0.138	0.01489171248	0.9168170772
0.137	0.01544489088	0.9169567193
0.136	0.01601672075	0.9170963614
0.135	0.01660816627	0.9172651824
0.134	0.01722027572	0.917459014
0.133	0.01785229691	0.9176111614
0.132	0.01850595986	0.917815414
0.131	0.01918213563	0.9180467613
0.13	0.01988064856	0.9182280877
0.129	0.02060188455	0.9183885719
0.128	0.02134724292	0.9185407192
0.127	0.02211666651	0.9187533087
0.126	0.02291190194	0.9189367192
0.125	0.02373287012	0.9191576455
0.124	0.02457910327	0.919341056
0.123	0.02545411741	0.919539056
0.122	0.02635637061	0.9197391402
0.121	0.02728797027	0.9199183823
0.12	0.02824844369	0.9201080455
0.119	0.02923935888	0.9202852034
0.118	0.03026200265	0.9204790349
0.117	0.03131531922	0.9207103823
0.116	0.03240137444	0.9209479823
0.115	0.03352125277	0.9211438981
0.114	0.03467506636	0.9213273086
0.113	0.03586472341	0.9215273928
0.112	0.03708947692	0.921737898
0.111	0.0383514032	0.9219546559
0.11	0.03965082347	0.9221755822
0.109	0.04098843551	0.9224340243
0.108	0.04236574644	0.9226966348
0.107	0.04378184308	0.922896719
0.106	0.04523968568	0.923094719
0.105	0.04673973348	0.9233135611
0.104	0.04828168785	0.9235324032
0.103	0.0498675903	0.9237741716
0.102	0.05149779783	0.9240284453
0.101	0.05317280491	0.9242806348
0.1	0.05489381843	0.9244765505
0.099	0.05666261922	0.9247349926
0.098	0.05847954391	0.92500594
0.097	0.06034459054	0.9252560453
0.096	0.06225995233	0.925531161
0.095	0.06422597481	0.9258146136
0.094	0.06624371237	0.926085561
0.093	0.0683121569	0.9263669294
0.092	0.07043380246	0.9266462136
0.091	0.07261048647	0.9269317504
0.09	0.07484188437	0.9271714346
0.089	0.07712973052	0.9274277925
0.088	0.07947359337	0.9277529294
0.087	0.08187560641	0.9280989083
0.086	0.08433491995	0.9284365504
0.085	0.08685464239	0.9288012872
0.084	0.08943285659	0.9291535188
0.083	0.09207318617	0.9294578135
0.082	0.09477329607	0.9297912872
0.081	0.09753612242	0.9301122556
0.08	0.1003606581	0.930443645
0.079	0.103249787	0.9307979608
0.078	0.1062032067	0.9311710345
0.077	0.1092213819	0.9315045081
0.076	0.1123047994	0.9317837923
0.075	0.1154549763	0.9321631186
0.074	0.1186727819	0.9324924239
0.073	0.1219593273	0.9328884239
0.072	0.1253111023	0.933226066
0.071	0.1287317554	0.9335782975
0.07	0.1322236994	0.9339555396
0.069	0.1357834604	0.9343327817
0.068	0.1394128567	0.9346537501
0.067	0.1431115376	0.9349809712
0.066	0.146881363	0.9353748869
0.065	0.1507224548	0.9357375395
0.064	0.1546351911	0.9361189501
0.063	0.1586201073	0.9365378764
0.062	0.1626738154	0.93691095
0.061	0.1668014054	0.9373924026
0.06	0.171001399	0.9378009079
0.059	0.1752730006	0.9381844026
0.058	0.1796167379	0.9385616447
0.057	0.184030107	0.9390118341
0.056	0.18851673	0.9394516025
0.055	0.1930764382	0.9398392657
0.054	0.1977060092	0.940258192
0.053	0.2024066723	0.9406562762
0.052	0.2071791662	0.9410647814
0.051	0.2120253675	0.9415212235
0.05	0.2169415044	0.9420047603
0.049	0.2219272493	0.9424549498
0.048	0.2269839566	0.9428988866
0.047	0.2321087428	0.9434116024
0.046	0.2373036253	0.9438492866
0.045	0.2425656682	0.9443349076
0.044	0.2478930944	0.9447767602
0.043	0.2532897165	0.9452707181
0.042	0.2587527622	0.9457688444
0.041	0.2642805092	0.9462607181
0.04	0.2698738465	0.9467421707
0.039	0.27553018	0.9472194549
0.038	0.2812504354	0.9477175811
0.037	0.28703085	0.9482240443
0.036	0.2928729563	0.9487701074
0.035	0.2987724834	0.949241139
0.034	0.3047322564	0.9497434337
0.033	0.3107502436	0.9503020021
0.032	0.3168240581	0.95079596
0.031	0.3229528521	0.9513336863
0.03	0.3291354567	0.9518609915
0.029	0.3353701605	0.9523257704
0.028	0.3416524552	0.9528218125
0.027	0.3479845256	0.9533407809
0.026	0.3543651403	0.9538451598
0.025	0.3607903884	0.9543537072
0.024	0.3672583381	0.9548976861
0.023	0.373770548	0.9554500019
0.022	0.3803238357	0.9559627176
0.021	0.3869156758	0.956481686
0.02	0.3935436388	0.9570381702
0.019	0.4002074008	0.9575967386
0.018	0.4069039224	0.9581011176
0.017	0.4136331667	0.9586346754
0.016	0.4203925351	0.9591307175
0.015	0.4271773504	0.9596163385
0.014	0.4339882165	0.9601707385
0.013	0.4408238427	0.9606938753
0.012	0.4476816458	0.9612065911
0.011	0.4545599364	0.9617547385
0.01	0.4614533731	0.9622570332
0.009	0.4683632578	0.9628010121
0.008	0.4752857594	0.9634054331
0.007	0.482218644	0.9638514542
0.006	0.4891630245	0.9643641699
0.005	0.4961141579	0.964889391
0.004	0.5030674107	0.9654479593
0.003	0.5100251966	0.965979433
0.002	0.5169833298	0.9665317488
0.001	0.5239399733	0.9670173698
0	0.5308935053	0.9675134119
-0.001	0.5378383543	0.968049054
-0.002	0.5447744839	0.9685555171
-0.003	0.5517028273	0.9690515592
-0.004	0.5586168656	0.9695726118
-0.005	0.5655156771	0.9701145065
-0.006	0.572399734	0.9705688644
-0.007	0.5792643367	0.9710482328
-0.008	0.5861069514	0.9715421907
-0.009	0.5929262077	0.9720048854
-0.01	0.5997200115	0.9724592433
-0.011	0.6064844319	0.9729573696
-0.012	0.6132217292	0.9734304853
-0.013	0.6199269574	0.9738994327
-0.014	0.6265975814	0.9743475379
-0.015	0.6332316482	0.9747893905
-0.016	0.6398303233	0.9751874747
-0.017	0.6463884574	0.9755730537
-0.018	0.6529030221	0.9761149484
-0.019	0.6593771114	0.9765422115
-0.02	0.6658061922	0.9769507168
-0.021	0.6721892958	0.9774092431
-0.022	0.6785233903	0.9778469272
-0.023	0.6848111951	0.9782721062
-0.024	0.691044961	0.9787222956
-0.025	0.6972266081	0.9791162114
-0.026	0.7033529011	0.9795205482
-0.027	0.7094238163	0.9799769903
-0.028	0.7154377381	0.9803688219
-0.029	0.7213923353	0.9807794113
-0.03	0.7272865042	0.9811274745
-0.031	0.7331182175	0.9815359797
-0.032	0.7388888244	0.9818777902
-0.033	0.7445946628	0.9822821271
-0.034	0.7502337571	0.9826197692
-0.035	0.7558101261	0.9829970112
-0.036	0.7613156508	0.9834096849
-0.037	0.7667581204	0.9837577481
-0.038	0.7721303501	0.9841516638
-0.039	0.7774329497	0.9844851375
-0.04	0.7826646349	0.9848102743
-0.041	0.7878254828	0.985154169
-0.042	0.7929150106	0.9855147375
-0.043	0.7979322967	0.9858773901
-0.044	0.8028756644	0.9862296216
-0.045	0.8077478375	0.9865485058
-0.046	0.8125441358	0.9868632216
-0.047	0.8172652358	0.9871925269
-0.048	0.8219124612	0.9874905689
-0.049	0.8264849421	0.9877948637
-0.05	0.8309826448	0.9881095794
-0.051	0.8354050989	0.9884034531
-0.052	0.8397516723	0.9886618952
-0.053	0.8440213763	0.9889516005
-0.054	0.8482164955	0.9892579794
-0.055	0.8523361539	0.9895601899
-0.056	0.856380576	0.9898665688
-0.057	0.8603507944	0.9901646109
-0.058	0.8642447197	0.9904564004
-0.059	0.8680635165	0.9907190109
-0.06	0.8718076566	0.9909586951
-0.061	0.8754774338	0.9911733688
-0.062	0.8790723406	0.9914568214
-0.063	0.8825924685	0.9916735793
-0.064	0.886040864	0.991898674
-0.065	0.8894159574	0.9921321056
-0.066	0.8927190385	0.9923530319
-0.067	0.8959499936	0.9925677056
-0.068	0.8991100236	0.9927865477
-0.069	0.9021997802	0.9929470319
-0.07	0.9052177552	0.9931617056
-0.071	0.9081677765	0.9933930529
-0.072	0.911048144	0.993601474
-0.073	0.9138617038	0.9937994739
-0.074	0.9166048302	0.993978716
-0.075	0.9192831603	0.9941913055
-0.076	0.9218948663	0.994374716
-0.077	0.9244414311	0.9945518739
-0.078	0.9269252853	0.994720695
-0.079	0.9293442548	0.994929116
-0.08	0.931702349	0.9950750107
-0.081	0.9339987547	0.9952188213
-0.082	0.9362348151	0.9953668002
-0.083	0.9384112468	0.9955147791
-0.084	0.9405281756	0.9956981897
-0.085	0.9425864136	0.9958732633
-0.086	0.9445872693	0.996008737
-0.087	0.9465329048	0.9961713054
-0.088	0.9484238788	0.9963005265
-0.089	0.9502607205	0.9964234949
-0.09	0.952045784	0.9965464633
-0.091	0.9537786544	0.9966756844
-0.092	0.955460408	0.9967840633
-0.093	0.9570909056	0.9968820212
-0.094	0.9586734901	0.9969966528
-0.095	0.9602080807	0.9971112843
-0.096	0.9616956841	0.9972154949
-0.097	0.9631372481	0.9973238738
-0.098	0.964534059	0.9974426738
-0.099	0.9658868745	0.9975218738
-0.1	0.967195612	0.9976010738
-0.101	0.9684623842	0.9977032001
-0.102	0.9696889136	0.9977740633
-0.103	0.9708737835	0.9978699369
-0.104	0.972020036	0.9979574738
-0.105	0.9731289804	0.9980200001
-0.106	0.9742011258	0.9980950317
-0.107	0.9752367694	0.9981596422
-0.108	0.9762364179	0.998236758
-0.109	0.9772020587	0.9983180422
-0.11	0.9781336536	0.9983743159
-0.111	0.979033248	0.9984430948
-0.112	0.9799007777	0.9985077053
-0.113	0.9807373448	0.9985869053
-0.114	0.9815442303	0.9986661053
-0.115	0.982321807	0.9987265474
-0.116	0.9830709642	0.9987744843
-0.117	0.9837924598	0.9988328422
-0.118	0.9844867612	0.998880779
-0.119	0.9851551865	0.998920379
-0.12	0.9857985313	0.9989620632
-0.121	0.9864176763	0.9990225053
-0.122	0.9870128345	0.9990558527
-0.123	0.9875861382	0.9991121264
-0.124	0.9881366293	0.9991517264
-0.125	0.9886650415	0.999197579
-0.126	0.9891736486	0.9992246737
-0.127	0.9896613982	0.9992496842
-0.128	0.990129804	0.9992934527
-0.129	0.9905795368	0.9993205474
-0.13	0.9910107157	0.9993580632
-0.131	0.9914246486	0.9993851579
-0.132	0.9918216232	0.9994289263
-0.133	0.9922018172	0.9994560211
-0.134	0.9925663409	0.9994789474
-0.135	0.9929157261	0.9995018737
-0.136	0.9932497633	0.9995310527
-0.137	0.9935702146	0.999553979
-0.138	0.9938774724	0.9995748211
-0.139	0.9941711253	0.9996144211
-0.14	0.9944519909	0.9996436
-0.141	0.9947204914	0.9996602737
-0.142	0.9949771811	0.9996790316
-0.143	0.9952229559	0.9996894526
-0.144	0.9954580819	0.9997102947
-0.145	0.9956822672	0.9997269684
-0.146	0.9958966152	0.9997332211
-0.147	0.9961011828	0.9997498947
-0.148	0.996296877	0.9997665684
-0.149	0.9964832366	0.9997811579
-0.15	0.9966612245	0.9997894947
-0.151	0.9968310608	0.999802
-0.152	0.9969926504	0.9998186737
-0.153	0.9971466473	0.9998290947
-0.154	0.9972940141	0.9998457684
-0.155	0.9974340607	0.9998541053
-0.156	0.9975675424	0.9998666105
-0.157	0.997694787	0.9998749474
-0.158	0.9978159131	0.9998832842
-0.159	0.9979312554	0.9998916211
-0.16	0.9980408717	0.9998957895
-0.161	0.998144986	0.9998999579
-0.162	0.998243985	0.9999062105
-0.163	0.9983381786	0.9999082947
-0.164	0.9984276626	0.9999208
-0.165	0.9985126286	0.9999228842
-0.166	0.9985933448	0.9999291368
-0.167	0.9986701389	0.9999291368
-0.168	0.9987432185	0.9999312211
-0.169	0.9988123151	0.9999353895
-0.17	0.9988780107	0.9999395579
-0.171	0.9989402883	0.9999458105
-0.172	0.9989991879	0.9999499789
-0.173	0.9990552512	0.9999520632
-0.174	0.9991083898	0.9999520632
-0.175	0.999158685	0.9999520632
-0.176	0.9992064639	0.9999562316
-0.177	0.9992515928	0.9999583158
-0.178	0.9992944827	0.9999583158
-0.179	0.9993349257	0.9999604
-0.18	0.9993731265	0.9999624842
-0.181	0.9994092608	0.9999645684
-0.182	0.9994434417	0.9999666526
-0.183	0.9994759062	0.9999666526
-0.184	0.9995066274	0.9999687368
-0.185	0.9995355983	0.9999749895
-0.186	0.9995630223	0.9999812421
-0.187	0.9995888098	0.9999812421
-0.188	0.9996131096	0.9999812421
-0.189	0.9996362185	0.9999812421
-0.19	0.9996580439	0.9999812421
-0.191	0.99967863	0.9999833263
-0.192	0.9996980319	0.9999874947
-0.193	0.999716325	0.9999895789
-0.194	0.9997334199	0.9999895789
-0.195	0.9997495836	0.9999895789
-0.196	0.9997649457	0.9999895789
-0.197	0.9997794506	0.9999895789
-0.198	0.9997930732	0.9999916632
-0.199	0.999805891	0.9999916632
-0.2	0.9998179238	0.9999958316
-0.201	0.9998292668	0.9999958316
-0.202	0.9998399653	0.9999958316
-0.203	0.9998499883	0.9999958316
-0.204	0.9998593943	0.9999979158
-0.205	0.9998683005	0.9999979158
-0.206	0.9998766824	0.9999979158
-0.207	0.9998844874	0.9999979158
-0.208	0.9998918768	1
-0.209	0.99989882	1
-0.21	0.9999053362	1
-0.211	0.9999114185	1
-0.212	0.999917105	1
-0.213	0.9999224667	1
-0.214	0.9999275073	1
-0.215	0.9999322612	1
-0.216	0.9999367106	1
-0.217	0.999940836	1
-0.218	0.9999447487	1
-0.219	0.9999484129	1
-0.22	0.9999518138	1
-0.221	0.9999550088	1
-0.222	0.9999580163	1
-0.223	0.999960831	1
-0.224	0.9999635005	1
-0.225	0.9999659631	1
-0.226	0.9999682944	1
-0.227	0.9999704736	1
-0.228	0.9999724706	1
-0.229	0.9999743936	1
-0.23	0.9999761462	1
-0.231	0.9999777995	1
-0.232	0.9999793345	1
-0.233	0.9999807781	1
-0.234	0.9999821371	1
-0.235	0.9999833663	1
-0.236	0.9999845315	1
-0.237	0.9999856142	1
-0.238	0.9999866349	1
-0.239	0.9999875762	1
-0.24	0.9999884698	1
-0.241	0.9999892937	1
-0.242	0.9999900408	1
-0.243	0.9999907581	1
-0.244	0.9999914488	1
-0.245	0.9999920653	1
-0.246	0.9999926444	1
-0.247	0.9999931877	1
-0.248	0.9999936855	1
-0.249	0.9999941476	1
-0.25	0.9999945876	1
-0.251	0.9999949818	1
-0.252	0.9999953546	1
-0.253	0.9999956954	1
-0.254	0.9999960174	1
-0.255	0.999996323	1
-0.256	0.9999965997	1
-0.257	0.9999968588	1
-0.258	0.9999970916	1
-0.259	0.9999973119	1
-0.26	0.9999975224	1
-0.261	0.9999977075	1
-0.262	0.9999978845	1
-0.263	0.9999980356	1
-0.264	0.9999981859	1
-0.265	0.9999983315	1
-0.266	0.9999984684	1
-0.267	0.9999985961	1
-0.268	0.9999987057	1
-0.269	0.9999988042	1
-0.27	0.9999988995	1
-0.271	0.9999989893	1
-0.272	0.9999990704	1
-0.273	0.999999142	1
-0.274	0.9999992136	1
-0.275	0.9999992741	1
-0.276	0.9999993323	1
-0.277	0.9999993827	1
-0.278	0.9999994302	1
-0.279	0.9999994725	1
-0.28	0.9999995129	1
-0.281	0.999999552	1
-0.282	0.9999995945	1
-0.283	0.9999996295	1
-0.284	0.9999996626	1
-0.285	0.9999996913	1
-0.286	0.9999997174	1
-0.287	0.9999997425	1
-0.288	0.9999997646	1
-0.289	0.9999997894	1
-0.29	0.9999998068	1
-0.291	0.999999821	1
-0.292	0.9999998327	1
-0.293	0.9999998481	1
-0.294	0.9999998621	1
-0.295	0.9999998754	1
-0.296	0.9999998865	1
-0.297	0.9999998964	1
-0.298	0.9999999041	1
-0.299	0.9999999136	1
-0.3	0.9999999223	1
-0.301	0.9999999292	1
-0.302	0.9999999345	1
-0.303	0.9999999434	1
-0.304	0.9999999492	1
-0.305	0.9999999543	1
-0.306	0.9999999598	1
-0.307	0.9999999638	1
-0.308	0.9999999674	1
-0.309	0.9999999707	1
-0.31	0.9999999747	1
-0.311	0.9999999769	1
-0.312	0.9999999786	1
-0.313	0.9999999806	1
-0.314	0.9999999814	1
-0.315	0.999999983	1
-0.316	0.9999999846	1
-0.317	0.9999999856	1
-0.318	0.9999999864	1
-0.319	0.9999999873	1
-0.32	0.9999999883	1
-0.321	0.9999999891	1
-0.322	0.9999999901	1
-0.323	0.9999999905	1
-0.324	0.9999999913	1
-0.325	0.9999999919	1
-0.326	0.9999999927	1
-0.327	0.9999999929	1
-0.328	0.9999999931	1
-0.329	0.9999999935	1
-0.33	0.9999999943	1
-0.331	0.9999999953	1
-0.332	0.9999999958	1
-0.333	0.999999996	1
-0.334	0.999999996	1
-0.335	0.9999999962	1
-0.336	0.999999997	1
-0.337	0.999999997	1
-0.338	0.9999999972	1
-0.339	0.9999999974	1
-0.34	0.9999999974	1
-0.341	0.9999999976	1
-0.342	0.9999999978	1
-0.343	0.9999999984	1
-0.344	0.9999999984	1
-0.345	0.9999999988	1
-0.346	0.999999999	1
-0.347	0.999999999	1
-0.348	0.999999999	1
-0.349	0.999999999	1
-0.35	0.999999999	1
-0.351	0.9999999992	1
-0.352	0.9999999992	1
-0.353	0.9999999992	1
-0.354	0.9999999996	1
-0.355	0.9999999996	1
-0.356	0.9999999996	1
-0.357	0.9999999996	1
-0.358	0.9999999996	1
-0.359	0.9999999996	1
-0.36	0.9999999996	1
-0.361	0.9999999996	1
-0.362	0.9999999996	1
-0.363	0.9999999996	1
-0.364	0.9999999996	1
-0.365	0.9999999996	1
-0.366	0.9999999996	1
-0.367	0.9999999996	1
-0.368	0.9999999996	1
-0.369	0.9999999996	1
-0.37	0.9999999996	1
-0.371	0.9999999998	1
-0.372	0.9999999998	1
-0.373	0.9999999998	1
-0.374	0.9999999998	1
-0.375	0.9999999998	1
-0.376	0.9999999998	1
-0.377	0.9999999998	1
-0.378	0.9999999998	1
-0.379	0.9999999998	1
-0.38	0.9999999998	1
-0.381	0.9999999998	1
-0.382	0.9999999998	1
-0.383	0.9999999998	1
-0.384	0.9999999998	1
-0.385	1	1
-0.386	1	1
-0.387	1	1
-0.388	1	1
-0.389	1	1
-0.39	1	1
-0.391	1	1
-0.392	1	1
-0.393	1	1
-0.394	1	1
-0.395	1	1
-0.396	1	1
-0.397	1	1
-0.398	1	1
-0.399	1	1
-0.4	1	1
-0.401	1	1
-0.402	1	1
-0.403	1	1
-0.404	1	1
-0.405	1	1
-0.406	1	1
-0.407	1	1
-0.408	1	1
-0.409	1	1
-0.41	1	1
-0.411	1	1
-0.412	1	1
-0.413	1	1
-0.414	1	1
-0.415	1	1
-0.416	1	1
-0.417	1	1
-0.418	1	1
-0.419	1	1
-0.42	1	1
-0.421	1	1
-0.422	1	1
-0.423	1	1
-0.424	1	1
-0.425	1	1
-0.426	1	1
-0.427	1	1
-0.428	1	1
-0.429	1	1
-0.43	1	1
-0.431	1	1
-0.432	1	1
-0.433	1	1
-0.434	1	1
-0.435	1	1
-0.436	1	1
-0.437	1	1
-0.438	1	1
-0.439	1	1
-0.44	1	1
-0.441	1	1
-0.442	1	1
-0.443	1	1
-0.444	1	1
-0.445	1	1
-0.446	1	1
-0.447	1	1
-0.448	1	1
-0.449	1	1
-0.45	1	1
-0.451	1	1
-0.452	1	1
-0.453	1	1
-0.454	1	1
-0.455	1	1
-0.456	1	1
-0.457	1	1
-0.458	1	1
-0.459	1	1
-0.46	1	1
-0.461	1	1
-0.462	1	1
-0.463	1	1
-0.464	1	1
-0.465	1	1
-0.466	1	1
-0.467	1	1
-0.468	1	1
-0.469	1	1
-0.47	1	1
-0.471	1	1
-0.472	1	1
-0.473	1	1
-0.474	1	1
-0.475	1	1
-0.476	1	1
-0.477	1	1
-0.478	1	1
-0.479	1	1
-0.48	1	1
-0.481	1	1
-0.482	1	1
-0.483	1	1
-0.484	1	1
-0.485	1	1
-0.486	1	1
-0.487	1	1
-0.488	1	1
-0.489	1	1
-0.49	1	1
-0.491	1	1
-0.492	1	1
-0.493	1	1
-0.494	1	1
-0.495	1	1
-0.496	1	1
-0.497	1	1
-0.498	1	1
-0.499	1	1
-0.5	1	1
-0.501	1	1
-0.502	1	1
-0.503	1	1
-0.504	1	1
-0.505	1	1
-0.506	1	1
-0.507	1	1
-0.508	1	1
-0.509	1	1
-0.51	1	1
-0.511	1	1
-0.512	1	1
-0.513	1	1
-0.514	1	1
-0.515	1	1
-0.516	1	1
-0.517	1	1
-0.518	1	1
-0.519	1	1
-0.52	1	1
-0.521	1	1
-0.522	1	1
-0.523	1	1
-0.524	1	1
-0.525	1	1
-0.526	1	1
-0.527	1	1
-0.528	1	1
-0.529	1	1
-0.53	1	1
-0.531	1	1
-0.532	1	1
-0.533	1	1
-0.534	1	1
-0.535	1	1
-0.536	1	1
-0.537	1	1
-0.538	1	1
-0.539	1	1
-0.54	1	1
-0.541	1	1
-0.542	1	1
-0.543	1	1
-0.544	1	1
-0.545	1	1
-0.546	1	1
-0.547	1	1
-0.548	1	1
-0.549	1	1
-0.55	1	1
-0.551	1	1
-0.552	1	1
-0.553	1	1
-0.554	1	1
-0.555	1	1
-0.556	1	1
-0.557	1	1
-0.558	1	1
-0.559	1	1
-0.56	1	1
-0.561	1	1
-0.562	1	1
-0.563	1	1
-0.564	1	1
-0.565	1	1
-0.566	1	1
-0.567	1	1
-0.568	1	1
-0.569	1	1
-0.57	1	1
-0.571	1	1
-0.572	1	1
-0.573	1	1
-0.574	1	1
-0.575	1	1
-0.576	1	1
-0.577	1	1
-0.578	1	1
-0.579	1	1
-0.58	1	1
-0.581	1	1
-0.582	1	1
-0.583	1	1
-0.584	1	1
-0.585	1	1
-0.586	1	1
-0.587	1	1
-0.588	1	1
-0.589	1	1
-0.59	1	1
-0.591	1	1
-0.592	1	1
-0.593	1	1
-0.594	1	1
-0.595	1	1
-0.596	1	1
-0.597	1	1
-0.598	1	1
-0.599	1	1
-0.6	1	1
-0.601	1	1
-0.602	1	1
-0.603	1	1
-0.604	1	1
-0.605	1	1
-0.606	1	1
-0.607	1	1
-0.608	1	1
-0.609	1	1
-0.61	1	1
-0.611	1	1
-0.612	1	1
-0.613	1	1
-0.614	1	1
-0.615	1	1
-0.616	1	1
-0.617	1	1
-0.618	1	1
-0.619	1	1
-0.62	1	1
-0.621	1	1
-0.622	1	1
-0.623	1	1
-0.624	1	1
-0.625	1	1
-0.626	1	1
-0.627	1	1
-0.628	1	1
-0.629	1	1
-0.63	1	1
-0.631	1	1
-0.632	1	1
-0.633	1	1
-0.634	1	1
-0.635	1	1
-0.636	1	1
-0.637	1	1
-0.638	1	1
-0.639	1	1
-0.64	1	1
-0.641	1	1
-0.642	1	1
-0.643	1	1
-0.644	1	1
-0.645	1	1
-0.646	1	1
-0.647	1	1
-0.648	1	1
-0.649	1	1
-0.65	1	1
-0.651	1	1
-0.652	1	1
-0.653	1	1
-0.654	1	1
-0.655	1	1
-0.656	1	1
-0.657	1	1
-0.658	1	1
-0.659	1	1
-0.66	1	1
-0.661	1	1
-0.662	1	1
-0.663	1	1
-0.664	1	1
-0.665	1	1
-0.666	1	1
-0.667	1	1
-0.668	1	1
-0.669	1	1
-0.67	1	1
-0.671	1	1
-0.672	1	1
-0.673	1	1
-0.674	1	1
-0.675	1	1
-0.676	1	1
-0.677	1	1
-0.678	1	1
-0.679	1	1
-0.68	1	1
-0.681	1	1
-0.682	1	1
-0.683	1	1
-0.684	1	1
-0.685	1	1
-0.686	1	1
-0.687	1	1
-0.688	1	1
-0.689	1	1
-0.69	1	1
-0.691	1	1
-0.692	1	1
-0.693	1	1
-0.694	1	1
-0.695	1	1
-0.696	1	1
-0.697	1	1
-0.698	1	1
-0.699	1	1
-0.7	1	1
-0.701	1	1
-0.702	1	1
-0.703	1	1
-0.704	1	1
-0.705	1	1
-0.706	1	1
-0.707	1	1
-0.708	1	1
-0.709	1	1
-0.71	1	1
-0.711	1	1
-0.712	1	1
-0.713	1	1
-0.714	1	1
-0.715	1	1
-0.716	1	1
-0.717	1	1
-0.718	1	1
-0.719	1	1
-0.72	1	1
-0.721	1	1
-0.722	1	1
-0.723	1	1
-0.724	1	1
-0.725	1	1
-0.726	1	1
-0.727	1	1
-0.728	1	1
-0.729	1	1
-0.73	1	1
-0.731	1	1
-0.732	1	1
-0.733	1	1
-0.734	1	1
-0.735	1	1
-0.736	1	1
-0.737	1	1
-0.738	1	1
-0.739	1	1
-0.74	1	1
-0.741	1	1
-0.742	1	1
-0.743	1	1
-0.744	1	1
-0.745	1	1
-0.746	1	1
-0.747	1	1
-0.748	1	1
-0.749	1	1
-0.75	1	1
-0.751	1	1
-0.752	1	1
-0.753	1	1
-0.754	1	1
-0.755	1	1
-0.756	1	1
-0.757	1	1
-0.758	1	1
-0.759	1	1
-0.76	1	1
-0.761	1	1
-0.762	1	1
-0.763	1	1
-0.764	1	1
-0.765	1	1
-0.766	1	1
-0.767	1	1
-0.768	1	1
-0.769	1	1
-0.77	1	1
-0.771	1	1
-0.772	1	1
-0.773	1	1
-0.774	1	1
-0.775	1	1
-0.776	1	1
-0.777	1	1
-0.778	1	1
-0.779	1	1
-0.78	1	1
-0.781	1	1
-0.782	1	1
-0.783	1	1
-0.784	1	1
-0.785	1	1
-0.786	1	1
-0.787	1	1
-0.788	1	1
-0.789	1	1
-0.79	1	1
-0.791	1	1
-0.792	1	1
-0.793	1	1
-0.794	1	1
-0.795	1	1
-0.796	1	1
-0.797	1	1
-0.798	1	1
-0.799	1	1
-0.8	1	1
-0.801	1	1
-0.802	1	1
-0.803	1	1
-0.804	1	1
-0.805	1	1
-0.806	1	1
-0.807	1	1
-0.808	1	1
-0.809	1	1
-0.81	1	1
-0.811	1	1
-0.812	1	1
-0.813	1	1
-0.814	1	1
-0.815	1	1
-0.816	1	1
-0.817	1	1
-0.818	1	1
-0.819	1	1
-0.82	1	1
-0.821	1	1
-0.822	1	1
-0.823	1	1
-0.824	1	1
-0.825	1	1
-0.826	1	1
-0.827	1	1
-0.828	1	1
-0.829	1	1
-0.83	1	1
-0.831	1	1
-0.832	1	1
-0.833	1	1
-0.834	1	1
-0.835	1	1
-0.836	1	1
-0.837	1	1
-0.838	1	1
-0.839	1	1
-0.84	1	1
-0.841	1	1
-0.842	1	1
-0.843	1	1
-0.844	1	1
-0.845	1	1
-0.846	1	1
-0.847	1	1
-0.848	1	1
-0.849	1	1
-0.85	1	1
-0.851	1	1
-0.852	1	1
-0.853	1	1
-0.854	1	1
-0.855	1	1
-0.856	1	1
-0.857	1	1
-0.858	1	1
-0.859	1	1
-0.86	1	1
-0.861	1	1
-0.862	1	1
-0.863	1	1
-0.864	1	1
-0.865	1	1
-0.866	1	1
-0.867	1	1
-0.868	1	1
-0.869	1	1
-0.87	1	1
-0.871	1	1
-0.872	1	1
-0.873	1	1
-0.874	1	1
-0.875	1	1
-0.876	1	1
-0.877	1	1
-0.878	1	1
-0.879	1	1
-0.88	1	1
-0.881	1	1
-0.882	1	1
-0.883	1	1
-0.884	1	1
-0.885	1	1
-0.886	1	1
-0.887	1	1
-0.888	1	1
-0.889	1	1
-0.89	1	1
-0.891	1	1
-0.892	1	1
-0.893	1	1
-0.894	1	1
-0.895	1	1
-0.896	1	1
-0.897	1	1
-0.898	1	1
-0.899	1	1
-0.9	1	1
-0.901	1	1
-0.902	1	1
-0.903	1	1
-0.904	1	1
-0.905	1	1
-0.906	1	1
-0.907	1	1
-0.908	1	1
-0.909	1	1
-0.91	1	1
-0.911	1	1
-0.912	1	1
-0.913	1	1
-0.914	1	1
-0.915	1	1
-0.916	1	1
-0.917	1	1
-0.918	1	1
-0.919	1	1
-0.92	1	1
-0.921	1	1
-0.922	1	1
-0.923	1	1
-0.924	1	1
-0.925	1	1
-0.926	1	1
-0.927	1	1
-0.928	1	1
-0.929	1	1
-0.93	1	1
-0.931	1	1
-0.932	1	1
-0.933	1	1
-0.934	1	1
-0.935	1	1
-0.936	1	1
-0.937	1	1
-0.938	1	1
-0.939	1	1
-0.94	1	1
-0.941	1	1
-0.942	1	1
-0.943	1	1
-0.944	1	1
-0.945	1	1
-0.946	1	1
-0.947	1	1
-0.948	1	1
-0.949	1	1
-0.95	1	1
-0.951	1	1
-0.952	1	1
-0.953	1	1
-0.954	1	1
-0.955	1	1
-0.956	1	1
-0.957	1	1
-0.958	1	1
-0.959	1	1
-0.96	1	1
-0.961	1	1
-0.962	1	1
-0.963	1	1
-0.964	1	1
-0.965	1	1
-0.966	1	1
-0.967	1	1
-0.968	1	1
-0.969	1	1
-0.97	1	1
-0.971	1	1
-0.972	1	1
-0.973	1	1
-0.974	1	1
-0.975	1	1
-0.976	1	1
-0.977	1	1
-0.978	1	1
-0.979	1	1
-0.98	1	1
-0.981	1	1
-0.982	1	1
-0.983	1	1
-0.984	1	1
-0.985	1	1
-0.986	1	1
-0.987	1	1
-0.988	1	1
-0.989	1	1
-0.99	1	1
-0.991	1	1
-0.992	1	1
-0.993	1	1
-0.994	1	1
-0.995	1	1
-0.996	1	1
-0.997	1	1
-0.998	1	1
-0.999	1	1
-1	1	1
