threshold	FAR	TAR
0.999	0	0.0001917034098
0.998	0	0.0002000383407
0.997	0	0.0002083732715
0.996	0	0.0002167082024
0.995	0	0.0002333780641
0.994	0	0.0002333780641
0.993	0	0.0002333780641
0.992	0	0.0002500479259
0.991	0	0.0002750527184
0.99	0	0.0003250623036
0.989	0	0.0003417321653
0.988	0	0.0003834068196
0.987	0	0.0004167465431
0.986	0	0.0004500862665
0.985	0	0.0005084307826
0.984	0	0.0005334355752
0.983	0	0.0005501054369
0.982	0	0.0005667752986
0.981	0	0.000600115022
0.98	0	0.0006417896764
0.979	0	0.0006417896764
0.978	0	0.0006417896764
0.977	0	0.0006584595381
0.976	0	0.0006751293998
0.975	0	0.0006834643307
0.974	0	0.0006917992615
0.973	0	0.0006917992615
0.972	0	0.0007334739158
0.971	0	0.0007501437776
0.97	0	0.0007668136393
0.969	0	0.0008001533627
0.968	0	0.0008251581553
0.967	0	0.0008251581553
0.966	0	0.0008334930862
0.965	0	0.0008501629479
0.964	0	0.0008501629479
0.963	0	0.0008584978788
0.962	0	0.0008668328096
0.961	0	0.0008835026713
0.96	0	0.0009001725331
0.959	0	0.0009335122565
0.958	0	0.0009585170491
0.957	0	0.00096685198
0.956	0	0.0009835218417
0.955	0	0.001041866358
0.954	0	0.001058536219
0.953	0	0.001091875943
0.952	0	0.001125215666
0.951	0	0.001200230044
0.95	0	0.001225234837
0.949	0	0.001250239629
0.948	0	0.001291914284
0.947	0	0.001341923869
0.946	0	0.001383598523
0.945	0	0.001416938246
0.944	0	0.001441943039
0.943	0	0.001475282763
0.942	0	0.001525292348
0.941	0	0.001566967002
0.94	0	0.001608641656
0.939	0	0.00164198138
0.938	0	0.001683656034
0.937	0	0.001700325896
0.936	0	0.001733665619
0.935	0	0.001792010135
0.934	0	0.001817014928
0.933	0	0.001858689582
0.932	0	0.001883694375
0.931	0	0.001908699167
0.93	0	0.001967043683
0.929	0	0.002025388199
0.928	0	0.002075397785
0.927	0	0.002108737508
0.926	0	0.002167082024
0.925	0	0.002208756678
0.924	0	0.002233761471
0.923	0	0.002292105987
0.922	0	0.002367120365
0.921	0	0.002433799812
0.92	0	0.002533818982
0.919	0	0.002617168291
0.918	0	0.002700517599
0.917	0	0.002750527184
0.916	0	0.002817206631
0.915	0	0.002917225802
0.914	0	0.003008910041
0.913	0	0.003083924419
0.912	0	0.003158938797
0.911	0	0.003217283313
0.91	0	0.003317302483
0.909	0	0.003392316861
0.908	0	0.003492336031
0.907	0	0.003542345616
0.906	0	0.003625694925
0.905	0	0.003725714095
0.904	0	0.003834068196
0.903	0	0.003917417505
0.902	0	0.004050776399
0.901	0	0.004150795569
0.9	0	0.004275819532
0.899	0	0.00435083391
0.898	0	0.004500862665
0.897	0	0.004625886628
0.896	0	0.004800920176
0.895	0	0.004942614001
0.894	0	0.005042633171
0.893	0	0.005175992065
0.892	0	0.005334355752
0.891	0	0.005451044784
0.89	0	0.005592738608
0.889	0	0.005751102295
0.888	8.33416675e-10	0.005926135843
0.887	8.33416675e-10	0.006134509114
0.886	8.33416675e-10	0.006292872801
0.885	8.33416675e-10	0.006401226902
0.884	8.33416675e-10	0.006584595381
0.883	8.33416675e-10	0.006742959067
0.882	8.33416675e-10	0.006859648099
0.881	8.33416675e-10	0.007043016578
0.88	8.33416675e-10	0.007268059711
0.879	8.33416675e-10	0.007501437776
0.878	8.33416675e-10	0.007701476116
0.877	8.33416675e-10	0.007818165148
0.876	8.33416675e-10	0.00802653842
0.875	8.33416675e-10	0.008243246622
0.874	8.33416675e-10	0.00840994524
0.873	8.33416675e-10	0.008634988373
0.872	8.33416675e-10	0.008885036299
0.871	8.33416675e-10	0.009110079432
0.87	8.33416675e-10	0.009360127358
0.869	1.66683335e-09	0.00967685473
0.868	1.66683335e-09	0.009885228002
0.867	2.500250025e-09	0.01021029031
0.866	4.167083375e-09	0.01048534302
0.865	4.167083375e-09	0.01082707519
0.864	4.167083375e-09	0.01106878818
0.863	4.167083375e-09	0.01127716146
0.862	4.167083375e-09	0.01151887445
0.861	4.167083375e-09	0.01186894155
0.86	4.167083375e-09	0.01207731482
0.859	4.167083375e-09	0.01236070247
0.858	4.167083375e-09	0.01266909491
0.857	4.167083375e-09	0.01296081749
0.856	4.167083375e-09	0.01328587979
0.855	4.167083375e-09	0.01362761196
0.854	4.167083375e-09	0.01387765988
0.853	4.167083375e-09	0.01421105712
0.852	4.167083375e-09	0.01445277011
0.851	5.00050005e-09	0.01476949749
0.85	5.00050005e-09	0.01510289472
0.849	5.00050005e-09	0.01541128716
0.848	5.00050005e-09	0.01568633988
0.847	5.00050005e-09	0.01605307684
0.846	5.00050005e-09	0.01639480901
0.845	5.00050005e-09	0.01675321103
0.844	5.00050005e-09	0.01707827334
0.843	6.6673334e-09	0.01740333564
0.842	6.6673334e-09	0.01772006301
0.841	6.6673334e-09	0.01806179518
0.84	7.500750075e-09	0.01852021637
0.839	9.167583425e-09	0.01889528826
0.838	9.167583425e-09	0.01931203481
0.837	9.167583425e-09	0.01970377656
0.836	9.167583425e-09	0.02010385324
0.835	9.167583425e-09	0.02042891554
0.834	1.00010001e-08	0.02081232236
0.833	1.00010001e-08	0.0212540737
0.832	1.083441678e-08	0.02176250448
0.831	1.166783345e-08	0.0222542654
0.83	1.166783345e-08	0.02269601674
0.829	1.166783345e-08	0.02306275369
0.828	1.166783345e-08	0.02350450503
0.827	1.166783345e-08	0.02399626595
0.826	1.166783345e-08	0.02442134742
0.825	1.166783345e-08	0.02493811314
0.824	1.250125013e-08	0.02537986447
0.823	1.33346668e-08	0.02588829526
0.822	1.416808348e-08	0.02627170208
0.821	1.416808348e-08	0.02679680272
0.82	1.416808348e-08	0.02726355885
0.819	1.416808348e-08	0.02773864991
0.818	1.500150015e-08	0.02816373138
0.817	1.583491683e-08	0.02870550189
0.816	1.583491683e-08	0.02918059295
0.815	1.583491683e-08	0.02961400935
0.814	1.583491683e-08	0.0301141052
0.813	1.583491683e-08	0.03062253599
0.812	1.583491683e-08	0.03123098594
0.811	1.583491683e-08	0.03178109138
0.81	1.583491683e-08	0.03238954133
0.809	1.583491683e-08	0.03289797211
0.808	1.583491683e-08	0.03349808713
0.807	1.583491683e-08	0.03393150354
0.806	1.583491683e-08	0.03450661377
0.805	1.583491683e-08	0.03498170483
0.804	1.750175018e-08	0.03554014519
0.803	1.750175018e-08	0.0360819157
0.802	1.750175018e-08	0.03663202114
0.801	1.833516685e-08	0.0371071122
0.8	1.916858353e-08	0.03759887312
0.799	1.916858353e-08	0.03834068196
0.798	1.916858353e-08	0.03901581136
0.797	1.916858353e-08	0.03963259625
0.796	1.916858353e-08	0.04036607016
0.795	1.916858353e-08	0.04107453929
0.794	1.916858353e-08	0.04185802279
0.793	1.916858353e-08	0.04243313302
0.792	1.916858353e-08	0.04314160214
0.791	1.916858353e-08	0.04400010002
0.79	1.916858353e-08	0.0446168849
0.789	2.166883355e-08	0.04530868416
0.788	2.166883355e-08	0.0459921485
0.787	2.166883355e-08	0.04679230186
0.786	2.166883355e-08	0.04760079015
0.785	2.166883355e-08	0.048342599
0.784	2.166883355e-08	0.04914275236
0.783	2.166883355e-08	0.04977620711
0.782	2.166883355e-08	0.05064303992
0.781	2.250225023e-08	0.05139318369
0.78	2.250225023e-08	0.05232669595
0.779	2.33356669e-08	0.05301849521
0.778	2.416908358e-08	0.05393533761
0.777	2.500250025e-08	0.0547438259
0.776	2.500250025e-08	0.05556064912
0.775	2.583591693e-08	0.05633579769
0.774	2.66693336e-08	0.05702759696
0.773	2.750275028e-08	0.0578777599
0.772	2.833616695e-08	0.05865290847
0.771	2.916958363e-08	0.05942805704
0.77	3.083641698e-08	0.06022821041
0.769	3.166983365e-08	0.0611450528
0.768	3.250325033e-08	0.06186185686
0.767	3.417008368e-08	0.06277869925
0.766	3.583691703e-08	0.06376222109
0.765	3.583691703e-08	0.06475407786
0.764	3.750375038e-08	0.06572092984
0.763	3.750375038e-08	0.06661276745
0.762	4.00040004e-08	0.06762129408
0.761	4.083741708e-08	0.06857981113
0.76	4.167083375e-08	0.06937996449
0.759	4.250425043e-08	0.07038849113
0.758	4.33376671e-08	0.0712719938
0.757	4.33376671e-08	0.07218883619
0.756	4.417108378e-08	0.07318069297
0.755	4.583791713e-08	0.07406419564
0.754	4.833816715e-08	0.07499770789
0.753	4.917158383e-08	0.07603123932
0.752	5.083841718e-08	0.07709811047
0.751	5.167183385e-08	0.07833168024
0.75	5.250525053e-08	0.07931520208
0.749	5.250525053e-08	0.08042374789
0.748	5.33386672e-08	0.08144894438
0.747	5.33386672e-08	0.08240746143
0.746	5.417208388e-08	0.08351600723
0.745	5.417208388e-08	0.08455787359
0.744	5.500550055e-08	0.08545804613
0.743	5.500550055e-08	0.08663327138
0.742	5.500550055e-08	0.08756678363
0.741	5.583891723e-08	0.08866699451
0.74	5.750575058e-08	0.08960050676
0.739	6.00060006e-08	0.09085908132
0.738	6.250625063e-08	0.09201763671
0.737	6.417308398e-08	0.09316785717
0.736	6.6673334e-08	0.0944180968
0.735	6.6673334e-08	0.09550997274
0.734	6.6673334e-08	0.09666852813
0.733	6.6673334e-08	0.098010452
0.732	6.6673334e-08	0.09898563891
0.731	6.6673334e-08	0.1001942039
0.73	6.6673334e-08	0.1012944148
0.729	6.750675068e-08	0.1023779558
0.728	6.917358403e-08	0.1035281762
0.727	6.917358403e-08	0.1047034015
0.726	6.917358403e-08	0.105845287
0.725	7.084041738e-08	0.1069788376
0.724	7.250725073e-08	0.1081040533
0.723	7.500750075e-08	0.1093542929
0.722	7.584091743e-08	0.1104628387
0.721	7.750775078e-08	0.1117047434
0.72	7.834116745e-08	0.1127382748
0.719	8.00080008e-08	0.113921835
0.718	8.00080008e-08	0.1150970603
0.717	8.084141748e-08	0.1162472807
0.716	8.167483415e-08	0.1174475108
0.715	8.250825083e-08	0.1185643915
0.714	8.500850085e-08	0.119706277
0.713	8.66753342e-08	0.1207481434
0.712	8.834216755e-08	0.1217900098
0.711	8.917558423e-08	0.123081924
0.71	9.167583425e-08	0.1244321828
0.709	9.250925093e-08	0.1256324129
0.708	9.250925093e-08	0.1268159731
0.707	9.33426676e-08	0.1280162031
0.706	9.66763343e-08	0.1292747777
0.705	9.834316765e-08	0.1304916776
0.704	9.834316765e-08	0.131641898
0.703	1.00010001e-07	0.1330171616
0.702	1.008434177e-07	0.1344591047
0.701	1.008434177e-07	0.1357760237
0.7	1.008434177e-07	0.1368678997
0.699	1.016768344e-07	0.1380764647
0.698	1.02510251e-07	0.1393517091
0.697	1.041770844e-07	0.1407519775
0.696	1.066773344e-07	0.1421689157
0.695	1.075107511e-07	0.1433274711
0.694	1.083441678e-07	0.144902773
0.693	1.100110011e-07	0.1463113763
0.692	1.108444178e-07	0.1477533194
0.691	1.125112511e-07	0.1490368987
0.69	1.125112511e-07	0.1504204973
0.689	1.141780845e-07	0.1518624403
0.688	1.166783345e-07	0.153229369
0.687	1.200120012e-07	0.1544879435
0.686	1.200120012e-07	0.1558298674
0.685	1.208454179e-07	0.1572134659
0.684	1.208454179e-07	0.1587637631
0.683	1.208454179e-07	0.1603473999
0.682	1.216788346e-07	0.161789343
0.681	1.233456679e-07	0.1631479367
0.68	1.250125013e-07	0.1644231811
0.679	1.266793346e-07	0.1658651241
0.678	1.291795846e-07	0.1674070864
0.677	1.316798347e-07	0.1688740342
0.676	1.325132513e-07	0.1701992882
0.675	1.341800847e-07	0.171549547
0.674	1.350135014e-07	0.1730581695
0.673	1.35846918e-07	0.1745751269
0.672	1.366803347e-07	0.1762004384
0.671	1.366803347e-07	0.177700726
0.67	1.383471681e-07	0.1792510231
0.669	1.416808348e-07	0.1809263442
0.668	1.425142514e-07	0.1822099236
0.667	1.433476681e-07	0.1835518474
0.666	1.458479181e-07	0.1850354651
0.665	1.483481682e-07	0.1866274369
0.664	1.500150015e-07	0.1882027389
0.663	1.508484182e-07	0.1896780216
0.662	1.516818349e-07	0.1910532852
0.661	1.541820849e-07	0.1925535728
0.66	1.575157516e-07	0.1941788843
0.659	1.583491683e-07	0.1957291814
0.658	1.583491683e-07	0.1973628279
0.657	1.600160016e-07	0.1988381106
0.656	1.61682835e-07	0.2003050585
0.655	1.64183085e-07	0.2019220351
0.654	1.675167517e-07	0.2036890404
0.653	1.69183585e-07	0.2049892896
0.652	1.716838351e-07	0.2066062662
0.651	1.725172517e-07	0.2082065729
0.65	1.733506684e-07	0.209640181
0.649	1.750175018e-07	0.2111154638
0.648	1.766843351e-07	0.2126657609
0.647	1.791845851e-07	0.2142577327
0.646	1.800180018e-07	0.2157080107
0.645	1.833516685e-07	0.2173916667
0.644	1.866853352e-07	0.2189586337
0.643	1.866853352e-07	0.2205839453
0.642	1.875187519e-07	0.2222592664
0.641	1.891855852e-07	0.223992932
0.64	1.908524186e-07	0.2256682531
0.639	1.916858353e-07	0.2271935454
0.638	1.958529186e-07	0.2287855172
0.637	1.958529186e-07	0.2301274411
0.636	1.97519752e-07	0.2317444177
0.635	2.016868354e-07	0.233394734
0.634	2.033536687e-07	0.23507839
0.633	2.066873354e-07	0.2367203714
0.632	2.100210021e-07	0.2382873384
0.631	2.108544188e-07	0.239787626
0.63	2.125212521e-07	0.241346258
0.629	2.133546688e-07	0.2429048901
0.628	2.158549188e-07	0.2446552256
0.627	2.166883355e-07	0.2463388816
0.626	2.183551689e-07	0.2480642123
0.625	2.200220022e-07	0.2497645382
0.624	2.233556689e-07	0.2515398785
0.623	2.233556689e-07	0.2533985681
0.622	2.300230023e-07	0.2551072289
0.621	2.33356669e-07	0.2568575644
0.62	2.366903357e-07	0.2584412012
0.619	2.408574191e-07	0.2601998716
0.618	2.433576691e-07	0.261841853
0.617	2.475247525e-07	0.2634838344
0.616	2.500250025e-07	0.2651508206
0.615	2.525252525e-07	0.2668511465
0.614	2.558589192e-07	0.2685431374
0.613	2.566923359e-07	0.2703601524
0.612	2.583591693e-07	0.2720854831
0.611	2.625262526e-07	0.2736024405
0.61	2.650265027e-07	0.2754111205
0.609	2.683601694e-07	0.2771697909
0.608	2.708604194e-07	0.2790534853
0.607	2.741940861e-07	0.2807454762
0.606	2.775277528e-07	0.2826875151
0.605	2.791945861e-07	0.2846628937
0.604	2.833616695e-07	0.2865049134
0.603	2.858619195e-07	0.28812189
0.602	2.891955862e-07	0.28993057
0.601	2.916958363e-07	0.2918225993
0.6	2.925292529e-07	0.2935979396
0.599	2.958629196e-07	0.2952482559
0.598	3.00030003e-07	0.2969652517
0.597	3.016968364e-07	0.2985488885
0.596	3.02530253e-07	0.2999991665
0.595	3.050305031e-07	0.3016994924
0.594	3.075307531e-07	0.3033831484
0.593	3.100310031e-07	0.3050167949
0.592	3.133646698e-07	0.3067504605
0.591	3.166983365e-07	0.3081673988
0.59	3.175317532e-07	0.310067763
0.589	3.208654199e-07	0.3116764046
0.588	3.250325033e-07	0.3134100703
0.587	3.316998367e-07	0.3153271044
0.586	3.3586692e-07	0.31706077
0.585	3.383671701e-07	0.3189027897
0.584	3.425342534e-07	0.3205697759
0.583	3.450345035e-07	0.3223034415
0.582	3.483681702e-07	0.3237787243
0.581	3.483681702e-07	0.3256957584
0.58	3.517018369e-07	0.3273377397
0.579	3.525352535e-07	0.3291380848
0.578	3.558689202e-07	0.3306717121
0.577	3.575357536e-07	0.3323970428
0.576	3.592025869e-07	0.3340223543
0.575	3.608694203e-07	0.3358226994
0.574	3.61702837e-07	0.3375230252
0.573	3.625362536e-07	0.3393150354
0.572	3.64203087e-07	0.3412153996
0.571	3.69203587e-07	0.3428407111
0.57	3.742040871e-07	0.3444576877
0.569	3.775377538e-07	0.3461413438
0.568	3.800380038e-07	0.3477333156
0.567	3.858719205e-07	0.3494169716
0.566	3.883721706e-07	0.351300666
0.565	3.925392539e-07	0.3529259775
0.564	3.942060873e-07	0.3546929828
0.563	3.958729206e-07	0.3564516532
0.562	3.992065873e-07	0.3582519983
0.561	4.02540254e-07	0.3599356543
0.56	4.067073374e-07	0.3617359994
0.559	4.108744208e-07	0.3638113972
0.558	4.142080875e-07	0.3656700868
0.557	4.208754209e-07	0.3675287763
0.556	4.233756709e-07	0.3692707769
0.555	4.267093376e-07	0.3710294473
0.554	4.300430043e-07	0.3724380506
0.553	4.33376671e-07	0.3741550464
0.552	4.400440044e-07	0.3758637072
0.551	4.408774211e-07	0.3776473824
0.55	4.492115878e-07	0.3793643782
0.549	4.542120879e-07	0.38095635
0.548	4.608794213e-07	0.3827066854
0.547	4.61712838e-07	0.384448686
0.546	4.658799213e-07	0.3862990406
0.545	4.675467547e-07	0.3880077015
0.544	4.733806714e-07	0.3898580561
0.543	4.800480048e-07	0.3916584012
0.542	4.850485049e-07	0.3935420956
0.541	4.900490049e-07	0.3953507756
0.54	4.958829216e-07	0.3970844412
0.539	5.02550255e-07	0.3987764321
0.538	5.083841718e-07	0.4006434567
0.537	5.150515052e-07	0.4023687874
0.536	5.208854219e-07	0.4039607591
0.535	5.242190886e-07	0.4057110946
0.534	5.275527553e-07	0.4074947698
0.533	5.325532553e-07	0.4090867416
0.532	5.400540054e-07	0.410853747
0.531	5.425542554e-07	0.4126457571
0.53	5.483881722e-07	0.414346083
0.529	5.583891723e-07	0.4161047534
0.528	5.675567557e-07	0.4178217492
0.527	5.742240891e-07	0.4197471182
0.526	5.833916725e-07	0.4214224393
0.525	5.97559756e-07	0.4231727748
0.524	5.983931727e-07	0.424714737
0.523	6.058939227e-07	0.4263817232
0.522	6.150615062e-07	0.4279153504
0.521	6.192285895e-07	0.42977404
0.52	6.242290896e-07	0.4315493803
0.519	6.300630063e-07	0.433149687
0.518	6.342300897e-07	0.4351250656
0.517	6.392305897e-07	0.4369170758
0.516	6.442310898e-07	0.4387674304
0.515	6.525652565e-07	0.4406344549
0.514	6.600660066e-07	0.4423597856
0.513	6.675667567e-07	0.4441768006
0.512	6.742340901e-07	0.4458521217
0.511	6.834016735e-07	0.4473857489
0.51	6.992365903e-07	0.4491944289
0.509	7.092375904e-07	0.4508447452
0.508	7.175717572e-07	0.4526534252
0.507	7.28406174e-07	0.4543454162
0.506	7.35906924e-07	0.4561540962
0.505	7.467413408e-07	0.4578460872
0.504	7.559089242e-07	0.4596631021
0.503	7.625762576e-07	0.4613217533
0.502	7.725772577e-07	0.4630137443
0.501	7.867453412e-07	0.4647974195
0.5	8.00080008e-07	0.4664394009
0.499	8.125812581e-07	0.467989698
0.498	8.275827583e-07	0.4697483684
0.497	8.425842584e-07	0.4713986847
0.496	8.550855086e-07	0.4731656901
0.495	8.69253592e-07	0.4747910016
0.494	8.834216755e-07	0.4765746768
0.493	8.925892589e-07	0.4780416246
0.492	9.084241758e-07	0.4797169457
0.491	9.234256759e-07	0.4814256066
0.49	9.409274261e-07	0.4830259133
0.489	9.575957596e-07	0.484509531
0.488	9.709304264e-07	0.4862765363
0.487	9.867653432e-07	0.488001867
0.486	9.984331767e-07	0.4895521642
0.485	1.02010201e-06	0.4912774949
0.484	1.039270594e-06	0.4930861749
0.483	1.060106011e-06	0.4948948548
0.482	1.072607261e-06	0.496561841
0.481	1.096776344e-06	0.4980371238
0.48	1.116778345e-06	0.4997624545
0.479	1.146781345e-06	0.5015294598
0.478	1.173450678e-06	0.5031381015
0.477	1.191785845e-06	0.5044716904
0.476	1.207620762e-06	0.5061303416
0.475	1.232623262e-06	0.5079306867
0.474	1.260959429e-06	0.5094143044
0.473	1.28596193e-06	0.5108812522
0.472	1.316798347e-06	0.5124065446
0.471	1.349301597e-06	0.5141818849
0.47	1.370137014e-06	0.5157155121
0.469	1.402640264e-06	0.5176492161
0.468	1.433476681e-06	0.519349542
0.467	1.462646265e-06	0.5210498679
0.466	1.491815848e-06	0.5225418205
0.465	1.521818849e-06	0.5240921177
0.464	1.552655266e-06	0.5258924627
0.463	1.584325099e-06	0.5273844153
0.462	1.618495183e-06	0.5289680522
0.461	1.668500183e-06	0.5305933637
0.46	1.700170017e-06	0.532126991
0.459	1.741007434e-06	0.5337773073
0.458	1.783511685e-06	0.5354776332
0.457	1.823515685e-06	0.5369862557
0.456	1.871020435e-06	0.5386115672
0.455	1.909357602e-06	0.5403035582
0.454	1.961029436e-06	0.5419121998
0.453	2.006033937e-06	0.5435625161
0.452	2.056038937e-06	0.5451128133
0.451	2.098543188e-06	0.5466464406
0.45	2.148548188e-06	0.548163398
0.449	2.203553689e-06	0.5495303266
0.448	2.259392606e-06	0.5510056094
0.447	2.319398607e-06	0.5523975429
0.446	2.388572191e-06	0.5540478592
0.445	2.457745775e-06	0.5554898022
0.444	2.523585692e-06	0.5571151137
0.443	2.587758776e-06	0.5586737458
0.442	2.65693236e-06	0.5602740525
0.441	2.735273527e-06	0.5620077181
0.44	2.816114945e-06	0.5634579961
0.439	2.912791279e-06	0.5652083316
0.438	2.996132947e-06	0.5665335856
0.437	3.074474114e-06	0.5679838636
0.436	3.168650198e-06	0.5693591272
0.435	3.247824782e-06	0.5707927353
0.434	3.33616695e-06	0.5723430324
0.433	3.437010368e-06	0.5736849563
0.432	3.540354035e-06	0.5755603157
0.431	3.64453112e-06	0.577093943
0.43	3.757042371e-06	0.5786109004
0.429	3.872887289e-06	0.5801695325
0.428	3.982064873e-06	0.5813447577
0.427	4.078741207e-06	0.5827950357
0.426	4.224589126e-06	0.5845787109
0.425	4.352101877e-06	0.5861456779
0.424	4.492949295e-06	0.5877209799
0.423	4.655465547e-06	0.5894046359
0.422	4.801313465e-06	0.5908465789
0.421	4.957162383e-06	0.5923635363
0.42	5.110511051e-06	0.5938138143
0.419	5.266359969e-06	0.5953391067
0.418	5.428042804e-06	0.5966810305
0.417	5.578891222e-06	0.5981646482
0.416	5.760576058e-06	0.5995065721
0.415	5.935593559e-06	0.6009901898
0.414	6.127279395e-06	0.6023404486
0.413	6.314798146e-06	0.6038240663
0.412	6.507317398e-06	0.6052326696
0.411	6.695669567e-06	0.6067079524
0.41	6.918191819e-06	0.6081165557
0.409	7.144881155e-06	0.6095584987
0.408	7.373237324e-06	0.6110337815
0.407	7.601593493e-06	0.612534069
0.406	7.833283328e-06	0.6140927011
0.405	8.068306831e-06	0.6157513523
0.404	8.3316665e-06	0.6171682906
0.403	8.596693003e-06	0.6185518891
0.402	8.877554422e-06	0.6200855164
0.401	9.154248758e-06	0.621694158
0.4	9.475947595e-06	0.6231361011
0.399	9.772643931e-06	0.6243863407
0.398	1.007684102e-05	0.6257282646
0.397	1.03960396e-05	0.6272035473
0.396	1.073190652e-05	0.6285454712
0.395	1.108027469e-05	0.6298123807
0.394	1.143947728e-05	0.6310459505
0.393	1.180868087e-05	0.6322211757
0.392	1.221288796e-05	0.6335380948
0.391	1.260709404e-05	0.6348216742
0.39	1.305380538e-05	0.6360885836
0.389	1.346051272e-05	0.6374388424
0.388	1.389638964e-05	0.6386474074
0.387	1.436893689e-05	0.6398559724
0.386	1.488315498e-05	0.6411562216
0.385	1.537320399e-05	0.6424981455
0.384	1.586742008e-05	0.6436983755
0.383	1.641914191e-05	0.6451069788
0.382	1.697919792e-05	0.6464072281
0.381	1.751341801e-05	0.6476491328
0.38	1.807430743e-05	0.6490577361
0.379	1.865186519e-05	0.6503413154
0.378	1.925192519e-05	0.6515582153
0.377	1.989032237e-05	0.6528667995
0.376	2.052705271e-05	0.6540170199
0.375	2.121462146e-05	0.6552922644
0.374	2.189552289e-05	0.6567592122
0.373	2.264726473e-05	0.6581594806
0.372	2.33856719e-05	0.659559749
0.371	2.410491049e-05	0.660885003
0.37	2.490665733e-05	0.6620518933
0.369	2.569923659e-05	0.6633104678
0.368	2.650181685e-05	0.6644440184
0.367	2.733440011e-05	0.6655192245
0.366	2.819948662e-05	0.6666027655
0.365	2.913708037e-05	0.66787801
0.364	3.005133847e-05	0.6691282496
0.363	3.098476514e-05	0.6704701734
0.362	3.201320132e-05	0.6717370829
0.361	3.3046638e-05	0.6729539828
0.36	3.417758443e-05	0.6742709019
0.359	3.528269494e-05	0.6755128066
0.358	3.640447378e-05	0.6765880127
0.357	3.757709104e-05	0.6777965777
0.356	3.875387539e-05	0.6789884728
0.355	4.006483982e-05	0.6802303775
0.354	4.139497283e-05	0.6813055836
0.353	4.278011134e-05	0.6824391342
0.352	4.419275261e-05	0.6836977087
0.351	4.558622529e-05	0.6848479292
0.35	4.70563723e-05	0.6860398243
0.349	4.85606894e-05	0.6871233653
0.348	5.012084542e-05	0.6882819207
0.347	5.170183685e-05	0.6893988014
0.346	5.343200987e-05	0.6903989931
0.345	5.513551355e-05	0.6915575485
0.344	5.686151949e-05	0.6927827834
0.343	5.870003667e-05	0.6938996641
0.342	6.065773244e-05	0.6951499037
0.341	6.255625563e-05	0.6963001242
0.34	6.449811648e-05	0.6973669953
0.339	6.651915192e-05	0.6986089
0.338	6.861019435e-05	0.6998841445
0.337	7.073457346e-05	0.7009510156
0.336	7.296979698e-05	0.7022012552
0.335	7.528419509e-05	0.7032931312
0.334	7.760276028e-05	0.704401677
0.333	8.001716838e-05	0.7054685481
0.332	8.248324832e-05	0.706568759
0.331	8.508934227e-05	0.7077106445
0.33	8.770127013e-05	0.7089525492
0.329	9.04290429e-05	0.7101527793
0.328	9.319598627e-05	0.7112946648
0.327	9.611877854e-05	0.712361536
0.326	9.912907957e-05	0.7133700626
0.325	0.0001022243891	0.7143785892
0.324	0.0001054022069	0.7154287905
0.323	0.0001087125379	0.7165540062
0.322	0.0001121045438	0.7176458821
0.321	0.000115643231	0.7187127533
0.32	0.0001192027536	0.7196629354
0.319	0.0001228089476	0.7207131367
0.318	0.0001265009834	0.7220133859
0.317	0.0001303347001	0.7230135776
0.316	0.0001343634363	0.724172133
0.315	0.0001386805347	0.7250806405
0.314	0.0001429501283	0.7261641815
0.313	0.0001474014068	0.7271727081
0.312	0.0001519068574	0.7282479142
0.311	0.0001564848151	0.72935646
0.31	0.0001611861186	0.7303566517
0.309	0.0001660241024	0.7315568817
0.308	0.0001711254459	0.7326570926
0.307	0.0001763209654	0.7338406528
0.306	0.0001817298397	0.7348908541
0.305	0.0001872695603	0.7359243855
0.304	0.0001928892889	0.737074606
0.303	0.0001986406974	0.738158147
0.302	0.0002047121379	0.7391916784
0.301	0.0002109094243	0.7401918701
0.3	0.0002172783945	0.7412003967
0.299	0.0002236715338	0.7420838994
0.298	0.0002302305231	0.7428757178
0.297	0.0002372587259	0.7439342541
0.296	0.0002443202654	0.7448094218
0.295	0.0002515568223	0.745867958
0.294	0.000259116745	0.7467597956
0.293	0.0002667625096	0.7478099969
0.292	0.0002747108044	0.7487018345
0.291	0.0002828549522	0.7497853755
0.29	0.0002912716272	0.7509689357
0.289	0.0002999524952	0.7520524767
0.288	0.0003087275394	0.7531610225
0.287	0.0003178467847	0.7542695683
0.286	0.0003271618829	0.7552530902
0.285	0.0003366978365	0.7562116072
0.284	0.0003463954729	0.7570701051
0.283	0.0003565231523	0.7580786317
0.282	0.000366943361	0.7590954933
0.281	0.0003775710904	0.7600873501
0.28	0.0003885955262	0.7609625178
0.279	0.0003998524852	0.7619377047
0.278	0.0004114561456	0.7627045184
0.277	0.0004233273327	0.7636463656
0.276	0.0004354210421	0.7647882511
0.275	0.0004482289896	0.7658384524
0.274	0.0004612277894	0.7667136201
0.273	0.0004747833117	0.7676387974
0.272	0.000488423009	0.7685139652
0.271	0.0005024619129	0.7695224918
0.27	0.0005168958563	0.7705560232
0.269	0.0005313681368	0.7715395451
0.268	0.0005465263193	0.7726230861
0.267	0.0005619153582	0.7734649141
0.266	0.0005778794546	0.7744734407
0.265	0.0005942860953	0.7754319578
0.264	0.0006114161416	0.7763237954
0.263	0.0006289428943	0.7772823124
0.262	0.000646539654	0.7783908582
0.261	0.0006650273361	0.7792243513
0.26	0.0006837942128	0.7801245239
0.259	0.0007032286562	0.7810497012
0.258	0.0007229014568	0.7820082182
0.257	0.0007432909958	0.7830250798
0.256	0.0007641164116	0.7838252332
0.255	0.0007857452412	0.7847504105
0.254	0.0008076666	0.7855755687
0.253	0.0008305255526	0.7863340474
0.252	0.0008538478848	0.7871091959
0.251	0.0008778261159	0.7879510239
0.25	0.0009023318999	0.7887428424
0.249	0.0009276410974	0.7894513115
0.248	0.0009534678468	0.7902097902
0.247	0.0009797579758	0.7909515991
0.246	0.001006872354	0.7918517716
0.245	0.00103470347	0.7927436092
0.244	0.001063679701	0.7934604132
0.243	0.001093125979	0.7941605474
0.242	0.001123346501	0.7948606816
0.241	0.00115439794	0.7958191987
0.24	0.001186180285	0.7966860315
0.239	0.001218726873	0.7975111896
0.238	0.001252594426	0.7983613526
0.237	0.001286979531	0.7992198505
0.236	0.001322427243	0.7999783292
0.235	0.001358646698	0.8007118031
0.234	0.001396019602	0.8014786167
0.233	0.00143416925	0.8022287605
0.232	0.001473192319	0.8032289522
0.231	0.001513523852	0.8040541104
0.23	0.001554806314	0.8047792494
0.229	0.0015969997	0.805546063
0.228	0.001640854919	0.8062378623
0.227	0.001685475214	0.8070463506
0.226	0.001731161449	0.8077464847
0.225	0.001778012801	0.8084799587
0.224	0.001826435977	0.8092717771
0.223	0.001876254292	0.8099552414
0.222	0.001927346901	0.810605366
0.221	0.001979805481	0.8113888495
0.22	0.002033255826	0.8121056536
0.219	0.002088388005	0.8128474624
0.218	0.002145120345	0.813747635
0.217	0.00220296363	0.8145061137
0.216	0.002262561256	0.8152062479
0.215	0.002323933227	0.8161480951
0.214	0.002386309464	0.816881569
0.213	0.002450533387	0.8177067271
0.212	0.002516316632	0.8184235312
0.211	0.002584038404	0.8191903448
0.21	0.002653187819	0.8200321728
0.209	0.00272420492	0.8207906515
0.208	0.002797172217	0.82158247
0.207	0.002872332233	0.8222409295
0.206	0.002949416608	0.8228827192
0.205	0.003027984465	0.8235661835
0.204	0.003109184252	0.8242496478
0.203	0.003192385072	0.8248664327
0.202	0.003277591092	0.8256415813
0.201	0.003365619062	0.8264667395
0.2	0.003455665567	0.8270585195
0.199	0.003548232323	0.8277169791
0.198	0.003642711771	0.8282754195
0.197	0.003739925659	0.829058903
0.196	0.003839394773	0.8297590371
0.195	0.003941984198	0.8305091809
0.194	0.004047213055	0.8310342816
0.193	0.004155108011	0.8316594014
0.192	0.004265961596	0.8323261959
0.191	0.004379252925	0.8329013061
0.19	0.004495937094	0.8336014403
0.189	0.004615359036	0.8341598806
0.188	0.004738358836	0.8347766655
0.187	0.004864628963	0.8353767805
0.186	0.004994298597	0.8361352593
0.185	0.005126450978	0.8367853839
0.184	0.005262440411	0.8373021496
0.183	0.005402786112	0.8379856139
0.182	0.005546996366	0.8386524084
0.181	0.005694311098	0.8393858823
0.18	0.00584653132	0.8399776624
0.179	0.006002613595	0.8406111171
0.178	0.006162314565	0.841227902
0.177	0.006325965097	0.841711328
0.176	0.006494361103	0.8424448019
0.175	0.006666948362	0.8432199505
0.174	0.006845396206	0.8438367354
0.173	0.00702789529	0.8445452045
0.172	0.007215344034	0.845203664
0.171	0.007408275828	0.8458787934
0.17	0.007606389806	0.8465622578
0.169	0.007810372704	0.8471206981
0.168	0.008019261926	0.8478291673
0.167	0.00823383755	0.8485042967
0.166	0.00845536637	0.8491127466
0.165	0.008682574091	0.849787876
0.164	0.008915550722	0.8502546321
0.163	0.009154977164	0.8508047376
0.162	0.009400565057	0.8512798286
0.161	0.009653088642	0.851963293
0.16	0.009913190486	0.8526717621
0.159	0.01017945711	0.8533718963
0.158	0.01045384622	0.8539386716
0.157	0.01073580275	0.8546554756
0.156	0.01102577174	0.8552889304
0.155	0.01132386905	0.8558307009
0.154	0.01162946878	0.8563558015
0.153	0.01194320432	0.8569975912
0.152	0.01226659749	0.857747735
0.151	0.01259899823	0.8584395342
0.15	0.01294127663	0.8590479842
0.149	0.01329215755	0.8597647883
0.148	0.01365264526	0.860398243
0.147	0.01402383322	0.8609150087
0.146	0.01440587809	0.8613900998
0.145	0.01479872737	0.862081899
0.144	0.01520243191	0.8626403394
0.143	0.01561756842	0.8633821482
0.142	0.01604356852	0.8639239188
0.141	0.01648259409	0.864490694
0.14	0.01693421926	0.8651408187
0.139	0.01739899907	0.8657325987
0.138	0.01787573841	0.8663743884
0.137	0.01836714338	0.8670078432
0.136	0.01887191469	0.867516274
0.135	0.01939073824	0.8680663794
0.134	0.01992744441	0.8685581403
0.133	0.02047789862	0.8692249348
0.132	0.02104447445	0.8698333847
0.131	0.02162721772	0.8703584854
0.13	0.02222612345	0.8711002942
0.129	0.02284295346	0.8717170791
0.128	0.02347808614	0.8724422181
0.127	0.02413009634	0.8730673379
0.126	0.02480164266	0.8737007927
0.125	0.02549390689	0.8743592522
0.124	0.02620427126	0.8749176926
0.123	0.02693676284	0.8754594631
0.122	0.02769034903	0.875951224
0.121	0.02846402474	0.8765680089
0.12	0.02926144281	0.8772181335
0.119	0.03008142148	0.8776682197
0.118	0.03092684768	0.8782850046
0.117	0.03179483448	0.8787767655
0.116	0.03268958396	0.8794268902
0.115	0.03360942678	0.8800603449
0.114	0.03455484382	0.8806687949
0.113	0.03552875454	0.8811605558
0.112	0.03653020052	0.8817606708
0.111	0.03755981181	0.8823941255
0.11	0.03861640914	0.8830775899
0.109	0.03970527053	0.8836276953
0.108	0.04082694603	0.8842028055
0.107	0.0419800305	0.8848279254
0.106	0.04316678335	0.8854197054
0.105	0.04438654449	0.8859948157
0.104	0.04564223589	0.8866032656
0.103	0.0469320432	0.8871700409
0.102	0.04825877088	0.88787851
0.101	0.04962375154	0.8885036299
0.1	0.05102548755	0.8890787401
0.099	0.05246685085	0.8896038407
0.098	0.05394953245	0.8902122907
0.097	0.05547275644	0.8908707502
0.096	0.05703995983	0.8915292098
0.095	0.05864691969	0.8921626645
0.094	0.06029944411	0.8927794494
0.093	0.06200091176	0.8933712295
0.092	0.06374889322	0.8940213541
0.091	0.06554330683	0.8947298232
0.09	0.06738576441	0.8953799478
0.089	0.06927919709	0.8958717087
0.088	0.07122280145	0.896446819
0.087	0.07321839101	0.8969969244
0.086	0.07526665167	0.8977053935
0.085	0.07736990199	0.8983555181
0.084	0.07952796446	0.8990056427
0.083	0.08174210254	0.8997057769
0.082	0.084013293	0.9003559015
0.081	0.08634425443	0.901022696
0.08	0.08873221739	0.9016811556
0.079	0.09118744374	0.9022145911
0.078	0.09369945328	0.9028230411
0.077	0.09627463413	0.9034148212
0.076	0.09891527153	0.9040566109
0.075	0.1016244266	0.9046900656
0.074	0.1043994291	0.9055318936
0.073	0.1072391714	0.9061736833
0.072	0.1101521585	0.906815473
0.071	0.1131329966	0.9074239229
0.07	0.1161827741	0.907899014
0.069	0.1193046038	0.9085741434
0.068	0.1224983007	0.9091909283
0.067	0.1257680668	0.9098743926
0.066	0.1291117087	0.9104661727
0.065	0.132531419	0.9111329672
0.064	0.1360265977	0.911758087
0.063	0.139597894	0.912483226
0.062	0.1432507984	0.9131500204
0.061	0.1469817098	0.913800145
0.06	0.1507906949	0.9143835902
0.059	0.1546798305	0.9150253799
0.058	0.1586505959	0.9156504997
0.057	0.1627010818	0.916217275
0.056	0.166834661	0.9169757537
0.055	0.1710500825	0.9176425482
0.054	0.1753497158	0.918259333
0.053	0.1797316832	0.9188094385
0.052	0.1841969497	0.9194512282
0.051	0.1887497691	0.920068013
0.05	0.1933818932	0.9209098411
0.049	0.198100335	0.9214932862
0.048	0.2029042413	0.9221767505
0.047	0.2077916717	0.9229435642
0.046	0.2127628838	0.9235436792
0.045	0.2178197728	0.924293823
0.044	0.222956194	0.925018962
0.043	0.2281820415	0.9256940914
0.042	0.2334903374	0.9263692208
0.041	0.2388801513	0.9271443693
0.04	0.2443527069	0.9277694892
0.039	0.2499107819	0.9284362836
0.038	0.2555437477	0.9290530685
0.037	0.2612586542	0.9297532027
0.036	0.2670575883	0.9303616527
0.035	0.2729359403	0.9311034615
0.034	0.2788893923	0.9318619402
0.033	0.2849205887	0.9326454237
0.032	0.2910310006	0.9333622278
0.031	0.2972069457	0.9340123524
0.03	0.303461412	0.9347624961
0.029	0.3097853977	0.9354876351
0.028	0.3161829	0.9360627454
0.027	0.3226472264	0.9368045542
0.026	0.3291848427	0.9374880185
0.025	0.3357813081	0.9381298082
0.024	0.3424493174	0.9387966027
0.023	0.3491753859	0.9395800862
0.022	0.3559596451	0.9403052252
0.021	0.3628044613	0.9409720196
0.02	0.369703457	0.9416721538
0.019	0.3766559606	0.9423639531
0.018	0.3836601343	0.9430390825
0.017	0.3907139647	0.9437725564
0.016	0.3978165033	0.9446143844
0.015	0.4049624962	0.9453061837
0.014	0.4121538996	0.9460063179
0.013	0.4193805631	0.9466647774
0.012	0.4266426951	0.9474065863
0.011	0.43394187	0.9482067396
0.01	0.441268001	0.948890204
0.009	0.4486235415	0.9495486635
0.008	0.4560095718	0.9502654675
0.007	0.4634180643	0.9508739175
0.006	0.4708418984	0.9514406928
0.005	0.4782851002	0.9521741667
0.004	0.4857422651	0.952865966
0.003	0.4932132272	0.9534994207
0.002	0.5006896665	0.9541412104
0.001	0.5081748508	0.9549830384
0	0.5156643573	0.955758187
-0.001	0.5231519219	0.9564083116
-0.002	0.5306373721	0.9570250965
-0.003	0.5381156307	0.9576752211
-0.004	0.5455825858	0.9583086758
-0.005	0.5530381263	0.9590838244
-0.006	0.5604792038	0.9597006093
-0.007	0.5679016877	0.9603590688
-0.008	0.5753018969	0.961059203
-0.009	0.5826789462	0.9616259783
-0.01	0.5900307281	0.9625011461
-0.011	0.5973539412	0.9631596056
-0.012	0.6046396398	0.9637763905
-0.013	0.6118942378	0.9643848404
-0.014	0.6191100702	0.9649266109
-0.015	0.6262821457	0.9655850705
-0.016	0.6334125988	0.9661518458
-0.017	0.6404969414	0.9667602957
-0.018	0.647534806	0.967452095
-0.019	0.6545205379	0.9678688415
-0.02	0.6614524969	0.968535636
-0.021	0.6683290654	0.9690440668
-0.022	0.6751480465	0.9697275311
-0.023	0.6819096435	0.9703776557
-0.024	0.6886087575	0.9710444502
-0.025	0.6952404549	0.9717612542
-0.026	0.7018075716	0.9723697042
-0.027	0.7083063081	0.9729114747
-0.028	0.7147342584	0.9734282404
-0.029	0.7210928993	0.9740950349
-0.03	0.727376756	0.9745534561
-0.031	0.733581609	0.975170241
-0.032	0.7397088834	0.9756286622
-0.033	0.7457600202	0.9761620977
-0.034	0.7517334467	0.9767038682
-0.035	0.7576259026	0.9771789593
-0.036	0.763437147	0.9776707202
-0.037	0.7691658241	0.9781374763
-0.038	0.7748127321	0.978545888
-0.039	0.7803755801	0.9789959742
-0.04	0.785851276	0.9795627495
-0.041	0.7912401098	0.9800795152
-0.042	0.7965446286	0.9805212666
-0.043	0.8017634897	0.9809046734
-0.044	0.8068923784	0.9813380898
-0.045	0.8119304239	0.9817881761
-0.046	0.8168850602	0.9823132767
-0.047	0.821748149	0.9827383582
-0.048	0.8265213196	0.9831050951
-0.049	0.8312062456	0.9835301766
-0.05	0.8358056164	0.9840219375
-0.051	0.8403160349	0.9844220142
-0.052	0.8447393181	0.9848887703
-0.053	0.849076851	0.9852638422
-0.054	0.8533195461	0.9856139093
-0.055	0.8574777286	0.9859223018
-0.056	0.8615482098	0.9862890387
-0.057	0.8655300955	0.9866307709
-0.058	0.8694287512	0.9870558524
-0.059	0.8732416983	0.9874725989
-0.06	0.8769672967	0.9877643215
-0.061	0.880611502	0.988064379
-0.062	0.8841690227	0.9882394126
-0.063	0.8876468497	0.9885894797
-0.064	0.89104215	0.9888561974
-0.065	0.8943580341	0.9892062645
-0.066	0.897593081	0.9894813173
-0.067	0.9007476756	0.9897897097
-0.068	0.903823149	0.9900397576
-0.069	0.906821838	0.9902731357
-0.07	0.9097454254	0.9905481884
-0.071	0.9125933618	0.9907648966
-0.072	0.9153662808	0.9910316144
-0.073	0.9180704604	0.9912733274
-0.074	0.9207024902	0.9914733657
-0.075	0.9232644339	0.9918234328
-0.076	0.9257559123	0.9920068013
-0.077	0.9281793196	0.9922318444
-0.078	0.9305356002	0.9924402177
-0.079	0.9328263518	0.9925652417
-0.08	0.9350525886	0.9927736149
-0.081	0.9372183585	0.9929319786
-0.082	0.9393191252	0.9930903423
-0.083	0.9413604669	0.9933237204
-0.084	0.9433436152	0.9934404094
-0.085	0.9452680168	0.9935987731
-0.086	0.9471355294	0.9937821416
-0.087	0.9489465972	0.9939321703
-0.088	0.9507027586	0.9941072039
-0.089	0.9524056897	0.9942739025
-0.09	0.9540567957	0.994457271
-0.091	0.9556584517	0.9946239696
-0.092	0.9572121162	0.9948240079
-0.093	0.9587173251	0.9949823716
-0.094	0.9601749075	0.9951407353
-0.095	0.9615865237	0.9952824291
-0.096	0.9629521719	0.9954074531
-0.097	0.9642755901	0.9955658168
-0.098	0.9655543438	0.9956908407
-0.099	0.9667946286	0.9958158647
-0.1	0.9679944528	0.995899214
-0.101	0.9691555981	0.9960742476
-0.102	0.9702759984	0.9961325921
-0.103	0.9713610644	0.9962326113
-0.104	0.9724101669	0.9963743051
-0.105	0.9734231682	0.9964909941
-0.106	0.9744035245	0.9966493578
-0.107	0.9753510334	0.9967660468
-0.108	0.9762658224	0.9969160756
-0.109	0.9771518152	0.9970160948
-0.11	0.9780049505	0.9970994441
-0.111	0.9788304455	0.9971994632
-0.112	0.9796254767	0.9972994824
-0.113	0.9803934768	0.9974161714
-0.114	0.9811336425	0.9975161906
-0.115	0.9818488015	0.9976412146
-0.116	0.9825383497	0.9977495687
-0.117	0.9832044054	0.9978412529
-0.118	0.9838474872	0.997949607
-0.119	0.9844672292	0.9980162865
-0.12	0.9850651048	0.9981079707
-0.121	0.98564152	0.9982163248
-0.122	0.9861988282	0.998308009
-0.123	0.9867342043	0.9983663536
-0.124	0.9872497925	0.9984163631
-0.125	0.987747834	0.9984747077
-0.126	0.9882280336	0.9985330522
-0.127	0.9886902824	0.9986247364
-0.128	0.9891350435	0.9986580761
-0.129	0.9895633488	0.9986830809
-0.13	0.9899769427	0.9987080857
-0.131	0.990374975	0.9987580953
-0.132	0.9907573516	0.998791435
-0.133	0.9911259534	0.9988581145
-0.134	0.9914804964	0.998916459
-0.135	0.9918219689	0.9989247939
-0.136	0.9921504559	0.9989581336
-0.137	0.9924663258	0.9989748035
-0.138	0.992770292	0.9990081432
-0.139	0.993063293	0.9990831576
-0.14	0.9933455712	0.9991081624
-0.141	0.9936167158	0.9991331672
-0.142	0.9938772036	0.9991831768
-0.143	0.9941276386	0.9992081816
-0.144	0.9943690677	0.9992415213
-0.145	0.9946008034	0.9992498562
-0.146	0.9948231165	0.9992831959
-0.147	0.9950364511	0.9993248706
-0.148	0.9952428193	0.9993582103
-0.149	0.9954402932	0.9994165548
-0.15	0.9956305547	0.9994415596
-0.151	0.9958133322	0.9994999041
-0.152	0.9959885797	0.9995249089
-0.153	0.9961572207	0.9995415788
-0.154	0.9963187094	0.9995582487
-0.155	0.9964748925	0.9995915884
-0.156	0.9966238224	0.9996165932
-0.157	0.9967670734	0.9996499329
-0.158	0.9969051797	0.9996749377
-0.159	0.9970367237	0.9996749377
-0.16	0.9971636747	0.9996832726
-0.161	0.9972851685	0.9996832726
-0.162	0.9974021402	0.9996832726
-0.163	0.9975137364	0.9997082774
-0.164	0.9976209829	0.9997082774
-0.165	0.9977243249	0.9997249473
-0.166	0.9978234815	0.9997499521
-0.167	0.9979185135	0.999758287
-0.168	0.9980094401	0.999758287
-0.169	0.9980966722	0.9997666219
-0.17	0.9981800022	0.9997666219
-0.171	0.9982603194	0.9997832918
-0.172	0.9983367653	0.9997916267
-0.173	0.9984103802	0.9998166315
-0.174	0.9984810339	0.9998333014
-0.175	0.9985491908	0.9998416363
-0.176	0.9986142873	0.9998416363
-0.177	0.9986766135	0.9998499712
-0.178	0.9987360828	0.9998583062
-0.179	0.9987932252	0.999874976
-0.18	0.9988477856	0.9998916459
-0.181	0.9988999608	0.9998916459
-0.182	0.9989500358	0.9999083158
-0.183	0.998998129	0.9999166507
-0.184	0.9990438636	0.9999166507
-0.185	0.9990877563	0.9999249856
-0.186	0.9991296888	0.9999333206
-0.187	0.9991698036	0.9999499904
-0.188	0.99920833	0.9999499904
-0.189	0.9992450153	0.9999499904
-0.19	0.9992800788	0.9999499904
-0.191	0.999313723	0.9999583253
-0.192	0.9993459404	0.9999583253
-0.193	0.9993768894	0.9999583253
-0.194	0.9994061173	0.9999583253
-0.195	0.9994340467	0.9999666603
-0.196	0.9994607436	0.9999749952
-0.197	0.9994863428	0.9999749952
-0.198	0.9995107602	0.9999833301
-0.199	0.9995342184	1
-0.2	0.999556549	1
-0.201	0.9995779586	1
-0.202	0.9995980756	1
-0.203	0.9996174551	1
-0.204	0.9996359728	1
-0.205	0.9996535745	1
-0.206	0.9996703429	1
-0.207	0.9996865012	1
-0.208	0.9997017652	1
-0.209	0.9997163375	1
-0.21	0.9997304322	1
-0.211	0.9997435969	1
-0.212	0.9997560531	1
-0.213	0.9997681743	1
-0.214	0.9997798413	1
-0.215	0.9997908024	1
-0.216	0.9998012285	1
-0.217	0.9998112911	1
-0.218	0.9998208504	1
-0.219	0.9998299713	1
-0.22	0.9998385572	1
-0.221	0.9998467897	1
-0.222	0.9998547263	1
-0.223	0.9998622387	1
-0.224	0.9998691469	1
-0.225	0.9998758267	1
-0.226	0.9998824116	1
-0.227	0.9998884347	1
-0.228	0.9998942594	1
-0.229	0.999899855	1
-0.23	0.9999050822	1
-0.231	0.9999101352	1
-0.232	0.9999148198	1
-0.233	0.9999193319	1
-0.234	0.9999235857	1
-0.235	0.9999275903	1
-0.236	0.9999314748	1
-0.237	0.9999350835	1
-0.238	0.9999385172	1
-0.239	0.9999418175	1
-0.24	0.999944987	1
-0.241	0.999947909	1
-0.242	0.9999507626	1
-0.243	0.9999534445	1
-0.244	0.9999560023	1
-0.245	0.9999584367	1
-0.246	0.9999606577	1
-0.247	0.9999628363	1
-0.248	0.9999649415	1
-0.249	0.9999668734	1
-0.25	0.9999687194	1
-0.251	0.9999704954	1
-0.252	0.9999721114	1
-0.253	0.9999736632	1
-0.254	0.9999751633	1
-0.255	0.9999765427	1
-0.256	0.9999778178	1
-0.257	0.9999790387	1
-0.258	0.9999802364	1
-0.259	0.9999813373	1
-0.26	0.9999824266	1
-0.261	0.9999834108	1
-0.262	0.9999843226	1
-0.263	0.9999852027	1
-0.264	0.9999860169	1
-0.265	0.9999868479	1
-0.266	0.9999875896	1
-0.267	0.9999882738	1
-0.268	0.9999889214	1
-0.269	0.999989554	1
-0.27	0.9999901648	1
-0.271	0.9999907466	1
-0.272	0.9999913241	1
-0.273	0.9999918475	1
-0.274	0.9999922851	1
-0.275	0.9999927693	1
-0.276	0.999993191	1
-0.277	0.9999936127	1
-0.278	0.9999939827	1
-0.279	0.9999943661	1
-0.28	0.9999947136	1
-0.281	0.9999950228	1
-0.282	0.9999953237	1
-0.283	0.9999955987	1
-0.284	0.9999958671	1
-0.285	0.9999961179	1
-0.286	0.9999963496	1
-0.287	0.9999965688	1
-0.288	0.9999967663	1
-0.289	0.999996983	1
-0.29	0.9999971664	1
-0.291	0.9999973431	1
-0.292	0.9999975148	1
-0.293	0.9999976598	1
-0.294	0.9999977906	1
-0.295	0.9999979181	1
-0.296	0.9999980631	1
-0.297	0.9999981932	1
-0.298	0.9999983132	1
-0.299	0.9999984132	1
-0.3	0.9999985115	1
-0.301	0.9999986015	1
-0.302	0.9999986957	1
-0.303	0.999998774	1
-0.304	0.9999988491	1
-0.305	0.9999989266	1
-0.306	0.9999990049	1
-0.307	0.9999990699	1
-0.308	0.9999991266	1
-0.309	0.9999991824	1
-0.31	0.9999992333	1
-0.311	0.9999992933	1
-0.312	0.9999993391	1
-0.313	0.9999993774	1
-0.314	0.9999994174	1
-0.315	0.9999994574	1
-0.316	0.9999994991	1
-0.317	0.9999995333	1
-0.318	0.9999995625	1
-0.319	0.9999995925	1
-0.32	0.9999996233	1
-0.321	0.999999645	1
-0.322	0.9999996683	1
-0.323	0.9999996908	1
-0.324	0.9999997075	1
-0.325	0.99999973	1
-0.326	0.9999997483	1
-0.327	0.9999997725	1
-0.328	0.9999997866	1
-0.329	0.9999998025	1
-0.33	0.9999998158	1
-0.331	0.9999998258	1
-0.332	0.9999998375	1
-0.333	0.9999998467	1
-0.334	0.9999998617	1
-0.335	0.9999998717	1
-0.336	0.999999875	1
-0.337	0.99999988	1
-0.338	0.9999998933	1
-0.339	0.9999998975	1
-0.34	0.9999999017	1
-0.341	0.9999999033	1
-0.342	0.99999991	1
-0.343	0.9999999183	1
-0.344	0.9999999225	1
-0.345	0.9999999242	1
-0.346	0.9999999283	1
-0.347	0.9999999342	1
-0.348	0.9999999375	1
-0.349	0.9999999417	1
-0.35	0.9999999425	1
-0.351	0.9999999475	1
-0.352	0.9999999475	1
-0.353	0.9999999483	1
-0.354	0.99999995	1
-0.355	0.9999999542	1
-0.356	0.9999999567	1
-0.357	0.9999999592	1
-0.358	0.9999999617	1
-0.359	0.9999999642	1
-0.36	0.999999965	1
-0.361	0.9999999675	1
-0.362	0.9999999708	1
-0.363	0.9999999717	1
-0.364	0.9999999742	1
-0.365	0.9999999783	1
-0.366	0.99999998	1
-0.367	0.9999999825	1
-0.368	0.9999999842	1
-0.369	0.9999999858	1
-0.37	0.9999999858	1
-0.371	0.99999999	1
-0.372	0.99999999	1
-0.373	0.9999999908	1
-0.374	0.9999999917	1
-0.375	0.9999999917	1
-0.376	0.9999999925	1
-0.377	0.9999999933	1
-0.378	0.9999999933	1
-0.379	0.9999999933	1
-0.38	0.9999999942	1
-0.381	0.999999995	1
-0.382	0.999999995	1
-0.383	0.999999995	1
-0.384	0.999999995	1
-0.385	0.999999995	1
-0.386	0.999999995	1
-0.387	0.999999995	1
-0.388	0.9999999958	1
-0.389	0.9999999958	1
-0.39	0.9999999958	1
-0.391	0.9999999958	1
-0.392	0.9999999967	1
-0.393	0.9999999967	1
-0.394	0.9999999967	1
-0.395	0.9999999967	1
-0.396	0.9999999967	1
-0.397	0.9999999967	1
-0.398	0.9999999983	1
-0.399	0.9999999983	1
-0.4	1	1
-0.401	1	1
-0.402	1	1
-0.403	1	1
-0.404	1	1
-0.405	1	1
-0.406	1	1
-0.407	1	1
-0.408	1	1
-0.409	1	1
-0.41	1	1
-0.411	1	1
-0.412	1	1
-0.413	1	1
-0.414	1	1
-0.415	1	1
-0.416	1	1
-0.417	1	1
-0.418	1	1
-0.419	1	1
-0.42	1	1
-0.421	1	1
-0.422	1	1
-0.423	1	1
-0.424	1	1
-0.425	1	1
-0.426	1	1
-0.427	1	1
-0.428	1	1
-0.429	1	1
-0.43	1	1
-0.431	1	1
-0.432	1	1
-0.433	1	1
-0.434	1	1
-0.435	1	1
-0.436	1	1
-0.437	1	1
-0.438	1	1
-0.439	1	1
-0.44	1	1
-0.441	1	1
-0.442	1	1
-0.443	1	1
-0.444	1	1
-0.445	1	1
-0.446	1	1
-0.447	1	1
-0.448	1	1
-0.449	1	1
-0.45	1	1
-0.451	1	1
-0.452	1	1
-0.453	1	1
-0.454	1	1
-0.455	1	1
-0.456	1	1
-0.457	1	1
-0.458	1	1
-0.459	1	1
-0.46	1	1
-0.461	1	1
-0.462	1	1
-0.463	1	1
-0.464	1	1
-0.465	1	1
-0.466	1	1
-0.467	1	1
-0.468	1	1
-0.469	1	1
-0.47	1	1
-0.471	1	1
-0.472	1	1
-0.473	1	1
-0.474	1	1
-0.475	1	1
-0.476	1	1
-0.477	1	1
-0.478	1	1
-0.479	1	1
-0.48	1	1
-0.481	1	1
-0.482	1	1
-0.483	1	1
-0.484	1	1
-0.485	1	1
-0.486	1	1
-0.487	1	1
-0.488	1	1
-0.489	1	1
-0.49	1	1
-0.491	1	1
-0.492	1	1
-0.493	1	1
-0.494	1	1
-0.495	1	1
-0.496	1	1
-0.497	1	1
-0.498	1	1
-0.499	1	1
-0.5	1	1
-0.501	1	1
-0.502	1	1
-0.503	1	1
-0.504	1	1
-0.505	1	1
-0.506	1	1
-0.507	1	1
-0.508	1	1
-0.509	1	1
-0.51	1	1
-0.511	1	1
-0.512	1	1
-0.513	1	1
-0.514	1	1
-0.515	1	1
-0.516	1	1
-0.517	1	1
-0.518	1	1
-0.519	1	1
-0.52	1	1
-0.521	1	1
-0.522	1	1
-0.523	1	1
-0.524	1	1
-0.525	1	1
-0.526	1	1
-0.527	1	1
-0.528	1	1
-0.529	1	1
-0.53	1	1
-0.531	1	1
-0.532	1	1
-0.533	1	1
-0.534	1	1
-0.535	1	1
-0.536	1	1
-0.537	1	1
-0.538	1	1
-0.539	1	1
-0.54	1	1
-0.541	1	1
-0.542	1	1
-0.543	1	1
-0.544	1	1
-0.545	1	1
-0.546	1	1
-0.547	1	1
-0.548	1	1
-0.549	1	1
-0.55	1	1
-0.551	1	1
-0.552	1	1
-0.553	1	1
-0.554	1	1
-0.555	1	1
-0.556	1	1
-0.557	1	1
-0.558	1	1
-0.559	1	1
-0.56	1	1
-0.561	1	1
-0.562	1	1
-0.563	1	1
-0.564	1	1
-0.565	1	1
-0.566	1	1
-0.567	1	1
-0.568	1	1
-0.569	1	1
-0.57	1	1
-0.571	1	1
-0.572	1	1
-0.573	1	1
-0.574	1	1
-0.575	1	1
-0.576	1	1
-0.577	1	1
-0.578	1	1
-0.579	1	1
-0.58	1	1
-0.581	1	1
-0.582	1	1
-0.583	1	1
-0.584	1	1
-0.585	1	1
-0.586	1	1
-0.587	1	1
-0.588	1	1
-0.589	1	1
-0.59	1	1
-0.591	1	1
-0.592	1	1
-0.593	1	1
-0.594	1	1
-0.595	1	1
-0.596	1	1
-0.597	1	1
-0.598	1	1
-0.599	1	1
-0.6	1	1
-0.601	1	1
-0.602	1	1
-0.603	1	1
-0.604	1	1
-0.605	1	1
-0.606	1	1
-0.607	1	1
-0.608	1	1
-0.609	1	1
-0.61	1	1
-0.611	1	1
-0.612	1	1
-0.613	1	1
-0.614	1	1
-0.615	1	1
-0.616	1	1
-0.617	1	1
-0.618	1	1
-0.619	1	1
-0.62	1	1
-0.621	1	1
-0.622	1	1
-0.623	1	1
-0.624	1	1
-0.625	1	1
-0.626	1	1
-0.627	1	1
-0.628	1	1
-0.629	1	1
-0.63	1	1
-0.631	1	1
-0.632	1	1
-0.633	1	1
-0.634	1	1
-0.635	1	1
-0.636	1	1
-0.637	1	1
-0.638	1	1
-0.639	1	1
-0.64	1	1
-0.641	1	1
-0.642	1	1
-0.643	1	1
-0.644	1	1
-0.645	1	1
-0.646	1	1
-0.647	1	1
-0.648	1	1
-0.649	1	1
-0.65	1	1
-0.651	1	1
-0.652	1	1
-0.653	1	1
-0.654	1	1
-0.655	1	1
-0.656	1	1
-0.657	1	1
-0.658	1	1
-0.659	1	1
-0.66	1	1
-0.661	1	1
-0.662	1	1
-0.663	1	1
-0.664	1	1
-0.665	1	1
-0.666	1	1
-0.667	1	1
-0.668	1	1
-0.669	1	1
-0.67	1	1
-0.671	1	1
-0.672	1	1
-0.673	1	1
-0.674	1	1
-0.675	1	1
-0.676	1	1
-0.677	1	1
-0.678	1	1
-0.679	1	1
-0.68	1	1
-0.681	1	1
-0.682	1	1
-0.683	1	1
-0.684	1	1
-0.685	1	1
-0.686	1	1
-0.687	1	1
-0.688	1	1
-0.689	1	1
-0.69	1	1
-0.691	1	1
-0.692	1	1
-0.693	1	1
-0.694	1	1
-0.695	1	1
-0.696	1	1
-0.697	1	1
-0.698	1	1
-0.699	1	1
-0.7	1	1
-0.701	1	1
-0.702	1	1
-0.703	1	1
-0.704	1	1
-0.705	1	1
-0.706	1	1
-0.707	1	1
-0.708	1	1
-0.709	1	1
-0.71	1	1
-0.711	1	1
-0.712	1	1
-0.713	1	1
-0.714	1	1
-0.715	1	1
-0.716	1	1
-0.717	1	1
-0.718	1	1
-0.719	1	1
-0.72	1	1
-0.721	1	1
-0.722	1	1
-0.723	1	1
-0.724	1	1
-0.725	1	1
-0.726	1	1
-0.727	1	1
-0.728	1	1
-0.729	1	1
-0.73	1	1
-0.731	1	1
-0.732	1	1
-0.733	1	1
-0.734	1	1
-0.735	1	1
-0.736	1	1
-0.737	1	1
-0.738	1	1
-0.739	1	1
-0.74	1	1
-0.741	1	1
-0.742	1	1
-0.743	1	1
-0.744	1	1
-0.745	1	1
-0.746	1	1
-0.747	1	1
-0.748	1	1
-0.749	1	1
-0.75	1	1
-0.751	1	1
-0.752	1	1
-0.753	1	1
-0.754	1	1
-0.755	1	1
-0.756	1	1
-0.757	1	1
-0.758	1	1
-0.759	1	1
-0.76	1	1
-0.761	1	1
-0.762	1	1
-0.763	1	1
-0.764	1	1
-0.765	1	1
-0.766	1	1
-0.767	1	1
-0.768	1	1
-0.769	1	1
-0.77	1	1
-0.771	1	1
-0.772	1	1
-0.773	1	1
-0.774	1	1
-0.775	1	1
-0.776	1	1
-0.777	1	1
-0.778	1	1
-0.779	1	1
-0.78	1	1
-0.781	1	1
-0.782	1	1
-0.783	1	1
-0.784	1	1
-0.785	1	1
-0.786	1	1
-0.787	1	1
-0.788	1	1
-0.789	1	1
-0.79	1	1
-0.791	1	1
-0.792	1	1
-0.793	1	1
-0.794	1	1
-0.795	1	1
-0.796	1	1
-0.797	1	1
-0.798	1	1
-0.799	1	1
-0.8	1	1
-0.801	1	1
-0.802	1	1
-0.803	1	1
-0.804	1	1
-0.805	1	1
-0.806	1	1
-0.807	1	1
-0.808	1	1
-0.809	1	1
-0.81	1	1
-0.811	1	1
-0.812	1	1
-0.813	1	1
-0.814	1	1
-0.815	1	1
-0.816	1	1
-0.817	1	1
-0.818	1	1
-0.819	1	1
-0.82	1	1
-0.821	1	1
-0.822	1	1
-0.823	1	1
-0.824	1	1
-0.825	1	1
-0.826	1	1
-0.827	1	1
-0.828	1	1
-0.829	1	1
-0.83	1	1
-0.831	1	1
-0.832	1	1
-0.833	1	1
-0.834	1	1
-0.835	1	1
-0.836	1	1
-0.837	1	1
-0.838	1	1
-0.839	1	1
-0.84	1	1
-0.841	1	1
-0.842	1	1
-0.843	1	1
-0.844	1	1
-0.845	1	1
-0.846	1	1
-0.847	1	1
-0.848	1	1
-0.849	1	1
-0.85	1	1
-0.851	1	1
-0.852	1	1
-0.853	1	1
-0.854	1	1
-0.855	1	1
-0.856	1	1
-0.857	1	1
-0.858	1	1
-0.859	1	1
-0.86	1	1
-0.861	1	1
-0.862	1	1
-0.863	1	1
-0.864	1	1
-0.865	1	1
-0.866	1	1
-0.867	1	1
-0.868	1	1
-0.869	1	1
-0.87	1	1
-0.871	1	1
-0.872	1	1
-0.873	1	1
-0.874	1	1
-0.875	1	1
-0.876	1	1
-0.877	1	1
-0.878	1	1
-0.879	1	1
-0.88	1	1
-0.881	1	1
-0.882	1	1
-0.883	1	1
-0.884	1	1
-0.885	1	1
-0.886	1	1
-0.887	1	1
-0.888	1	1
-0.889	1	1
-0.89	1	1
-0.891	1	1
-0.892	1	1
-0.893	1	1
-0.894	1	1
-0.895	1	1
-0.896	1	1
-0.897	1	1
-0.898	1	1
-0.899	1	1
-0.9	1	1
-0.901	1	1
-0.902	1	1
-0.903	1	1
-0.904	1	1
-0.905	1	1
-0.906	1	1
-0.907	1	1
-0.908	1	1
-0.909	1	1
-0.91	1	1
-0.911	1	1
-0.912	1	1
-0.913	1	1
-0.914	1	1
-0.915	1	1
-0.916	1	1
-0.917	1	1
-0.918	1	1
-0.919	1	1
-0.92	1	1
-0.921	1	1
-0.922	1	1
-0.923	1	1
-0.924	1	1
-0.925	1	1
-0.926	1	1
-0.927	1	1
-0.928	1	1
-0.929	1	1
-0.93	1	1
-0.931	1	1
-0.932	1	1
-0.933	1	1
-0.934	1	1
-0.935	1	1
-0.936	1	1
-0.937	1	1
-0.938	1	1
-0.939	1	1
-0.94	1	1
-0.941	1	1
-0.942	1	1
-0.943	1	1
-0.944	1	1
-0.945	1	1
-0.946	1	1
-0.947	1	1
-0.948	1	1
-0.949	1	1
-0.95	1	1
-0.951	1	1
-0.952	1	1
-0.953	1	1
-0.954	1	1
-0.955	1	1
-0.956	1	1
-0.957	1	1
-0.958	1	1
-0.959	1	1
-0.96	1	1
-0.961	1	1
-0.962	1	1
-0.963	1	1
-0.964	1	1
-0.965	1	1
-0.966	1	1
-0.967	1	1
-0.968	1	1
-0.969	1	1
-0.97	1	1
-0.971	1	1
-0.972	1	1
-0.973	1	1
-0.974	1	1
-0.975	1	1
-0.976	1	1
-0.977	1	1
-0.978	1	1
-0.979	1	1
-0.98	1	1
-0.981	1	1
-0.982	1	1
-0.983	1	1
-0.984	1	1
-0.985	1	1
-0.986	1	1
-0.987	1	1
-0.988	1	1
-0.989	1	1
-0.99	1	1
-0.991	1	1
-0.992	1	1
-0.993	1	1
-0.994	1	1
-0.995	1	1
-0.996	1	1
-0.997	1	1
-0.998	1	1
-0.999	1	1
-1	1	1
