threshold	FAR	TAR
0.999	0	0
0.998	0	0
0.997	0	0
0.996	0	0
0.995	0	0
0.994	0	0
0.993	0	0
0.992	0	0
0.991	0	0
0.99	0	0
0.989	0	0
0.988	0	0
0.987	0	0
0.986	0	0
0.985	0	0
0.984	0	0
0.983	0	0
0.982	0	0
0.981	0	0
0.98	0	0
0.979	0	0
0.978	0	0
0.977	0	0
0.976	0	0
0.975	0	0
0.974	0	0
0.973	0	0
0.972	0	0
0.971	0	0
0.97	0	0
0.969	0	0
0.968	0	0
0.967	0	0
0.966	0	0.0025
0.965	0	0.0025
0.964	0	0.0025
0.963	0	0.0025
0.962	0	0.0025
0.961	0	0.0025
0.96	0	0.0025
0.959	0	0.0025
0.958	0	0.005
0.957	0	0.005
0.956	0	0.005
0.955	0	0.005
0.954	0	0.005
0.953	0	0.005
0.952	0	0.0075
0.951	0	0.0075
0.95	0	0.0075
0.949	0	0.01
0.948	0	0.01
0.947	0	0.01
0.946	0	0.01
0.945	0	0.01
0.944	0	0.01
0.943	0	0.01
0.942	0	0.01
0.941	0	0.01
0.94	2.525252525e-05	0.0125
0.939	2.525252525e-05	0.0125
0.938	2.525252525e-05	0.0125
0.937	5.050505051e-05	0.0125
0.936	7.575757576e-05	0.0125
0.935	7.575757576e-05	0.0125
0.934	7.575757576e-05	0.0125
0.933	7.575757576e-05	0.0125
0.932	7.575757576e-05	0.0125
0.931	0.000101010101	0.0125
0.93	0.000101010101	0.0125
0.929	0.0001262626263	0.0125
0.928	0.0001262626263	0.0125
0.927	0.0001262626263	0.0125
0.926	0.0001262626263	0.0125
0.925	0.0001262626263	0.0125
0.924	0.0001262626263	0.0125
0.923	0.0001767676768	0.0125
0.922	0.0001767676768	0.015
0.921	0.000202020202	0.015
0.92	0.000202020202	0.015
0.919	0.0002272727273	0.015
0.918	0.0002272727273	0.015
0.917	0.000303030303	0.015
0.916	0.000303030303	0.0175
0.915	0.0003535353535	0.0175
0.914	0.0004292929293	0.0175
0.913	0.0004797979798	0.0175
0.912	0.0005303030303	0.0175
0.911	0.0006060606061	0.02
0.91	0.0006565656566	0.02
0.909	0.0007070707071	0.02
0.908	0.0007070707071	0.02
0.907	0.0007575757576	0.0225
0.906	0.0008585858586	0.025
0.905	0.0009343434343	0.025
0.904	0.0009848484848	0.025
0.903	0.001186868687	0.025
0.902	0.001212121212	0.025
0.901	0.001363636364	0.025
0.9	0.00154040404	0.0275
0.899	0.001616161616	0.0275
0.898	0.001717171717	0.0275
0.897	0.001868686869	0.0275
0.896	0.001919191919	0.03
0.895	0.001994949495	0.0325
0.894	0.002121212121	0.0375
0.893	0.002222222222	0.0375
0.892	0.0025	0.0375
0.891	0.002601010101	0.0375
0.89	0.002777777778	0.0375
0.889	0.002954545455	0.04
0.888	0.003080808081	0.04
0.887	0.003333333333	0.04
0.886	0.003560606061	0.04
0.885	0.003712121212	0.04
0.884	0.004065656566	0.0425
0.883	0.004292929293	0.0425
0.882	0.004823232323	0.045
0.881	0.005227272727	0.045
0.88	0.005631313131	0.0475
0.879	0.005883838384	0.05
0.878	0.006136363636	0.0525
0.877	0.006439393939	0.0525
0.876	0.006767676768	0.055
0.875	0.007171717172	0.055
0.874	0.007702020202	0.0575
0.873	0.008181818182	0.0575
0.872	0.008611111111	0.06
0.871	0.00898989899	0.0625
0.87	0.009419191919	0.065
0.869	0.009848484848	0.065
0.868	0.01053030303	0.0675
0.867	0.01128787879	0.0725
0.866	0.01191919192	0.0725
0.865	0.0123989899	0.0725
0.864	0.01318181818	0.0725
0.863	0.01383838384	0.0725
0.862	0.01436868687	0.075
0.861	0.0152020202	0.0775
0.86	0.01565656566	0.0775
0.859	0.01636363636	0.0825
0.858	0.01702020202	0.085
0.857	0.01775252525	0.0875
0.856	0.01866161616	0.1
0.855	0.01934343434	0.1025
0.854	0.0201010101	0.11
0.853	0.02088383838	0.11
0.852	0.02133838384	0.1125
0.851	0.0222979798	0.1125
0.85	0.02303030303	0.1125
0.849	0.02383838384	0.1125
0.848	0.02441919192	0.115
0.847	0.0254040404	0.1175
0.846	0.02674242424	0.12
0.845	0.02757575758	0.125
0.844	0.02863636364	0.125
0.843	0.0296969697	0.125
0.842	0.03068181818	0.125
0.841	0.03171717172	0.1275
0.84	0.03262626263	0.13
0.839	0.03378787879	0.13
0.838	0.03487373737	0.1325
0.837	0.03621212121	0.135
0.836	0.03704545455	0.145
0.835	0.03856060606	0.1475
0.834	0.03957070707	0.15
0.833	0.04058080808	0.1525
0.832	0.04181818182	0.1525
0.831	0.04297979798	0.16
0.83	0.04419191919	0.1675
0.829	0.04537878788	0.17
0.828	0.04654040404	0.1725
0.827	0.04777777778	0.1725
0.826	0.04929292929	0.1725
0.825	0.05055555556	0.175
0.824	0.05176767677	0.175
0.823	0.05315656566	0.1825
0.822	0.05474747475	0.185
0.821	0.05621212121	0.19
0.82	0.05775252525	0.19
0.819	0.05919191919	0.195
0.818	0.06055555556	0.1975
0.817	0.06194444444	0.2025
0.816	0.06366161616	0.205
0.815	0.06492424242	0.205
0.814	0.06674242424	0.205
0.813	0.06803030303	0.205
0.812	0.06992424242	0.205
0.811	0.07133838384	0.205
0.81	0.07287878788	0.205
0.809	0.07444444444	0.205
0.808	0.07593434343	0.2075
0.807	0.07775252525	0.215
0.806	0.07984848485	0.215
0.805	0.08174242424	0.215
0.804	0.08353535354	0.215
0.803	0.08517676768	0.2175
0.802	0.08669191919	0.22
0.801	0.08845959596	0.2225
0.8	0.0904040404	0.2225
0.799	0.09217171717	0.2225
0.798	0.09401515152	0.2225
0.797	0.09570707071	0.2275
0.796	0.09727272727	0.2325
0.795	0.09904040404	0.2375
0.794	0.1005808081	0.2375
0.793	0.1023989899	0.24
0.792	0.1041161616	0.24
0.791	0.1063383838	0.2425
0.79	0.1082575758	0.2475
0.789	0.1103030303	0.2475
0.788	0.111969697	0.25
0.787	0.1141414141	0.255
0.786	0.1160606061	0.255
0.785	0.1183585859	0.2575
0.784	0.120530303	0.2625
0.783	0.1228030303	0.265
0.782	0.1243686869	0.2675
0.781	0.1268181818	0.27
0.78	0.1287121212	0.27
0.779	0.1308333333	0.275
0.778	0.1329292929	0.275
0.777	0.1349242424	0.2775
0.776	0.1367929293	0.2775
0.775	0.139040404	0.28
0.774	0.1412626263	0.2875
0.773	0.1432575758	0.29
0.772	0.1453787879	0.295
0.771	0.1474494949	0.2975
0.77	0.1493939394	0.3025
0.769	0.151969697	0.3025
0.768	0.1540656566	0.3075
0.767	0.1567676768	0.3125
0.766	0.1588383838	0.3125
0.765	0.1611363636	0.315
0.764	0.1636363636	0.32
0.763	0.1658080808	0.32
0.762	0.1685858586	0.325
0.761	0.170959596	0.325
0.76	0.1734343434	0.3325
0.759	0.1758585859	0.3375
0.758	0.1779545455	0.34
0.757	0.1802272727	0.35
0.756	0.1825	0.35
0.755	0.1848989899	0.35
0.754	0.1872979798	0.3525
0.753	0.1898737374	0.355
0.752	0.1922979798	0.3575
0.751	0.1948232323	0.3625
0.75	0.1973484848	0.365
0.749	0.1998484848	0.3675
0.748	0.2023989899	0.3725
0.747	0.2051262626	0.375
0.746	0.2077525253	0.375
0.745	0.2104545455	0.3775
0.744	0.2130050505	0.3775
0.743	0.2153787879	0.385
0.742	0.2178535354	0.3875
0.741	0.2198737374	0.3875
0.74	0.2222474747	0.3875
0.739	0.2246212121	0.3875
0.738	0.2271464646	0.3875
0.737	0.2299747475	0.3875
0.736	0.2325757576	0.3925
0.735	0.2346464646	0.3925
0.734	0.2371969697	0.3925
0.733	0.2400505051	0.3925
0.732	0.2430555556	0.3975
0.731	0.2459848485	0.405
0.73	0.248459596	0.4075
0.729	0.2510858586	0.4175
0.728	0.2539393939	0.4175
0.727	0.2562373737	0.4175
0.726	0.2589141414	0.4175
0.725	0.2611868687	0.4175
0.724	0.2634848485	0.4175
0.723	0.2659848485	0.42
0.722	0.2682323232	0.4225
0.721	0.2707828283	0.4225
0.72	0.2735858586	0.425
0.719	0.2764393939	0.4275
0.718	0.2788131313	0.4275
0.717	0.2818939394	0.4275
0.716	0.2846212121	0.4275
0.715	0.2868939394	0.4275
0.714	0.2898484848	0.4275
0.713	0.2921717172	0.4275
0.712	0.2946464646	0.4325
0.711	0.2970707071	0.4325
0.71	0.2992929293	0.435
0.709	0.3021969697	0.435
0.708	0.305	0.4375
0.707	0.3077020202	0.44
0.706	0.3102020202	0.4425
0.705	0.3131818182	0.4425
0.704	0.3163636364	0.445
0.703	0.3185606061	0.445
0.702	0.3212121212	0.4475
0.701	0.3241161616	0.4475
0.7	0.3264646465	0.45
0.699	0.3290151515	0.45
0.698	0.3314393939	0.4525
0.697	0.3338383838	0.4525
0.696	0.3369444444	0.455
0.695	0.3399494949	0.455
0.694	0.3422727273	0.455
0.693	0.3447474747	0.455
0.692	0.3471464646	0.455
0.691	0.3500757576	0.455
0.69	0.3534848485	0.455
0.689	0.3562878788	0.4575
0.688	0.359469697	0.46
0.687	0.3622474747	0.46
0.686	0.3650757576	0.46
0.685	0.3676767677	0.46
0.684	0.3705555556	0.465
0.683	0.3734090909	0.465
0.682	0.376010101	0.465
0.681	0.378510101	0.465
0.68	0.3810353535	0.465
0.679	0.3839393939	0.4675
0.678	0.386540404	0.47
0.677	0.3891414141	0.47
0.676	0.3916919192	0.4725
0.675	0.3941414141	0.4725
0.674	0.3969191919	0.4725
0.673	0.3994191919	0.4725
0.672	0.4023737374	0.475
0.671	0.4048737374	0.4775
0.67	0.4076515152	0.4775
0.669	0.410479798	0.4875
0.668	0.4131818182	0.4875
0.667	0.4158838384	0.495
0.666	0.4184848485	0.5
0.665	0.4210858586	0.505
0.664	0.4237626263	0.5125
0.663	0.4262626263	0.515
0.662	0.4286111111	0.515
0.661	0.4311616162	0.515
0.66	0.4334343434	0.5175
0.659	0.4358080808	0.52
0.658	0.4385858586	0.5225
0.657	0.4411111111	0.525
0.656	0.4435353535	0.525
0.655	0.4461111111	0.525
0.654	0.4486363636	0.525
0.653	0.4509090909	0.53
0.652	0.4530555556	0.535
0.651	0.4556818182	0.5375
0.65	0.4576515152	0.5425
0.649	0.4598989899	0.545
0.648	0.4625505051	0.5475
0.647	0.4652020202	0.5475
0.646	0.4676262626	0.55
0.645	0.4700757576	0.5575
0.644	0.4729292929	0.5625
0.643	0.4757323232	0.5625
0.642	0.4784343434	0.5625
0.641	0.4806313131	0.5675
0.64	0.4834848485	0.5675
0.639	0.4859343434	0.57
0.638	0.4885606061	0.57
0.637	0.4911868687	0.57
0.636	0.4935353535	0.5725
0.635	0.496010101	0.5725
0.634	0.4983080808	0.5725
0.633	0.5008838384	0.5725
0.632	0.5031313131	0.5725
0.631	0.5056565657	0.5725
0.63	0.5074494949	0.5775
0.629	0.5101767677	0.58
0.628	0.5128535354	0.58
0.627	0.5148737374	0.58
0.626	0.5169444444	0.5825
0.625	0.5194191919	0.585
0.624	0.5221717172	0.585
0.623	0.5244191919	0.5975
0.622	0.5267171717	0.6
0.621	0.5291161616	0.6025
0.62	0.5312878788	0.6025
0.619	0.533510101	0.605
0.618	0.5356565657	0.6075
0.617	0.5378030303	0.6075
0.616	0.5401767677	0.61
0.615	0.5426262626	0.6125
0.614	0.5453282828	0.6125
0.613	0.5477525253	0.6125
0.612	0.5505808081	0.6225
0.611	0.553030303	0.6225
0.61	0.5555050505	0.6225
0.609	0.5574242424	0.625
0.608	0.5591666667	0.625
0.607	0.5616414141	0.6275
0.606	0.5639393939	0.6325
0.605	0.5665656566	0.6375
0.604	0.5691161616	0.6375
0.603	0.5714141414	0.6375
0.602	0.5736111111	0.64
0.601	0.575530303	0.6425
0.6	0.5779040404	0.645
0.599	0.5804292929	0.645
0.598	0.5822474747	0.65
0.597	0.5848484848	0.655
0.596	0.5867929293	0.66
0.595	0.588989899	0.6625
0.594	0.5910858586	0.665
0.593	0.5928787879	0.665
0.592	0.5949242424	0.665
0.591	0.5974747475	0.67
0.59	0.5999242424	0.67
0.589	0.6019949495	0.6725
0.588	0.6042929293	0.675
0.587	0.6067676768	0.675
0.586	0.6091919192	0.6775
0.585	0.6118181818	0.6775
0.584	0.6136868687	0.6775
0.583	0.6154545455	0.6825
0.582	0.6177020202	0.685
0.581	0.6198484848	0.69
0.58	0.6215656566	0.6925
0.579	0.6232828283	0.695
0.578	0.6250505051	0.7
0.577	0.6273737374	0.7
0.576	0.6294191919	0.705
0.575	0.6310858586	0.705
0.574	0.6326010101	0.705
0.573	0.6348484848	0.705
0.572	0.6364141414	0.7075
0.571	0.6382828283	0.7075
0.57	0.6402525253	0.7125
0.569	0.6420454545	0.7125
0.568	0.6440909091	0.7125
0.567	0.646010101	0.715
0.566	0.6481060606	0.7175
0.565	0.6503030303	0.72
0.564	0.6520959596	0.72
0.563	0.6539646465	0.72
0.562	0.6558585859	0.72
0.561	0.6577525253	0.725
0.56	0.6596717172	0.725
0.559	0.6614141414	0.7275
0.558	0.6631818182	0.7275
0.557	0.6653535354	0.73
0.556	0.6673737374	0.7325
0.555	0.6688131313	0.735
0.554	0.6702020202	0.7375
0.553	0.6720959596	0.74
0.552	0.6737878788	0.7425
0.551	0.6756313131	0.745
0.55	0.6771717172	0.7475
0.549	0.6791414141	0.7475
0.548	0.6809090909	0.75
0.547	0.6828030303	0.75
0.546	0.6847222222	0.75
0.545	0.686540404	0.755
0.544	0.6881818182	0.755
0.543	0.6901767677	0.7575
0.542	0.6917424242	0.76
0.541	0.6931313131	0.76
0.54	0.6946969697	0.76
0.539	0.6961868687	0.76
0.538	0.6979040404	0.76
0.537	0.6996717172	0.7625
0.536	0.7012878788	0.7625
0.535	0.7033080808	0.7625
0.534	0.705	0.7625
0.533	0.7065656566	0.765
0.532	0.7084090909	0.77
0.531	0.7099747475	0.775
0.53	0.7114141414	0.775
0.529	0.7131060606	0.775
0.528	0.7147474747	0.7775
0.527	0.7162373737	0.7775
0.526	0.7179545455	0.7775
0.525	0.7198232323	0.7775
0.524	0.7216919192	0.7775
0.523	0.7232323232	0.7775
0.522	0.7249494949	0.7775
0.521	0.7264393939	0.78
0.52	0.7280808081	0.78
0.519	0.7294444444	0.78
0.518	0.7314141414	0.7825
0.517	0.7330808081	0.7825
0.516	0.7346212121	0.7825
0.515	0.7362626263	0.785
0.514	0.7378535354	0.7875
0.513	0.7393434343	0.7875
0.512	0.740530303	0.7925
0.511	0.7418181818	0.8
0.51	0.7432575758	0.8025
0.509	0.7450252525	0.805
0.508	0.7466161616	0.805
0.507	0.7482323232	0.805
0.506	0.7497474747	0.8075
0.505	0.7511868687	0.8075
0.504	0.7525252525	0.8075
0.503	0.7534090909	0.8075
0.502	0.755	0.81
0.501	0.7566161616	0.81
0.5	0.7577272727	0.81
0.499	0.7593686869	0.81
0.498	0.7606060606	0.81
0.497	0.7620454545	0.81
0.496	0.7634848485	0.8125
0.495	0.7647727273	0.8125
0.494	0.7659848485	0.8125
0.493	0.7670959596	0.8125
0.492	0.7684848485	0.815
0.491	0.7699747475	0.8175
0.49	0.7716414141	0.82
0.489	0.7729545455	0.82
0.488	0.7742171717	0.82
0.487	0.7753535354	0.82
0.486	0.7763636364	0.82
0.485	0.7777020202	0.82
0.484	0.778989899	0.82
0.483	0.7801515152	0.82
0.482	0.7813131313	0.8225
0.481	0.7826010101	0.8275
0.48	0.7839141414	0.8275
0.479	0.7853282828	0.8275
0.478	0.7865656566	0.8275
0.477	0.7878282828	0.8375
0.476	0.7889646465	0.8375
0.475	0.7901515152	0.8375
0.474	0.7915151515	0.8375
0.473	0.7925252525	0.84
0.472	0.7939141414	0.84
0.471	0.7953282828	0.84
0.47	0.796540404	0.8425
0.469	0.7976262626	0.8425
0.468	0.7987121212	0.8425
0.467	0.8	0.8425
0.466	0.8012878788	0.8425
0.465	0.8022474747	0.845
0.464	0.8031565657	0.845
0.463	0.8044949495	0.845
0.462	0.8058080808	0.845
0.461	0.8067676768	0.845
0.46	0.8080555556	0.845
0.459	0.8091919192	0.85
0.458	0.8102272727	0.8525
0.457	0.8114141414	0.8525
0.456	0.8125757576	0.8525
0.455	0.813510101	0.8525
0.454	0.8146717172	0.8525
0.453	0.8156313131	0.855
0.452	0.8168434343	0.855
0.451	0.8181060606	0.8575
0.45	0.8191919192	0.8575
0.449	0.8202020202	0.8575
0.448	0.8213888889	0.8575
0.447	0.8222979798	0.8575
0.446	0.8235858586	0.86
0.445	0.8245707071	0.86
0.444	0.8255555556	0.86
0.443	0.8266414141	0.8625
0.442	0.8276767677	0.8625
0.441	0.8286868687	0.8675
0.44	0.8296212121	0.87
0.439	0.8307828283	0.87
0.438	0.831969697	0.87
0.437	0.8329292929	0.8725
0.436	0.8341161616	0.8725
0.435	0.8352777778	0.875
0.434	0.8363131313	0.875
0.433	0.8372979798	0.875
0.432	0.8384343434	0.875
0.431	0.8391919192	0.875
0.43	0.8402525253	0.875
0.429	0.8411111111	0.875
0.428	0.8420959596	0.875
0.427	0.8429545455	0.875
0.426	0.8439141414	0.875
0.425	0.845	0.8825
0.424	0.8459848485	0.8825
0.423	0.8468686869	0.885
0.422	0.8478030303	0.885
0.421	0.8487121212	0.885
0.42	0.8493939394	0.885
0.419	0.8502272727	0.885
0.418	0.8509848485	0.8875
0.417	0.8518686869	0.89
0.416	0.8532323232	0.89
0.415	0.8539141414	0.8925
0.414	0.8548737374	0.8925
0.413	0.8556565657	0.8925
0.412	0.8563888889	0.8925
0.411	0.8570707071	0.8925
0.41	0.8578030303	0.895
0.409	0.8583080808	0.8975
0.408	0.8589141414	0.8975
0.407	0.8599494949	0.8975
0.406	0.8608333333	0.8975
0.405	0.8615656566	0.8975
0.404	0.8625252525	0.8975
0.403	0.8634090909	0.8975
0.402	0.8643181818	0.9
0.401	0.8652020202	0.9025
0.4	0.8659343434	0.9075
0.399	0.8668434343	0.9075
0.398	0.8676767677	0.9075
0.397	0.8686111111	0.9075
0.396	0.8692676768	0.9075
0.395	0.8698484848	0.9075
0.394	0.8706060606	0.9075
0.393	0.871540404	0.9075
0.392	0.8724494949	0.91
0.391	0.8729545455	0.91
0.39	0.8737121212	0.91
0.389	0.8744191919	0.91
0.388	0.8749747475	0.91
0.387	0.8758080808	0.91
0.386	0.8766666667	0.91
0.385	0.8772727273	0.915
0.384	0.8781565657	0.915
0.383	0.8788383838	0.915
0.382	0.8795707071	0.9175
0.381	0.8803535354	0.9175
0.38	0.8810606061	0.9175
0.379	0.8814646465	0.9175
0.378	0.881969697	0.9175
0.377	0.8826767677	0.9175
0.376	0.8833333333	0.9175
0.375	0.8842171717	0.9175
0.374	0.8847727273	0.92
0.373	0.8857070707	0.92
0.372	0.8863383838	0.92
0.371	0.8868434343	0.92
0.37	0.8876010101	0.92
0.369	0.8881565657	0.92
0.368	0.8886363636	0.92
0.367	0.889520202	0.92
0.366	0.8901515152	0.92
0.365	0.8906565657	0.92
0.364	0.8914393939	0.92
0.363	0.8919191919	0.92
0.362	0.8926515152	0.92
0.361	0.8932828283	0.92
0.36	0.8940909091	0.92
0.359	0.8947979798	0.92
0.358	0.8956818182	0.9225
0.357	0.8961111111	0.9225
0.356	0.8964646465	0.9225
0.355	0.8969949495	0.925
0.354	0.8976767677	0.925
0.353	0.8983080808	0.9275
0.352	0.8989646465	0.9275
0.351	0.8995959596	0.9275
0.35	0.9002020202	0.9275
0.349	0.900959596	0.9275
0.348	0.9015656566	0.93
0.347	0.9023737374	0.9325
0.346	0.9029545455	0.9325
0.345	0.9035606061	0.9325
0.344	0.9040656566	0.9325
0.343	0.9044444444	0.9325
0.342	0.9050505051	0.9325
0.341	0.905479798	0.9325
0.34	0.9061111111	0.9375
0.339	0.9066919192	0.94
0.338	0.9071212121	0.94
0.337	0.9076767677	0.94
0.336	0.9081818182	0.94
0.335	0.9087626263	0.94
0.334	0.9095707071	0.94
0.333	0.9100505051	0.94
0.332	0.9107323232	0.9425
0.331	0.9110606061	0.9425
0.33	0.9114646465	0.9425
0.329	0.9122222222	0.9425
0.328	0.9126767677	0.9425
0.327	0.9132828283	0.945
0.326	0.9138131313	0.945
0.325	0.9141919192	0.945
0.324	0.9145959596	0.945
0.323	0.9152272727	0.945
0.322	0.9156313131	0.945
0.321	0.9160606061	0.945
0.32	0.9165656566	0.945
0.319	0.9170959596	0.945
0.318	0.9178030303	0.945
0.317	0.9182828283	0.945
0.316	0.9189141414	0.945
0.315	0.9193686869	0.9475
0.314	0.9196717172	0.9475
0.313	0.9202272727	0.9475
0.312	0.9207070707	0.9475
0.311	0.9214141414	0.9475
0.31	0.922020202	0.9475
0.309	0.9225757576	0.9475
0.308	0.9230050505	0.9475
0.307	0.9234090909	0.9475
0.306	0.9238888889	0.9475
0.305	0.9244191919	0.9475
0.304	0.9251010101	0.9475
0.303	0.9257070707	0.9475
0.302	0.9261616162	0.9475
0.301	0.9266919192	0.9475
0.3	0.9270454545	0.9475
0.299	0.9272727273	0.95
0.298	0.9279040404	0.95
0.297	0.9283585859	0.95
0.296	0.9289141414	0.95
0.295	0.9292424242	0.9525
0.294	0.9295454545	0.9525
0.293	0.9298484848	0.9525
0.292	0.9301767677	0.9525
0.291	0.9306565657	0.9525
0.29	0.9310606061	0.9525
0.289	0.9315909091	0.9525
0.288	0.9321212121	0.9525
0.287	0.9326010101	0.9525
0.286	0.9330050505	0.9525
0.285	0.9333838384	0.9525
0.284	0.9338636364	0.9525
0.283	0.934520202	0.9525
0.282	0.9349242424	0.9525
0.281	0.9353787879	0.9525
0.28	0.9359090909	0.9525
0.279	0.9362121212	0.9525
0.278	0.9366414141	0.9525
0.277	0.937020202	0.9525
0.276	0.9372727273	0.9525
0.275	0.9377020202	0.9525
0.274	0.9380555556	0.9525
0.273	0.9383838384	0.9525
0.272	0.9387878788	0.9525
0.271	0.9392171717	0.9525
0.27	0.9396969697	0.9525
0.269	0.9401262626	0.9525
0.268	0.940479798	0.955
0.267	0.9410858586	0.955
0.266	0.9412626263	0.955
0.265	0.9416161616	0.955
0.264	0.9419191919	0.955
0.263	0.9422727273	0.955
0.262	0.9425757576	0.955
0.261	0.9430050505	0.955
0.26	0.9433585859	0.9575
0.259	0.9437121212	0.9575
0.258	0.943989899	0.9575
0.257	0.9443181818	0.96
0.256	0.9446464646	0.96
0.255	0.945	0.96
0.254	0.9451767677	0.96
0.253	0.9455050505	0.96
0.252	0.9458838384	0.96
0.251	0.9461363636	0.96
0.25	0.946540404	0.96
0.249	0.9468181818	0.96
0.248	0.9471969697	0.96
0.247	0.9477020202	0.96
0.246	0.9479292929	0.96
0.245	0.9482070707	0.96
0.244	0.9487121212	0.96
0.243	0.9491414141	0.96
0.242	0.9495454545	0.9625
0.241	0.9499747475	0.965
0.24	0.9502525253	0.965
0.239	0.9505808081	0.965
0.238	0.9509343434	0.965
0.237	0.9511868687	0.965
0.236	0.951489899	0.965
0.235	0.9519444444	0.965
0.234	0.9523989899	0.965
0.233	0.9526010101	0.965
0.232	0.9530050505	0.965
0.231	0.9532575758	0.9675
0.23	0.9536111111	0.9675
0.229	0.9540656566	0.9675
0.228	0.9544444444	0.97
0.227	0.9548989899	0.97
0.226	0.9551515152	0.97
0.225	0.9554292929	0.97
0.224	0.9558585859	0.97
0.223	0.9560858586	0.97
0.222	0.9564393939	0.97
0.221	0.9567171717	0.97
0.22	0.9569191919	0.97
0.219	0.9571212121	0.97
0.218	0.9573484848	0.97
0.217	0.9577272727	0.97
0.216	0.9581565657	0.97
0.215	0.9584090909	0.97
0.214	0.9587121212	0.97
0.213	0.9588888889	0.97
0.212	0.9591666667	0.97
0.211	0.9594191919	0.97
0.21	0.9597222222	0.97
0.209	0.9598989899	0.97
0.208	0.9601515152	0.97
0.207	0.9604545455	0.97
0.206	0.9609090909	0.97
0.205	0.9612373737	0.97
0.204	0.9616414141	0.97
0.203	0.9618434343	0.97
0.202	0.9621212121	0.9725
0.201	0.9624242424	0.9725
0.2	0.9626010101	0.9725
0.199	0.963030303	0.9725
0.198	0.9633585859	0.9725
0.197	0.9636616162	0.975
0.196	0.9641161616	0.975
0.195	0.9644191919	0.975
0.194	0.9646212121	0.975
0.193	0.9648989899	0.975
0.192	0.9651010101	0.975
0.191	0.9653787879	0.975
0.19	0.9658333333	0.975
0.189	0.9661868687	0.975
0.188	0.9665909091	0.975
0.187	0.9667424242	0.975
0.186	0.9669949495	0.975
0.185	0.9672979798	0.975
0.184	0.9675252525	0.975
0.183	0.9678787879	0.975
0.182	0.9681313131	0.975
0.181	0.9684343434	0.975
0.18	0.9687373737	0.975
0.179	0.9689393939	0.975
0.178	0.9692171717	0.975
0.177	0.9694191919	0.975
0.176	0.9698484848	0.975
0.175	0.9701010101	0.975
0.174	0.9704545455	0.975
0.173	0.9707323232	0.975
0.172	0.970959596	0.975
0.171	0.9711111111	0.975
0.17	0.9712626263	0.975
0.169	0.9715656566	0.975
0.168	0.9718939394	0.975
0.167	0.9720454545	0.975
0.166	0.9722222222	0.975
0.165	0.9723232323	0.975
0.164	0.9724494949	0.975
0.163	0.9727020202	0.975
0.162	0.9730050505	0.975
0.161	0.9733333333	0.975
0.16	0.9736616162	0.975
0.159	0.9738131313	0.975
0.158	0.9742676768	0.975
0.157	0.9744949495	0.975
0.156	0.9746212121	0.975
0.155	0.9749747475	0.975
0.154	0.9751767677	0.975
0.153	0.9754292929	0.975
0.152	0.9755808081	0.9775
0.151	0.975959596	0.9775
0.15	0.9761868687	0.9825
0.149	0.976540404	0.985
0.148	0.9768434343	0.985
0.147	0.9770454545	0.985
0.146	0.9773989899	0.985
0.145	0.9777525253	0.985
0.144	0.9780808081	0.985
0.143	0.9783333333	0.985
0.142	0.9784848485	0.985
0.141	0.9786363636	0.985
0.14	0.9788888889	0.985
0.139	0.979040404	0.985
0.138	0.9793434343	0.985
0.137	0.9795454545	0.985
0.136	0.9798737374	0.985
0.135	0.9801767677	0.985
0.134	0.980479798	0.9875
0.133	0.9806313131	0.9875
0.132	0.9809343434	0.99
0.131	0.9811111111	0.99
0.13	0.9813383838	0.99
0.129	0.9816666667	0.99
0.128	0.982020202	0.99
0.127	0.9821464646	0.99
0.126	0.9822979798	0.99
0.125	0.9825757576	0.99
0.124	0.9828030303	0.99
0.123	0.983030303	0.99
0.122	0.9833333333	0.99
0.121	0.9835606061	0.9925
0.12	0.9838131313	0.9925
0.119	0.9841414141	0.9925
0.118	0.9842424242	0.9925
0.117	0.9844949495	0.9925
0.116	0.9846969697	0.9925
0.115	0.9850505051	0.9925
0.114	0.9853030303	0.9925
0.113	0.9856060606	0.9925
0.112	0.9858585859	0.9925
0.111	0.9861111111	0.9925
0.11	0.9864141414	0.9925
0.109	0.9866666667	0.9925
0.108	0.9869191919	0.9925
0.107	0.9870707071	0.9925
0.106	0.9871717172	0.9925
0.105	0.9875	0.9925
0.104	0.9877020202	0.9925
0.103	0.9879292929	0.9925
0.102	0.9882323232	0.9925
0.101	0.9885858586	0.9925
0.1	0.9888636364	0.9925
0.099	0.989040404	0.9925
0.098	0.9892676768	0.9925
0.097	0.9893686869	0.9925
0.096	0.989520202	0.9925
0.095	0.9896717172	0.9925
0.094	0.9897474747	0.9925
0.093	0.9900757576	0.9925
0.092	0.9903282828	0.9925
0.091	0.9905808081	0.9925
0.09	0.9907828283	0.9925
0.089	0.9909848485	0.9925
0.088	0.9911868687	0.9925
0.087	0.9913383838	0.9925
0.086	0.9914141414	0.9925
0.085	0.9916414141	0.9925
0.084	0.9919191919	0.9925
0.083	0.9919949495	0.9925
0.082	0.9922474747	0.9925
0.081	0.9924747475	0.995
0.08	0.9927272727	0.995
0.079	0.9929292929	0.995
0.078	0.9931313131	0.995
0.077	0.9933585859	0.995
0.076	0.993510101	0.995
0.075	0.9936868687	0.995
0.074	0.9938383838	0.995
0.073	0.993989899	0.995
0.072	0.9941161616	0.995
0.071	0.9941666667	0.995
0.07	0.9944444444	0.995
0.069	0.9946464646	0.995
0.068	0.9948232323	0.995
0.067	0.9949747475	0.995
0.066	0.9951767677	0.995
0.065	0.9954292929	0.995
0.064	0.9956565657	0.995
0.063	0.9957828283	0.995
0.062	0.9960606061	0.995
0.061	0.9962373737	0.995
0.06	0.9964141414	0.995
0.059	0.9965151515	0.995
0.058	0.9966161616	0.995
0.057	0.9967424242	0.995
0.056	0.9967929293	0.995
0.055	0.996969697	0.995
0.054	0.9970707071	0.995
0.053	0.9971969697	0.995
0.052	0.9972979798	0.995
0.051	0.9973737374	0.9975
0.05	0.9974747475	0.9975
0.049	0.9975252525	0.9975
0.048	0.9975252525	0.9975
0.047	0.9976767677	0.9975
0.046	0.9978030303	1
0.045	0.9978787879	1
0.044	0.9980050505	1
0.043	0.9981565657	1
0.042	0.9982575758	1
0.041	0.9983080808	1
0.04	0.9983333333	1
0.039	0.9984090909	1
0.038	0.9984343434	1
0.037	0.9985353535	1
0.036	0.9986616162	1
0.035	0.9987373737	1
0.034	0.9989141414	1
0.033	0.9989393939	1
0.032	0.9990151515	1
0.031	0.9990909091	1
0.03	0.9990909091	1
0.029	0.9991666667	1
0.028	0.9991666667	1
0.027	0.9992424242	1
0.026	0.9992676768	1
0.025	0.9992676768	1
0.024	0.9993686869	1
0.023	0.9993939394	1
0.022	0.9994191919	1
0.021	0.9994949495	1
0.02	0.9995707071	1
0.019	0.9996464646	1
0.018	0.9996717172	1
0.017	0.9996969697	1
0.016	0.9997474747	1
0.015	0.9997474747	1
0.014	0.9997727273	1
0.013	0.9997979798	1
0.012	0.9997979798	1
0.011	0.9997979798	1
0.01	0.9997979798	1
0.009	0.9997979798	1
0.008	0.9998484848	1
0.007	0.9998484848	1
0.006	0.9998484848	1
0.005	0.9998484848	1
0.004	0.9998484848	1
0.003	0.9998484848	1
0.002	0.9998484848	1
0.001	0.9998484848	1
0	0.9998484848	1
-0.001	0.9998484848	1
-0.002	0.9998484848	1
-0.003	0.9998737374	1
-0.004	0.9998737374	1
-0.005	0.9998989899	1
-0.006	0.9998989899	1
-0.007	0.9998989899	1
-0.008	0.9999242424	1
-0.009	0.9999494949	1
-0.01	0.9999494949	1
-0.011	0.9999494949	1
-0.012	0.9999494949	1
-0.013	0.9999494949	1
-0.014	0.9999494949	1
-0.015	0.9999494949	1
-0.016	0.9999494949	1
-0.017	0.9999494949	1
-0.018	0.9999747475	1
-0.019	1	1
-0.02	1	1
-0.021	1	1
-0.022	1	1
-0.023	1	1
-0.024	1	1
-0.025	1	1
-0.026	1	1
-0.027	1	1
-0.028	1	1
-0.029	1	1
-0.03	1	1
-0.031	1	1
-0.032	1	1
-0.033	1	1
-0.034	1	1
-0.035	1	1
-0.036	1	1
-0.037	1	1
-0.038	1	1
-0.039	1	1
-0.04	1	1
-0.041	1	1
-0.042	1	1
-0.043	1	1
-0.044	1	1
-0.045	1	1
-0.046	1	1
-0.047	1	1
-0.048	1	1
-0.049	1	1
-0.05	1	1
-0.051	1	1
-0.052	1	1
-0.053	1	1
-0.054	1	1
-0.055	1	1
-0.056	1	1
-0.057	1	1
-0.058	1	1
-0.059	1	1
-0.06	1	1
-0.061	1	1
-0.062	1	1
-0.063	1	1
-0.064	1	1
-0.065	1	1
-0.066	1	1
-0.067	1	1
-0.068	1	1
-0.069	1	1
-0.07	1	1
-0.071	1	1
-0.072	1	1
-0.073	1	1
-0.074	1	1
-0.075	1	1
-0.076	1	1
-0.077	1	1
-0.078	1	1
-0.079	1	1
-0.08	1	1
-0.081	1	1
-0.082	1	1
-0.083	1	1
-0.084	1	1
-0.085	1	1
-0.086	1	1
-0.087	1	1
-0.088	1	1
-0.089	1	1
-0.09	1	1
-0.091	1	1
-0.092	1	1
-0.093	1	1
-0.094	1	1
-0.095	1	1
-0.096	1	1
-0.097	1	1
-0.098	1	1
-0.099	1	1
-0.1	1	1
-0.101	1	1
-0.102	1	1
-0.103	1	1
-0.104	1	1
-0.105	1	1
-0.106	1	1
-0.107	1	1
-0.108	1	1
-0.109	1	1
-0.11	1	1
-0.111	1	1
-0.112	1	1
-0.113	1	1
-0.114	1	1
-0.115	1	1
-0.116	1	1
-0.117	1	1
-0.118	1	1
-0.119	1	1
-0.12	1	1
-0.121	1	1
-0.122	1	1
-0.123	1	1
-0.124	1	1
-0.125	1	1
-0.126	1	1
-0.127	1	1
-0.128	1	1
-0.129	1	1
-0.13	1	1
-0.131	1	1
-0.132	1	1
-0.133	1	1
-0.134	1	1
-0.135	1	1
-0.136	1	1
-0.137	1	1
-0.138	1	1
-0.139	1	1
-0.14	1	1
-0.141	1	1
-0.142	1	1
-0.143	1	1
-0.144	1	1
-0.145	1	1
-0.146	1	1
-0.147	1	1
-0.148	1	1
-0.149	1	1
-0.15	1	1
-0.151	1	1
-0.152	1	1
-0.153	1	1
-0.154	1	1
-0.155	1	1
-0.156	1	1
-0.157	1	1
-0.158	1	1
-0.159	1	1
-0.16	1	1
-0.161	1	1
-0.162	1	1
-0.163	1	1
-0.164	1	1
-0.165	1	1
-0.166	1	1
-0.167	1	1
-0.168	1	1
-0.169	1	1
-0.17	1	1
-0.171	1	1
-0.172	1	1
-0.173	1	1
-0.174	1	1
-0.175	1	1
-0.176	1	1
-0.177	1	1
-0.178	1	1
-0.179	1	1
-0.18	1	1
-0.181	1	1
-0.182	1	1
-0.183	1	1
-0.184	1	1
-0.185	1	1
-0.186	1	1
-0.187	1	1
-0.188	1	1
-0.189	1	1
-0.19	1	1
-0.191	1	1
-0.192	1	1
-0.193	1	1
-0.194	1	1
-0.195	1	1
-0.196	1	1
-0.197	1	1
-0.198	1	1
-0.199	1	1
-0.2	1	1
-0.201	1	1
-0.202	1	1
-0.203	1	1
-0.204	1	1
-0.205	1	1
-0.206	1	1
-0.207	1	1
-0.208	1	1
-0.209	1	1
-0.21	1	1
-0.211	1	1
-0.212	1	1
-0.213	1	1
-0.214	1	1
-0.215	1	1
-0.216	1	1
-0.217	1	1
-0.218	1	1
-0.219	1	1
-0.22	1	1
-0.221	1	1
-0.222	1	1
-0.223	1	1
-0.224	1	1
-0.225	1	1
-0.226	1	1
-0.227	1	1
-0.228	1	1
-0.229	1	1
-0.23	1	1
-0.231	1	1
-0.232	1	1
-0.233	1	1
-0.234	1	1
-0.235	1	1
-0.236	1	1
-0.237	1	1
-0.238	1	1
-0.239	1	1
-0.24	1	1
-0.241	1	1
-0.242	1	1
-0.243	1	1
-0.244	1	1
-0.245	1	1
-0.246	1	1
-0.247	1	1
-0.248	1	1
-0.249	1	1
-0.25	1	1
-0.251	1	1
-0.252	1	1
-0.253	1	1
-0.254	1	1
-0.255	1	1
-0.256	1	1
-0.257	1	1
-0.258	1	1
-0.259	1	1
-0.26	1	1
-0.261	1	1
-0.262	1	1
-0.263	1	1
-0.264	1	1
-0.265	1	1
-0.266	1	1
-0.267	1	1
-0.268	1	1
-0.269	1	1
-0.27	1	1
-0.271	1	1
-0.272	1	1
-0.273	1	1
-0.274	1	1
-0.275	1	1
-0.276	1	1
-0.277	1	1
-0.278	1	1
-0.279	1	1
-0.28	1	1
-0.281	1	1
-0.282	1	1
-0.283	1	1
-0.284	1	1
-0.285	1	1
-0.286	1	1
-0.287	1	1
-0.288	1	1
-0.289	1	1
-0.29	1	1
-0.291	1	1
-0.292	1	1
-0.293	1	1
-0.294	1	1
-0.295	1	1
-0.296	1	1
-0.297	1	1
-0.298	1	1
-0.299	1	1
-0.3	1	1
-0.301	1	1
-0.302	1	1
-0.303	1	1
-0.304	1	1
-0.305	1	1
-0.306	1	1
-0.307	1	1
-0.308	1	1
-0.309	1	1
-0.31	1	1
-0.311	1	1
-0.312	1	1
-0.313	1	1
-0.314	1	1
-0.315	1	1
-0.316	1	1
-0.317	1	1
-0.318	1	1
-0.319	1	1
-0.32	1	1
-0.321	1	1
-0.322	1	1
-0.323	1	1
-0.324	1	1
-0.325	1	1
-0.326	1	1
-0.327	1	1
-0.328	1	1
-0.329	1	1
-0.33	1	1
-0.331	1	1
-0.332	1	1
-0.333	1	1
-0.334	1	1
-0.335	1	1
-0.336	1	1
-0.337	1	1
-0.338	1	1
-0.339	1	1
-0.34	1	1
-0.341	1	1
-0.342	1	1
-0.343	1	1
-0.344	1	1
-0.345	1	1
-0.346	1	1
-0.347	1	1
-0.348	1	1
-0.349	1	1
-0.35	1	1
-0.351	1	1
-0.352	1	1
-0.353	1	1
-0.354	1	1
-0.355	1	1
-0.356	1	1
-0.357	1	1
-0.358	1	1
-0.359	1	1
-0.36	1	1
-0.361	1	1
-0.362	1	1
-0.363	1	1
-0.364	1	1
-0.365	1	1
-0.366	1	1
-0.367	1	1
-0.368	1	1
-0.369	1	1
-0.37	1	1
-0.371	1	1
-0.372	1	1
-0.373	1	1
-0.374	1	1
-0.375	1	1
-0.376	1	1
-0.377	1	1
-0.378	1	1
-0.379	1	1
-0.38	1	1
-0.381	1	1
-0.382	1	1
-0.383	1	1
-0.384	1	1
-0.385	1	1
-0.386	1	1
-0.387	1	1
-0.388	1	1
-0.389	1	1
-0.39	1	1
-0.391	1	1
-0.392	1	1
-0.393	1	1
-0.394	1	1
-0.395	1	1
-0.396	1	1
-0.397	1	1
-0.398	1	1
-0.399	1	1
-0.4	1	1
-0.401	1	1
-0.402	1	1
-0.403	1	1
-0.404	1	1
-0.405	1	1
-0.406	1	1
-0.407	1	1
-0.408	1	1
-0.409	1	1
-0.41	1	1
-0.411	1	1
-0.412	1	1
-0.413	1	1
-0.414	1	1
-0.415	1	1
-0.416	1	1
-0.417	1	1
-0.418	1	1
-0.419	1	1
-0.42	1	1
-0.421	1	1
-0.422	1	1
-0.423	1	1
-0.424	1	1
-0.425	1	1
-0.426	1	1
-0.427	1	1
-0.428	1	1
-0.429	1	1
-0.43	1	1
-0.431	1	1
-0.432	1	1
-0.433	1	1
-0.434	1	1
-0.435	1	1
-0.436	1	1
-0.437	1	1
-0.438	1	1
-0.439	1	1
-0.44	1	1
-0.441	1	1
-0.442	1	1
-0.443	1	1
-0.444	1	1
-0.445	1	1
-0.446	1	1
-0.447	1	1
-0.448	1	1
-0.449	1	1
-0.45	1	1
-0.451	1	1
-0.452	1	1
-0.453	1	1
-0.454	1	1
-0.455	1	1
-0.456	1	1
-0.457	1	1
-0.458	1	1
-0.459	1	1
-0.46	1	1
-0.461	1	1
-0.462	1	1
-0.463	1	1
-0.464	1	1
-0.465	1	1
-0.466	1	1
-0.467	1	1
-0.468	1	1
-0.469	1	1
-0.47	1	1
-0.471	1	1
-0.472	1	1
-0.473	1	1
-0.474	1	1
-0.475	1	1
-0.476	1	1
-0.477	1	1
-0.478	1	1
-0.479	1	1
-0.48	1	1
-0.481	1	1
-0.482	1	1
-0.483	1	1
-0.484	1	1
-0.485	1	1
-0.486	1	1
-0.487	1	1
-0.488	1	1
-0.489	1	1
-0.49	1	1
-0.491	1	1
-0.492	1	1
-0.493	1	1
-0.494	1	1
-0.495	1	1
-0.496	1	1
-0.497	1	1
-0.498	1	1
-0.499	1	1
-0.5	1	1
-0.501	1	1
-0.502	1	1
-0.503	1	1
-0.504	1	1
-0.505	1	1
-0.506	1	1
-0.507	1	1
-0.508	1	1
-0.509	1	1
-0.51	1	1
-0.511	1	1
-0.512	1	1
-0.513	1	1
-0.514	1	1
-0.515	1	1
-0.516	1	1
-0.517	1	1
-0.518	1	1
-0.519	1	1
-0.52	1	1
-0.521	1	1
-0.522	1	1
-0.523	1	1
-0.524	1	1
-0.525	1	1
-0.526	1	1
-0.527	1	1
-0.528	1	1
-0.529	1	1
-0.53	1	1
-0.531	1	1
-0.532	1	1
-0.533	1	1
-0.534	1	1
-0.535	1	1
-0.536	1	1
-0.537	1	1
-0.538	1	1
-0.539	1	1
-0.54	1	1
-0.541	1	1
-0.542	1	1
-0.543	1	1
-0.544	1	1
-0.545	1	1
-0.546	1	1
-0.547	1	1
-0.548	1	1
-0.549	1	1
-0.55	1	1
-0.551	1	1
-0.552	1	1
-0.553	1	1
-0.554	1	1
-0.555	1	1
-0.556	1	1
-0.557	1	1
-0.558	1	1
-0.559	1	1
-0.56	1	1
-0.561	1	1
-0.562	1	1
-0.563	1	1
-0.564	1	1
-0.565	1	1
-0.566	1	1
-0.567	1	1
-0.568	1	1
-0.569	1	1
-0.57	1	1
-0.571	1	1
-0.572	1	1
-0.573	1	1
-0.574	1	1
-0.575	1	1
-0.576	1	1
-0.577	1	1
-0.578	1	1
-0.579	1	1
-0.58	1	1
-0.581	1	1
-0.582	1	1
-0.583	1	1
-0.584	1	1
-0.585	1	1
-0.586	1	1
-0.587	1	1
-0.588	1	1
-0.589	1	1
-0.59	1	1
-0.591	1	1
-0.592	1	1
-0.593	1	1
-0.594	1	1
-0.595	1	1
-0.596	1	1
-0.597	1	1
-0.598	1	1
-0.599	1	1
-0.6	1	1
-0.601	1	1
-0.602	1	1
-0.603	1	1
-0.604	1	1
-0.605	1	1
-0.606	1	1
-0.607	1	1
-0.608	1	1
-0.609	1	1
-0.61	1	1
-0.611	1	1
-0.612	1	1
-0.613	1	1
-0.614	1	1
-0.615	1	1
-0.616	1	1
-0.617	1	1
-0.618	1	1
-0.619	1	1
-0.62	1	1
-0.621	1	1
-0.622	1	1
-0.623	1	1
-0.624	1	1
-0.625	1	1
-0.626	1	1
-0.627	1	1
-0.628	1	1
-0.629	1	1
-0.63	1	1
-0.631	1	1
-0.632	1	1
-0.633	1	1
-0.634	1	1
-0.635	1	1
-0.636	1	1
-0.637	1	1
-0.638	1	1
-0.639	1	1
-0.64	1	1
-0.641	1	1
-0.642	1	1
-0.643	1	1
-0.644	1	1
-0.645	1	1
-0.646	1	1
-0.647	1	1
-0.648	1	1
-0.649	1	1
-0.65	1	1
-0.651	1	1
-0.652	1	1
-0.653	1	1
-0.654	1	1
-0.655	1	1
-0.656	1	1
-0.657	1	1
-0.658	1	1
-0.659	1	1
-0.66	1	1
-0.661	1	1
-0.662	1	1
-0.663	1	1
-0.664	1	1
-0.665	1	1
-0.666	1	1
-0.667	1	1
-0.668	1	1
-0.669	1	1
-0.67	1	1
-0.671	1	1
-0.672	1	1
-0.673	1	1
-0.674	1	1
-0.675	1	1
-0.676	1	1
-0.677	1	1
-0.678	1	1
-0.679	1	1
-0.68	1	1
-0.681	1	1
-0.682	1	1
-0.683	1	1
-0.684	1	1
-0.685	1	1
-0.686	1	1
-0.687	1	1
-0.688	1	1
-0.689	1	1
-0.69	1	1
-0.691	1	1
-0.692	1	1
-0.693	1	1
-0.694	1	1
-0.695	1	1
-0.696	1	1
-0.697	1	1
-0.698	1	1
-0.699	1	1
-0.7	1	1
-0.701	1	1
-0.702	1	1
-0.703	1	1
-0.704	1	1
-0.705	1	1
-0.706	1	1
-0.707	1	1
-0.708	1	1
-0.709	1	1
-0.71	1	1
-0.711	1	1
-0.712	1	1
-0.713	1	1
-0.714	1	1
-0.715	1	1
-0.716	1	1
-0.717	1	1
-0.718	1	1
-0.719	1	1
-0.72	1	1
-0.721	1	1
-0.722	1	1
-0.723	1	1
-0.724	1	1
-0.725	1	1
-0.726	1	1
-0.727	1	1
-0.728	1	1
-0.729	1	1
-0.73	1	1
-0.731	1	1
-0.732	1	1
-0.733	1	1
-0.734	1	1
-0.735	1	1
-0.736	1	1
-0.737	1	1
-0.738	1	1
-0.739	1	1
-0.74	1	1
-0.741	1	1
-0.742	1	1
-0.743	1	1
-0.744	1	1
-0.745	1	1
-0.746	1	1
-0.747	1	1
-0.748	1	1
-0.749	1	1
-0.75	1	1
-0.751	1	1
-0.752	1	1
-0.753	1	1
-0.754	1	1
-0.755	1	1
-0.756	1	1
-0.757	1	1
-0.758	1	1
-0.759	1	1
-0.76	1	1
-0.761	1	1
-0.762	1	1
-0.763	1	1
-0.764	1	1
-0.765	1	1
-0.766	1	1
-0.767	1	1
-0.768	1	1
-0.769	1	1
-0.77	1	1
-0.771	1	1
-0.772	1	1
-0.773	1	1
-0.774	1	1
-0.775	1	1
-0.776	1	1
-0.777	1	1
-0.778	1	1
-0.779	1	1
-0.78	1	1
-0.781	1	1
-0.782	1	1
-0.783	1	1
-0.784	1	1
-0.785	1	1
-0.786	1	1
-0.787	1	1
-0.788	1	1
-0.789	1	1
-0.79	1	1
-0.791	1	1
-0.792	1	1
-0.793	1	1
-0.794	1	1
-0.795	1	1
-0.796	1	1
-0.797	1	1
-0.798	1	1
-0.799	1	1
-0.8	1	1
-0.801	1	1
-0.802	1	1
-0.803	1	1
-0.804	1	1
-0.805	1	1
-0.806	1	1
-0.807	1	1
-0.808	1	1
-0.809	1	1
-0.81	1	1
-0.811	1	1
-0.812	1	1
-0.813	1	1
-0.814	1	1
-0.815	1	1
-0.816	1	1
-0.817	1	1
-0.818	1	1
-0.819	1	1
-0.82	1	1
-0.821	1	1
-0.822	1	1
-0.823	1	1
-0.824	1	1
-0.825	1	1
-0.826	1	1
-0.827	1	1
-0.828	1	1
-0.829	1	1
-0.83	1	1
-0.831	1	1
-0.832	1	1
-0.833	1	1
-0.834	1	1
-0.835	1	1
-0.836	1	1
-0.837	1	1
-0.838	1	1
-0.839	1	1
-0.84	1	1
-0.841	1	1
-0.842	1	1
-0.843	1	1
-0.844	1	1
-0.845	1	1
-0.846	1	1
-0.847	1	1
-0.848	1	1
-0.849	1	1
-0.85	1	1
-0.851	1	1
-0.852	1	1
-0.853	1	1
-0.854	1	1
-0.855	1	1
-0.856	1	1
-0.857	1	1
-0.858	1	1
-0.859	1	1
-0.86	1	1
-0.861	1	1
-0.862	1	1
-0.863	1	1
-0.864	1	1
-0.865	1	1
-0.866	1	1
-0.867	1	1
-0.868	1	1
-0.869	1	1
-0.87	1	1
-0.871	1	1
-0.872	1	1
-0.873	1	1
-0.874	1	1
-0.875	1	1
-0.876	1	1
-0.877	1	1
-0.878	1	1
-0.879	1	1
-0.88	1	1
-0.881	1	1
-0.882	1	1
-0.883	1	1
-0.884	1	1
-0.885	1	1
-0.886	1	1
-0.887	1	1
-0.888	1	1
-0.889	1	1
-0.89	1	1
-0.891	1	1
-0.892	1	1
-0.893	1	1
-0.894	1	1
-0.895	1	1
-0.896	1	1
-0.897	1	1
-0.898	1	1
-0.899	1	1
-0.9	1	1
-0.901	1	1
-0.902	1	1
-0.903	1	1
-0.904	1	1
-0.905	1	1
-0.906	1	1
-0.907	1	1
-0.908	1	1
-0.909	1	1
-0.91	1	1
-0.911	1	1
-0.912	1	1
-0.913	1	1
-0.914	1	1
-0.915	1	1
-0.916	1	1
-0.917	1	1
-0.918	1	1
-0.919	1	1
-0.92	1	1
-0.921	1	1
-0.922	1	1
-0.923	1	1
-0.924	1	1
-0.925	1	1
-0.926	1	1
-0.927	1	1
-0.928	1	1
-0.929	1	1
-0.93	1	1
-0.931	1	1
-0.932	1	1
-0.933	1	1
-0.934	1	1
-0.935	1	1
-0.936	1	1
-0.937	1	1
-0.938	1	1
-0.939	1	1
-0.94	1	1
-0.941	1	1
-0.942	1	1
-0.943	1	1
-0.944	1	1
-0.945	1	1
-0.946	1	1
-0.947	1	1
-0.948	1	1
-0.949	1	1
-0.95	1	1
-0.951	1	1
-0.952	1	1
-0.953	1	1
-0.954	1	1
-0.955	1	1
-0.956	1	1
-0.957	1	1
-0.958	1	1
-0.959	1	1
-0.96	1	1
-0.961	1	1
-0.962	1	1
-0.963	1	1
-0.964	1	1
-0.965	1	1
-0.966	1	1
-0.967	1	1
-0.968	1	1
-0.969	1	1
-0.97	1	1
-0.971	1	1
-0.972	1	1
-0.973	1	1
-0.974	1	1
-0.975	1	1
-0.976	1	1
-0.977	1	1
-0.978	1	1
-0.979	1	1
-0.98	1	1
-0.981	1	1
-0.982	1	1
-0.983	1	1
-0.984	1	1
-0.985	1	1
-0.986	1	1
-0.987	1	1
-0.988	1	1
-0.989	1	1
-0.99	1	1
-0.991	1	1
-0.992	1	1
-0.993	1	1
-0.994	1	1
-0.995	1	1
-0.996	1	1
-0.997	1	1
-0.998	1	1
-0.999	1	1
-1	1	1
