threshold	FAR	TAR
0.999	0	0.0001052742394
0.998	0	0.0001052742394
0.997	0	0.0001052742394
0.996	0	0.0001052742394
0.995	0	0.0001052742394
0.994	0	0.0001052742394
0.993	0	0.0001052742394
0.992	0	0.0001052742394
0.991	0	0.0001052742394
0.99	0	0.0001052742394
0.989	0	0.0001052742394
0.988	0	0.0001052742394
0.987	0	0.0001052742394
0.986	0	0.0001052742394
0.985	0	0.0001052742394
0.984	0	0.0001052742394
0.983	0	0.0001052742394
0.982	0	0.0001052742394
0.981	0	0.0001052742394
0.98	0	0.0001052742394
0.979	0	0.0001052742394
0.978	0	0.0001052742394
0.977	0	0.0001052742394
0.976	0	0.0002105484788
0.975	0	0.0002105484788
0.974	0	0.0002105484788
0.973	0	0.0002105484788
0.972	0	0.0002105484788
0.971	0	0.0002105484788
0.97	0	0.0002105484788
0.969	0	0.0002105484788
0.968	0	0.0002105484788
0.967	0	0.0002105484788
0.966	0	0.0002105484788
0.965	0	0.0002105484788
0.964	0	0.0002105484788
0.963	0	0.0002105484788
0.962	0	0.0002105484788
0.961	0	0.0003158227182
0.96	0	0.0003158227182
0.959	0	0.0004210969576
0.958	0	0.0004210969576
0.957	0	0.0004210969576
0.956	0	0.000526371197
0.955	0	0.000526371197
0.954	0	0.0006316454364
0.953	0	0.0006316454364
0.952	0	0.0006316454364
0.951	0	0.0006316454364
0.95	0	0.0006316454364
0.949	0	0.0007369196758
0.948	0	0.0007369196758
0.947	0	0.0007369196758
0.946	0	0.0007369196758
0.945	0	0.0007369196758
0.944	0	0.0007369196758
0.943	0	0.0008421939151
0.942	0	0.0008421939151
0.941	0	0.0008421939151
0.94	0	0.0008421939151
0.939	0	0.0008421939151
0.938	0	0.0008421939151
0.937	0	0.0008421939151
0.936	0	0.0008421939151
0.935	0	0.0009474681545
0.934	0	0.001052742394
0.933	0	0.001052742394
0.932	0	0.001052742394
0.931	0	0.001158016633
0.93	0	0.001263290873
0.929	0	0.001263290873
0.928	0	0.001263290873
0.927	0	0.001473839352
0.926	0	0.001473839352
0.925	0	0.001473839352
0.924	0	0.001579113591
0.923	0	0.001579113591
0.922	0	0.001579113591
0.921	0	0.001579113591
0.92	0	0.001579113591
0.919	0	0.00168438783
0.918	0	0.00168438783
0.917	0	0.00178966207
0.916	0	0.00178966207
0.915	0	0.00178966207
0.914	0	0.00178966207
0.913	0	0.001894936309
0.912	0	0.001894936309
0.911	0	0.001894936309
0.91	0	0.002000210548
0.909	0	0.002105484788
0.908	0	0.002210759027
0.907	0	0.002210759027
0.906	0	0.002210759027
0.905	0	0.002316033267
0.904	0	0.002421307506
0.903	0	0.002631855985
0.902	0	0.002631855985
0.901	0	0.002737130224
0.9	0	0.002947678703
0.899	0	0.003052952942
0.898	0	0.003052952942
0.897	0	0.003263501421
0.896	0	0.003263501421
0.895	0	0.0034740499
0.894	0	0.003579324139
0.893	0	0.003579324139
0.892	0	0.003579324139
0.891	0	0.003684598379
0.89	0	0.003684598379
0.889	0	0.003684598379
0.888	0	0.003895146858
0.887	0	0.003895146858
0.886	0	0.004000421097
0.885	0	0.004105695336
0.884	0	0.004210969576
0.883	0	0.004316243815
0.882	0	0.004526792294
0.881	0	0.004632066533
0.88	0	0.004947889252
0.879	0	0.004947889252
0.878	0	0.00526371197
0.877	0	0.005474260448
0.876	0	0.005579534688
0.875	0	0.005579534688
0.874	0	0.005579534688
0.873	0	0.005579534688
0.872	0	0.005790083167
0.871	0	0.005790083167
0.87	0	0.006000631645
0.869	0	0.006105905885
0.868	0	0.006421728603
0.867	0	0.006527002842
0.866	0	0.006527002842
0.865	0	0.0069480998
0.864	0	0.007053374039
0.863	0	0.007369196758
0.862	0	0.007474470997
0.861	0	0.007474470997
0.86	0	0.007685019476
0.859	0	0.008000842194
0.858	0	0.008000842194
0.857	0	0.008211390673
0.856	0	0.00863248763
0.855	0	0.00873776187
0.854	0	0.00873776187
0.853	0	0.008948310348
0.852	0	0.008948310348
0.851	0	0.009264133067
0.85	0	0.009264133067
0.849	0	0.009369407306
0.848	0	0.009474681545
0.847	0	0.009685230024
0.846	0	0.01000105274
0.845	0	0.01000105274
0.844	0	0.01010632698
0.843	0	0.01052742394
0.842	0	0.01063269818
0.841	0	0.01084324666
0.84	0	0.0109485209
0.839	0	0.01105379514
0.838	0	0.01179071481
0.837	0	0.01189598905
0.836	0	0.01221181177
0.835	0	0.01231708601
0.834	0	0.01284345721
0.833	0	0.01294873145
0.832	0	0.01326455416
0.831	0	0.0133698284
0.83	0	0.01379092536
0.829	0	0.01410674808
0.828	0	0.01463311928
0.827	0	0.01537003895
0.826	0	0.01558058743
0.825	0	0.01621223287
0.824	0	0.01652805558
0.823	0	0.01652805558
0.822	0	0.01694915254
0.821	0	0.01726497526
0.82	0	0.0173702495
0.819	0	0.01758079798
0.818	0	0.01810716918
0.817	0	0.01863354037
0.816	0	0.01926518581
0.815	0	0.01989683125
0.814	0	0.02042320244
0.813	0	0.0208442994
0.812	0	0.02105484788
0.811	0	0.02158121908
0.81	0	0.02179176755
0.809	0	0.02210759027
0.808	0	0.02252868723
0.807	0	0.02347615538
0.806	0	0.02368670386
0.805	0	0.0243183493
0.804	0	0.02537109169
0.803	0	0.02547636593
0.802	0	0.02600273713
0.801	0	0.02642383409
0.8	0	0.02673965681
0.799	0	0.02695020528
0.798	0	0.027266028
0.797	0	0.02789767344
0.796	0	0.02842404464
0.795	0	0.02905569007
0.794	0	0.02926623855
0.793	0	0.02968733551
0.792	0	0.03042425518
0.791	0	0.03116117486
0.79	0	0.0317928203
0.789	0	0.03274028845
0.788	0	0.03305611117
0.787	0	0.03326665965
0.786	0	0.03389830508
0.785	0	0.03442467628
0.784	0	0.03516159596
0.783	0	0.03589851563
0.782	0	0.03684598379
0.781	0	0.03758290346
0.78	0	0.03810927466
0.779	0	0.03916201705
0.778	0	0.04053058217
0.777	0	0.04084640488
0.776	0	0.04158332456
0.775	0	0.04242551848
0.774	0	0.04347826087
0.773	0	0.04410990631
0.772	0	0.04537319718
0.771	0	0.04600484262
0.77	0	0.04642593957
0.769	0	0.04758395621
0.768	0	0.04789977892
0.767	0	0.04884724708
0.766	0	0.04958416675
0.765	0	0.05032108643
0.764	0	0.05126855458
0.763	0	0.05221602274
0.762	0	0.05358458785
0.761	0	0.05411095905
0.76	0	0.05495315296
0.759	0	0.05547952416
0.758	0	0.0561111696
0.757	0	0.05674281503
0.756	0	0.05726918623
0.755	0	0.05832192862
0.754	0	0.06011159069
0.753	0	0.06095378461
0.752	0	0.06232234972
0.751	0	0.06284872092
0.75	0	0.06400673755
0.749	0	0.06442783451
0.748	0	0.06516475418
0.747	0	0.06579639962
0.746	0	0.06705969049
0.745	0	0.06790188441
0.744	0	0.06916517528
0.743	0	0.07042846615
0.742	0	0.07127066007
0.741	0	0.07232340246
0.74	0	0.0734814191
0.739	0	0.07474470997
0.738	0	0.076955469
0.737	0	0.07885040531
0.736	0	0.0804295189
0.735	0	0.08095589009
0.734	0	0.08253500368
0.733	0	0.0833771976
0.732	0	0.08495631119
0.731	0	0.0863248763
0.73	0	0.08727234446
0.729	0	0.08821981261
0.728	0	0.08885145805
0.727	0	0.0897989262
0.726	0	0.09106221708
0.725	0	0.09169386251
0.724	0	0.09295715338
0.723	0	0.0943257185
0.722	0	0.09611538057
0.721	0	0.09748394568
0.72	0	0.09906305927
0.719	0	0.1010632698
0.718	0	0.1025371092
0.717	0	0.1041162228
0.716	0	0.1058006106
0.715	0	0.106853353
0.714	0	0.1086430151
0.713	0	0.1108537741
0.712	0	0.1120117907
0.711	0	0.1136961785
0.71	0	0.1161174861
0.709	0	0.1171702284
0.708	0	0.1182229708
0.707	0	0.1194862617
0.706	0	0.1214864723
0.705	0	0.1232761343
0.704	0	0.1255921676
0.703	0	0.12664491
0.702	0	0.1282240236
0.701	0	0.129276766
0.7	0	0.131487525
0.699	0	0.1332771871
0.698	0	0.1349615749
0.697	0	0.1361195915
0.696	0	0.1380145278
0.695	0	0.1388567218
0.694	0	0.1401200126
0.693	0	0.1430676913
0.692	0	0.1447520792
0.691	0	0.146436467
0.69	0	0.1475944836
0.689	0	0.1484366775
0.688	0	0.1508579851
0.687	0	0.1531740183
0.686	0	0.1547531319
0.685	0	0.1560164228
0.684	0	0.1574902621
0.683	0	0.1597010212
0.682	0	0.1618065059
0.681	0	0.1637014423
0.68	0	0.1653858301
0.679	0	0.1671754922
0.678	0	0.1685440573
0.677	0	0.1699126224
0.676	0	0.1718075587
0.675	0	0.1738077692
0.674	0	0.1753868828
0.673	0	0.1777029161
0.672	0	0.1794925782
0.671	0	0.1813875145
0.67	0	0.1835982735
0.669	0	0.1855984841
0.668	0	0.1872828719
0.667	0	0.1893883567
0.666	0	0.1913885672
0.665	0	0.193494052
0.664	0	0.1951784398
0.663	0	0.1973891989
0.662	0	0.1992841352
0.661	0	0.2004421518
0.66	0	0.2019159912
0.659	0	0.2038109275
0.658	0	0.2066533319
0.657	0	0.2081271713
0.656	0	0.2100221076
0.655	0	0.2123381409
0.654	0	0.2144436256
0.653	0	0.2172860301
0.652	0	0.2204442573
0.651	0	0.2230761133
0.65	0	0.225602695
0.649	0	0.227813454
0.648	0	0.2298136646
0.647	0	0.2321296979
0.646	0	0.2343404569
0.645	0	0.2365512159
0.644	2.109482122e-07	0.2392883461
0.643	2.109482122e-07	0.2410780082
0.642	2.109482122e-07	0.2432887672
0.641	2.109482122e-07	0.2456048005
0.64	2.109482122e-07	0.2476050111
0.639	2.109482122e-07	0.2500263186
0.638	2.109482122e-07	0.2524476261
0.637	4.218964244e-07	0.2545531109
0.636	4.218964244e-07	0.2570796926
0.635	4.218964244e-07	0.2593957259
0.634	4.218964244e-07	0.2613959364
0.633	4.218964244e-07	0.2644488894
0.632	4.218964244e-07	0.2673965681
0.631	4.218964244e-07	0.2688704074
0.63	4.218964244e-07	0.2717128119
0.629	4.218964244e-07	0.2732919255
0.628	4.218964244e-07	0.275713233
0.627	4.218964244e-07	0.2782398147
0.626	4.218964244e-07	0.2795031056
0.625	4.218964244e-07	0.2815033161
0.624	4.218964244e-07	0.2842404464
0.623	4.218964244e-07	0.2878197705
0.622	4.218964244e-07	0.2909779977
0.621	4.218964244e-07	0.292872934
0.62	4.218964244e-07	0.2953995157
0.619	4.218964244e-07	0.2968733551
0.618	4.218964244e-07	0.2988735656
0.617	4.218964244e-07	0.3012948731
0.616	4.218964244e-07	0.302979261
0.615	4.218964244e-07	0.3045583746
0.614	4.218964244e-07	0.3068744078
0.613	4.218964244e-07	0.3088746184
0.612	4.218964244e-07	0.3115064744
0.611	4.218964244e-07	0.3134014107
0.61	4.218964244e-07	0.3151910727
0.609	4.218964244e-07	0.3177176545
0.608	4.218964244e-07	0.3196125908
0.607	4.218964244e-07	0.3224549953
0.606	4.218964244e-07	0.3242446573
0.605	4.218964244e-07	0.3270870618
0.604	4.218964244e-07	0.3295083693
0.603	4.218964244e-07	0.3315085799
0.602	4.218964244e-07	0.334666807
0.601	4.218964244e-07	0.3374039373
0.6	4.218964244e-07	0.3392988736
0.599	4.218964244e-07	0.3410885356
0.598	4.218964244e-07	0.3442467628
0.597	4.218964244e-07	0.3468786188
0.596	4.218964244e-07	0.3494052005
0.595	4.218964244e-07	0.3523528793
0.594	4.218964244e-07	0.3549847352
0.593	4.218964244e-07	0.3565638488
0.592	4.218964244e-07	0.3589851563
0.591	4.218964244e-07	0.3604589957
0.59	4.218964244e-07	0.3633014001
0.589	4.218964244e-07	0.3643541425
0.588	4.218964244e-07	0.36677545
0.587	4.218964244e-07	0.3685651121
0.586	4.218964244e-07	0.3713022423
0.585	4.218964244e-07	0.3737235498
0.584	4.218964244e-07	0.3759343089
0.583	4.218964244e-07	0.3787767133
0.582	4.218964244e-07	0.3819349405
0.581	6.328446366e-07	0.3853037162
0.58	6.328446366e-07	0.3881461206
0.579	6.328446366e-07	0.391830719
0.578	6.328446366e-07	0.3941467523
0.577	6.328446366e-07	0.3967786083
0.576	6.328446366e-07	0.3986735446
0.575	6.328446366e-07	0.4008843036
0.574	6.328446366e-07	0.4033056111
0.573	6.328446366e-07	0.4052005474
0.572	6.328446366e-07	0.4080429519
0.571	6.328446366e-07	0.4103589852
0.57	6.328446366e-07	0.4126750184
0.569	6.328446366e-07	0.414675229
0.568	6.328446366e-07	0.4176229077
0.567	6.328446366e-07	0.4198336667
0.566	6.328446366e-07	0.4222549742
0.565	6.328446366e-07	0.4253079272
0.564	6.328446366e-07	0.4281503316
0.563	6.328446366e-07	0.4315191073
0.562	6.328446366e-07	0.4341509633
0.561	6.328446366e-07	0.4367828192
0.56	6.328446366e-07	0.4398357722
0.559	6.328446366e-07	0.441941257
0.558	6.328446366e-07	0.4446783872
0.557	6.328446366e-07	0.4473102432
0.556	6.328446366e-07	0.4500473734
0.555	6.328446366e-07	0.4524686809
0.554	6.328446366e-07	0.4549952627
0.553	6.328446366e-07	0.4567849247
0.552	8.437928489e-07	0.459100958
0.551	8.437928489e-07	0.4629961049
0.55	8.437928489e-07	0.4657332351
0.549	8.437928489e-07	0.4678387199
0.548	8.437928489e-07	0.4706811243
0.547	8.437928489e-07	0.4723655122
0.546	8.437928489e-07	0.4745762712
0.545	8.437928489e-07	0.4768923045
0.544	8.437928489e-07	0.4792083377
0.543	8.437928489e-07	0.4821560164
0.542	8.437928489e-07	0.4854195178
0.541	8.437928489e-07	0.4880513738
0.54	1.054741061e-06	0.4900515844
0.539	1.054741061e-06	0.4928939888
0.538	1.054741061e-06	0.4951047479
0.537	1.054741061e-06	0.4980524266
0.536	1.054741061e-06	0.5007895568
0.535	1.054741061e-06	0.5028950416
0.534	1.054741061e-06	0.505737446
0.533	1.054741061e-06	0.5084745763
0.532	1.054741061e-06	0.5103695126
0.531	1.054741061e-06	0.5125802716
0.53	1.054741061e-06	0.5145804822
0.529	1.054741061e-06	0.5163701442
0.528	1.265689273e-06	0.5191072744
0.527	1.265689273e-06	0.5217391304
0.526	1.265689273e-06	0.5243709864
0.525	1.265689273e-06	0.5272133909
0.524	1.265689273e-06	0.5297399726
0.523	1.265689273e-06	0.5319507317
0.522	1.265689273e-06	0.5347931361
0.521	1.265689273e-06	0.5370038951
0.52	1.265689273e-06	0.5400568481
0.519	1.265689273e-06	0.5420570586
0.518	1.476637485e-06	0.5445836404
0.517	1.476637485e-06	0.5460574797
0.516	1.476637485e-06	0.5492157069
0.515	1.476637485e-06	0.5514264659
0.514	1.476637485e-06	0.5531108538
0.513	1.476637485e-06	0.5551110643
0.512	1.476637485e-06	0.5582692915
0.511	1.476637485e-06	0.5614275187
0.51	1.476637485e-06	0.563743552
0.509	1.476637485e-06	0.5656384883
0.508	1.687585698e-06	0.5687967154
0.507	1.687585698e-06	0.5710074745
0.506	1.687585698e-06	0.5732182335
0.505	1.687585698e-06	0.575218444
0.504	1.687585698e-06	0.5770081061
0.503	1.687585698e-06	0.5799557848
0.502	1.687585698e-06	0.5820612696
0.501	1.687585698e-06	0.5844825771
0.5	1.687585698e-06	0.5873249816
0.499	1.687585698e-06	0.5898515633
0.498	1.687585698e-06	0.5916412254
0.497	1.687585698e-06	0.5941678071
0.496	1.687585698e-06	0.5970102116
0.495	1.687585698e-06	0.5991156964
0.494	1.687585698e-06	0.6014317297
0.493	1.687585698e-06	0.6042741341
0.492	1.687585698e-06	0.6070112643
0.491	1.687585698e-06	0.6090114749
0.49	1.687585698e-06	0.6111169597
0.489	1.687585698e-06	0.613011896
0.488	1.687585698e-06	0.6151173808
0.487	1.687585698e-06	0.6172228656
0.486	1.89853391e-06	0.6196441731
0.485	1.89853391e-06	0.6219602063
0.484	1.89853391e-06	0.6240656911
0.483	1.89853391e-06	0.6265922729
0.482	1.89853391e-06	0.6286977577
0.481	1.89853391e-06	0.6303821455
0.48	1.89853391e-06	0.6331192757
0.479	1.89853391e-06	0.6341720181
0.478	1.89853391e-06	0.6373302453
0.477	1.89853391e-06	0.6396462786
0.476	1.89853391e-06	0.6412253921
0.475	1.89853391e-06	0.6431203285
0.474	1.89853391e-06	0.6445941678
0.473	1.89853391e-06	0.6469102011
0.472	1.89853391e-06	0.6485945889
0.471	1.89853391e-06	0.650384251
0.47	1.89853391e-06	0.653016107
0.469	1.89853391e-06	0.6550163175
0.468	1.89853391e-06	0.6570165281
0.467	1.89853391e-06	0.6591220128
0.466	1.89853391e-06	0.6610169492
0.465	2.320430334e-06	0.6628066112
0.464	2.320430334e-06	0.6644909991
0.463	2.320430334e-06	0.6655437414
0.462	2.320430334e-06	0.6672281293
0.461	2.320430334e-06	0.6689125171
0.46	2.320430334e-06	0.6707021792
0.459	2.320430334e-06	0.6724918412
0.458	2.320430334e-06	0.675018423
0.457	2.320430334e-06	0.6771239078
0.456	2.320430334e-06	0.6782819244
0.455	2.320430334e-06	0.6800715865
0.454	2.320430334e-06	0.6821770713
0.453	2.320430334e-06	0.6839667333
0.452	2.320430334e-06	0.6860722181
0.451	2.320430334e-06	0.6875460575
0.45	2.320430334e-06	0.6896515423
0.449	2.320430334e-06	0.6911253816
0.448	2.320430334e-06	0.6928097694
0.447	2.320430334e-06	0.69480998
0.446	2.320430334e-06	0.6962838193
0.445	2.320430334e-06	0.6981787557
0.444	2.320430334e-06	0.6994420465
0.443	2.320430334e-06	0.7008106116
0.442	2.320430334e-06	0.702284451
0.441	2.320430334e-06	0.7042846615
0.44	2.320430334e-06	0.7072323402
0.439	2.320430334e-06	0.7096536478
0.438	2.531378547e-06	0.7111274871
0.437	2.531378547e-06	0.7126013265
0.436	2.531378547e-06	0.7138646173
0.435	2.531378547e-06	0.7156542794
0.434	2.531378547e-06	0.7169175703
0.433	2.531378547e-06	0.7189177808
0.432	2.531378547e-06	0.7207074429
0.431	2.531378547e-06	0.722076008
0.43	2.531378547e-06	0.7232340246
0.429	2.531378547e-06	0.7244973155
0.428	2.531378547e-06	0.7256553321
0.427	2.531378547e-06	0.7266028003
0.426	2.531378547e-06	0.7278660912
0.425	2.531378547e-06	0.7290241078
0.424	2.531378547e-06	0.7312348668
0.423	2.531378547e-06	0.7323928835
0.422	2.531378547e-06	0.7335509001
0.421	2.531378547e-06	0.7360774818
0.42	2.742326759e-06	0.7377618697
0.419	2.742326759e-06	0.739656806
0.418	2.742326759e-06	0.7412359196
0.417	2.742326759e-06	0.7423939362
0.416	2.742326759e-06	0.7434466786
0.415	2.953274971e-06	0.7448152437
0.414	2.953274971e-06	0.7458679861
0.413	3.164223183e-06	0.7473418255
0.412	3.164223183e-06	0.748920939
0.411	3.164223183e-06	0.7500789557
0.41	3.164223183e-06	0.7513422466
0.409	3.164223183e-06	0.7521844405
0.408	3.164223183e-06	0.7533424571
0.407	3.164223183e-06	0.7543951995
0.406	3.375171395e-06	0.7561848616
0.405	3.586119608e-06	0.7571323297
0.404	3.586119608e-06	0.7588167175
0.403	3.586119608e-06	0.7602905569
0.402	3.586119608e-06	0.7611327508
0.401	3.586119608e-06	0.7625013159
0.4	3.586119608e-06	0.764290978
0.399	3.586119608e-06	0.7655542689
0.398	3.586119608e-06	0.7670281082
0.397	3.586119608e-06	0.7683966733
0.396	3.586119608e-06	0.7692388672
0.395	3.586119608e-06	0.7700810612
0.394	3.586119608e-06	0.7707127066
0.393	3.586119608e-06	0.7712390778
0.392	3.586119608e-06	0.7728181914
0.391	3.586119608e-06	0.7742920307
0.39	3.586119608e-06	0.7755553216
0.389	3.586119608e-06	0.776608064
0.388	3.586119608e-06	0.7773449837
0.387	3.79706782e-06	0.7787135488
0.386	3.79706782e-06	0.7803979366
0.385	3.79706782e-06	0.7817665017
0.384	3.79706782e-06	0.7832403411
0.383	3.79706782e-06	0.7838719865
0.382	3.79706782e-06	0.7849247289
0.381	3.79706782e-06	0.7854511001
0.38	3.79706782e-06	0.7865038425
0.379	4.218964244e-06	0.7872407622
0.378	4.218964244e-06	0.7883987788
0.377	4.218964244e-06	0.7891356985
0.376	4.218964244e-06	0.7897673439
0.375	4.218964244e-06	0.7909253606
0.374	4.218964244e-06	0.7916622802
0.373	4.218964244e-06	0.7922939257
0.372	4.218964244e-06	0.7932413938
0.371	4.218964244e-06	0.7948205074
0.37	4.218964244e-06	0.7967154437
0.369	4.429912456e-06	0.7977681861
0.368	4.851808881e-06	0.7983998316
0.367	4.851808881e-06	0.7991367512
0.366	4.851808881e-06	0.8005053163
0.365	4.851808881e-06	0.801242236
0.364	4.851808881e-06	0.8021897042
0.363	4.851808881e-06	0.8035582693
0.362	4.851808881e-06	0.803874092
0.361	4.851808881e-06	0.8044004632
0.36	4.851808881e-06	0.8054532056
0.359	5.273705305e-06	0.8067164965
0.358	5.484653518e-06	0.8076639646
0.357	5.484653518e-06	0.8089272555
0.356	5.484653518e-06	0.8095589009
0.355	5.484653518e-06	0.8107169176
0.354	5.484653518e-06	0.8119802084
0.353	5.484653518e-06	0.8130329508
0.352	5.484653518e-06	0.813980419
0.351	5.484653518e-06	0.8150331614
0.35	5.484653518e-06	0.8157700811
0.349	5.484653518e-06	0.8167175492
0.348	5.484653518e-06	0.8177702916
0.347	5.69560173e-06	0.818823034
0.346	5.906549942e-06	0.819244131
0.345	5.906549942e-06	0.8200863249
0.344	5.906549942e-06	0.8204021476
0.343	6.117498154e-06	0.8211390673
0.342	6.328446366e-06	0.8219812612
0.341	6.539394579e-06	0.8227181809
0.34	6.750342791e-06	0.824086746
0.339	6.750342791e-06	0.8250342141
0.338	6.961291003e-06	0.8255605853
0.337	7.383187427e-06	0.8269291504
0.336	7.59413564e-06	0.8281924413
0.335	8.226980276e-06	0.8296662807
0.334	8.226980276e-06	0.8305084746
0.333	8.648876701e-06	0.8312453943
0.332	8.859824913e-06	0.8317717654
0.331	8.859824913e-06	0.8322981366
0.33	9.281721337e-06	0.8332456048
0.329	9.281721337e-06	0.833771976
0.328	9.49266955e-06	0.8349299926
0.327	9.703617762e-06	0.8357721865
0.326	1.012551419e-05	0.836403832
0.325	1.096930704e-05	0.8368249289
0.324	1.096930704e-05	0.8377723971
0.323	1.160215167e-05	0.8382987683
0.322	1.223499631e-05	0.8385093168
0.321	1.286784095e-05	0.8389304137
0.32	1.286784095e-05	0.8394567849
0.319	1.392258201e-05	0.8407200758
0.318	1.455542664e-05	0.8414569955
0.317	1.455542664e-05	0.8424044636
0.316	1.476637485e-05	0.8428255606
0.315	1.497732307e-05	0.843457206
0.314	1.518827128e-05	0.8440888515
0.313	1.539921949e-05	0.8448257711
0.312	1.624301234e-05	0.8459837878
0.311	1.708680519e-05	0.8461943362
0.31	1.793059804e-05	0.8466154332
0.309	1.856344267e-05	0.8468259817
0.308	1.877439089e-05	0.8476681756
0.307	1.982913195e-05	0.8481945468
0.306	2.004008016e-05	0.8494578377
0.305	2.046197658e-05	0.8503000316
0.304	2.130576943e-05	0.850931677
0.303	2.151671765e-05	0.8511422255
0.302	2.299335513e-05	0.8519844194
0.301	2.341525156e-05	0.8530371618
0.3	2.383714798e-05	0.853563533
0.299	2.42590444e-05	0.8537740815
0.298	2.531378547e-05	0.8546162754
0.297	2.636852653e-05	0.8555637436
0.296	2.721231938e-05	0.8556690178
0.295	2.847800865e-05	0.8564059375
0.294	2.974369792e-05	0.8570375829
0.293	3.10093872e-05	0.8581955995
0.292	3.227507647e-05	0.858406148
0.291	3.290792111e-05	0.8590377935
0.29	3.332981753e-05	0.8594588904
0.289	3.396266217e-05	0.8599852616
0.288	3.501740323e-05	0.8601958101
0.287	3.649404071e-05	0.860616907
0.286	3.839257462e-05	0.8609327298
0.285	3.986921211e-05	0.8612485525
0.284	4.134584959e-05	0.8618801979
0.283	4.240059065e-05	0.8630382145
0.282	4.429912456e-05	0.8633540373
0.281	4.640860669e-05	0.86366986
0.28	4.788524417e-05	0.8643015054
0.279	4.957282987e-05	0.8645120539
0.278	5.252610484e-05	0.8651436993
0.277	5.484653518e-05	0.8655647963
0.276	5.590127624e-05	0.8661964417
0.275	6.012024048e-05	0.8665122644
0.274	6.180782618e-05	0.8667228129
0.273	6.455015294e-05	0.8668280872
0.272	6.771437612e-05	0.8672491841
0.271	7.151144394e-05	0.8677755553
0.27	7.362092606e-05	0.8684072008
0.269	7.615230461e-05	0.8688282977
0.268	8.079316528e-05	0.8694599432
0.267	8.522307773e-05	0.8698810401
0.266	8.796540449e-05	0.8706179598
0.265	9.281721337e-05	0.8712496052
0.264	9.471574728e-05	0.8717759764
0.263	9.724712583e-05	0.8719865249
0.262	0.0001031536758	0.8721970734
0.261	0.0001084273811	0.8727234446
0.26	0.0001134901382	0.8731445415
0.259	0.0001181309988	0.8735656385
0.258	0.0001257251345	0.873776187
0.257	0.0001326864255	0.8743025582
0.256	0.0001377491826	0.8748289294
0.255	0.0001436557325	0.8752500263
0.254	0.0001478746968	0.8757763975
0.253	0.000155046936	0.8760922202
0.252	0.000163062968	0.876408043
0.251	0.0001723446894	0.8765133172
0.25	0.0001790950322	0.8771449626
0.249	0.0001875329607	0.8777766081
0.248	0.0001953380445	0.8780924308
0.247	0.0002039869212	0.878618802
0.246	0.0002145343318	0.8788293505
0.245	0.0002221284675	0.8791451732
0.244	0.0002290897585	0.8796715444
0.243	0.0002366838941	0.8803031898
0.242	0.0002472313047	0.8810401095
0.241	0.0002575677671	0.8813559322
0.24	0.0002702246598	0.8816717549
0.239	0.0002807720705	0.8824086746
0.238	0.0002900537918	0.8828297716
0.237	0.0003043982702	0.88304032
0.236	0.0003178989558	0.8832508685
0.235	0.0003311886932	0.883461417
0.234	0.0003478536019	0.8839877882
0.233	0.0003640966143	0.8843036109
0.232	0.0003790739373	0.8845141594
0.231	0.0003932074676	0.8848299821
0.23	0.0004109271174	0.8851458048
0.229	0.0004282248708	0.8854616275
0.228	0.0004455226242	0.8855669018
0.227	0.0004626094294	0.8858827245
0.226	0.0004832823542	0.8861985472
0.225	0.000507963295	0.8865143699
0.224	0.0005256829448	0.8867249184
0.223	0.0005463558696	0.8873565638
0.222	0.0005668178462	0.8876723866
0.221	0.0005927644763	0.8879882093
0.22	0.0006197658475	0.8879882093
0.219	0.0006412825651	0.8881987578
0.218	0.0006687058327	0.8888304032
0.217	0.0006933867735	0.8890409517
0.216	0.0007197553001	0.8893567744
0.215	0.0007507646873	0.8899884198
0.214	0.0007800864888	0.8903042426
0.213	0.0008127834617	0.8907253395
0.212	0.0008507541399	0.8908306137
0.211	0.0008832401645	0.8912517107
0.21	0.0009165699821	0.8916728077
0.209	0.0009534859192	0.8921991789
0.208	0.001003058749	0.8925150016
0.207	0.001045037443	0.8925150016
0.206	0.001091024154	0.8927255501
0.205	0.001131104314	0.8929360985
0.204	0.001179200506	0.8930413728
0.203	0.001223710579	0.8936730182
0.202	0.001275603839	0.8937782925
0.201	0.001322645291	0.8937782925
0.2	0.001376437085	0.8938835667
0.199	0.001434658791	0.8939888409
0.198	0.001492036705	0.8941993894
0.197	0.001551102204	0.8943046636
0.196	0.001609112963	0.8945152121
0.195	0.001672608375	0.8947257606
0.194	0.001746862145	0.8951468576
0.193	0.001821326864	0.8952521318
0.192	0.001905495201	0.895357406
0.191	0.001979327075	0.8954626803
0.19	0.002054213691	0.895778503
0.189	0.002135006856	0.8959890515
0.188	0.0022301445	0.8963048742
0.187	0.002315367577	0.8966206969
0.186	0.002407762894	0.8968312454
0.185	0.002508385191	0.8969365196
0.184	0.002609851282	0.8971470681
0.183	0.002704988925	0.8972523424
0.182	0.002806033119	0.8973576166
0.181	0.002909397743	0.8976734393
0.18	0.003035755722	0.8976734393
0.179	0.00315283198	0.8977787135
0.178	0.003280877545	0.8977787135
0.177	0.003399641388	0.8978839878
0.176	0.003542453328	0.897989262
0.175	0.003683577682	0.8980945363
0.174	0.003830608586	0.8983050847
0.173	0.003972576732	0.8985156332
0.172	0.004132686425	0.8987261817
0.171	0.00428435819	0.8988314559
0.17	0.004454171501	0.8992525529
0.169	0.004624406708	0.8993578271
0.168	0.00480476743	0.8993578271
0.167	0.004993144183	0.8993578271
0.166	0.005197342053	0.8993578271
0.165	0.005397953802	0.8995683756
0.164	0.005595612277	0.8996736499
0.163	0.005825545828	0.8999894726
0.162	0.006054635587	0.8999894726
0.161	0.006289209999	0.9000947468
0.16	0.00653327708	0.9000947468
0.159	0.006788946314	0.9002000211
0.158	0.007055795802	0.9004105695
0.157	0.007328551841	0.9005158438
0.156	0.007608902015	0.9009369407
0.155	0.007905917097	0.9013580377
0.154	0.008207573041	0.9014633119
0.153	0.008526948634	0.9015685862
0.152	0.008850121295	0.9017791346
0.151	0.009193755933	0.9017791346
0.15	0.009543086172	0.9020949574
0.149	0.009904229512	0.9022002316
0.148	0.01027296699	0.9027266028
0.147	0.01066997152	0.9030424255
0.146	0.01105706149	0.903252974
0.145	0.01148781774	0.9033582482
0.144	0.01193291847	0.9034635225
0.143	0.01237738635	0.9035687967
0.142	0.01284189431	0.9038846194
0.141	0.01332159055	0.9040951679
0.14	0.01381731885	0.9040951679
0.139	0.01433139964	0.9048320876
0.138	0.01487923215	0.9050426361
0.137	0.01543043983	0.9053584588
0.136	0.01600400802	0.905463733
0.135	0.01661364835	0.90588483
0.134	0.01723805506	0.90588483
0.133	0.01786372745	0.90588483
0.132	0.01851260416	0.9060953785
0.131	0.01917666913	0.9064112012
0.13	0.01987722814	0.9065164754
0.129	0.02058474844	0.9065164754
0.128	0.02131927012	0.9067270239
0.127	0.02206370636	0.9069375724
0.126	0.02283999578	0.9070428466
0.125	0.02363041873	0.9071481209
0.124	0.0244716802	0.9072533951
0.123	0.0253454277	0.9078850405
0.122	0.02623816053	0.908095589
0.121	0.02713595612	0.9084114117
0.12	0.02807298808	0.9086219602
0.119	0.02904081848	0.9088325087
0.118	0.03005843265	0.9090430572
0.117	0.03111591604	0.9093588799
0.116	0.03221305769	0.9094641541
0.115	0.03330408185	0.9097799768
0.114	0.03444636642	0.9098852511
0.113	0.03560130788	0.9100957996
0.112	0.0368020251	0.910306348
0.111	0.03806898007	0.9106221708
0.11	0.03934732623	0.9108327192
0.109	0.04065436135	0.911148542
0.108	0.0420354393	0.9114643647
0.107	0.04341883768	0.9115696389
0.106	0.04488556059	0.9116749131
0.105	0.04636198713	0.9118854616
0.104	0.04788165805	0.9122012843
0.103	0.04943571353	0.9125171071
0.102	0.05105874908	0.9128329298
0.101	0.05270646556	0.9132540267
0.1	0.05438413669	0.9135698495
0.099	0.05615821116	0.9138856722
0.098	0.0579238477	0.9140962207
0.097	0.05975994093	0.9147278661
0.096	0.06165615441	0.9150436888
0.095	0.06360552684	0.915148963
0.094	0.06556692332	0.9153595115
0.093	0.06762535598	0.9156753342
0.092	0.06973884611	0.9162017054
0.091	0.07186731357	0.9165175282
0.09	0.07410273178	0.9171491736
0.089	0.07635629153	0.9176755448
0.088	0.07869191014	0.9179913675
0.087	0.08110536863	0.918201916
0.086	0.08357578315	0.9186230129
0.085	0.08607805084	0.9189388357
0.084	0.0886492986	0.9191493841
0.083	0.0912981753	0.9194652069
0.082	0.0939706782	0.9198863038
0.081	0.09674190486	0.9205179493
0.08	0.09954456281	0.9209390462
0.079	0.1024157789	0.9211495947
0.078	0.1053610379	0.9215706917
0.077	0.1083963717	0.9218865144
0.076	0.1114477376	0.9219917886
0.075	0.1145716697	0.9224128856
0.074	0.1178194283	0.9225181598
0.073	0.1210893366	0.9227287083
0.072	0.1243752769	0.9238867249
0.071	0.1277462293	0.9242025476
0.07	0.131164856	0.9244130961
0.069	0.1347134269	0.9248341931
0.068	0.1383248602	0.9250447416
0.067	0.1420248919	0.9250447416
0.066	0.1457763949	0.92525529
0.065	0.1495812678	0.9255711127
0.064	0.1535188271	0.9259922097
0.063	0.1574709419	0.9264133067
0.062	0.1614998418	0.9268344036
0.061	0.1655892838	0.9272555006
0.06	0.169780192	0.9277818718
0.059	0.1740086489	0.9279924203
0.058	0.1783400485	0.928308243
0.057	0.1827157473	0.9287293399
0.056	0.1871952326	0.9291504369
0.055	0.1916890623	0.9295715338
0.054	0.1963288683	0.930097905
0.053	0.2010203565	0.9307295505
0.052	0.2057000316	0.930940099
0.051	0.2104959392	0.9312559217
0.05	0.2154009071	0.9318875671
0.049	0.22038709	0.9324139383
0.048	0.2254494252	0.9329403095
0.047	0.230509018	0.9335719549
0.046	0.2356991878	0.9345194231
0.045	0.2409374539	0.9352563428
0.044	0.246280983	0.9358879882
0.043	0.2515812678	0.9364143594
0.042	0.2569832296	0.9373618276
0.041	0.262480751	0.9382040215
0.04	0.2680622297	0.9383092957
0.039	0.2736882185	0.9388356669
0.038	0.2794466828	0.9396778608
0.037	0.2852289843	0.9405200547
0.036	0.2910534754	0.9408358775
0.035	0.296977534	0.9412569744
0.034	0.3029676194	0.9417833456
0.033	0.3090106529	0.9425202653
0.032	0.3150823753	0.943257185
0.031	0.3211872165	0.9438888304
0.03	0.3273846641	0.9443099274
0.029	0.3336160743	0.9451521213
0.028	0.3399930387	0.9456784925
0.027	0.346321696	0.9466259606
0.026	0.3527347326	0.9474681545
0.025	0.3591361671	0.9480998
0.024	0.3656295749	0.9487314454
0.023	0.372085645	0.9496789136
0.022	0.3785809514	0.950310559
0.021	0.3851709735	0.9506263817
0.02	0.3918276553	0.9513633014
0.019	0.3984856028	0.952521318
0.018	0.4051910136	0.9528371408
0.017	0.4119563337	0.9534687862
0.016	0.418717013	0.9538898831
0.015	0.4255101783	0.9545215286
0.014	0.432337939	0.9550478998
0.013	0.4391903808	0.9558900937
0.012	0.4460457758	0.9567322876
0.011	0.4529353444	0.9575744815
0.01	0.4597789263	0.958206127
0.009	0.4666552051	0.9584166754
0.008	0.4735074359	0.9588377724
0.007	0.4804721021	0.9592588694
0.006	0.4873869845	0.9598905148
0.005	0.4943818163	0.9602063375
0.004	0.5013741167	0.9609432572
0.003	0.5082911085	0.9615749026
0.002	0.515209788	0.9624170965
0.001	0.5221622192	0.9629434677
0	0.5291057905	0.9632592905
-0.001	0.5360923953	0.9634698389
-0.002	0.5430454593	0.9646278556
-0.003	0.5499162536	0.9650489525
-0.004	0.5568444257	0.9653647752
-0.005	0.5638360932	0.9657858722
-0.006	0.5707159582	0.9663122434
-0.007	0.5775850649	0.9667333404
-0.008	0.5844592343	0.9672597115
-0.009	0.5912296171	0.9676808085
-0.01	0.5981073726	0.9685230024
-0.011	0.6048948423	0.9689440994
-0.012	0.611657842	0.9694704706
-0.013	0.6183151566	0.9702073903
-0.014	0.6249731041	0.9706284872
-0.015	0.6316272545	0.9712601326
-0.016	0.6382217066	0.9718917781
-0.017	0.6448534965	0.9719970523
-0.018	0.6514405653	0.972312875
-0.019	0.6579580213	0.972733972
-0.02	0.6643653623	0.973155069
-0.021	0.6707532961	0.9734708917
-0.022	0.6771351123	0.9738919886
-0.023	0.6834068136	0.9743130856
-0.024	0.6896683894	0.9746289083
-0.025	0.6958620399	0.9754711022
-0.026	0.7019805928	0.9762080219
-0.027	0.708089442	0.9767343931
-0.028	0.7140738319	0.9776818612
-0.029	0.7200299546	0.9783135067
-0.03	0.7259434659	0.9787346036
-0.031	0.7318067714	0.9792609748
-0.032	0.7376215589	0.9798926203
-0.033	0.7433407868	0.980208443
-0.034	0.7489766902	0.9807348142
-0.035	0.7546338994	0.9810506369
-0.036	0.7601120135	0.9814717339
-0.037	0.7655605949	0.9821033793
-0.038	0.7709880814	0.982419202
-0.039	0.7763122034	0.9829455732
-0.04	0.7816200823	0.9833666702
-0.041	0.7867686953	0.9837877671
-0.042	0.7918306086	0.9842088641
-0.043	0.7968893577	0.984629961
-0.044	0.8018888303	0.9847352353
-0.045	0.8067807193	0.9852616065
-0.046	0.8116126991	0.9855774292
-0.047	0.8163856133	0.9863143489
-0.048	0.8209984179	0.9870512686
-0.049	0.82556397	0.9871565428
-0.05	0.8301177091	0.9882092852
-0.051	0.834484759	0.9885251079
-0.052	0.8388079317	0.9889462049
-0.053	0.8431070562	0.9893673018
-0.054	0.8473201139	0.989893673
-0.055	0.8514131421	0.9902094957
-0.056	0.855458074	0.99031477
-0.057	0.8594182048	0.9908411412
-0.058	0.8633414197	0.9912622381
-0.059	0.8671701297	0.9917886093
-0.06	0.8709454699	0.9919991578
-0.061	0.8746389621	0.9923149805
-0.062	0.8783035545	0.992525529
-0.063	0.8818588756	0.992946626
-0.064	0.8853163168	0.9932624487
-0.065	0.8886857926	0.9933677229
-0.066	0.8920018985	0.9936835456
-0.067	0.8952483915	0.9938940941
-0.068	0.8984621875	0.9941046426
-0.069	0.901535492	0.9941046426
-0.07	0.9045547938	0.9941046426
-0.071	0.9075373906	0.9941046426
-0.072	0.9104090286	0.9942099168
-0.073	0.9132319376	0.9945257396
-0.074	0.9160506276	0.9946310138
-0.075	0.918773758	0.994736288
-0.076	0.9213871954	0.9948415623
-0.077	0.9239569666	0.9949468365
-0.078	0.9264636642	0.9949468365
-0.079	0.9289298597	0.9954732077
-0.08	0.9313251767	0.9955784819
-0.081	0.9336546778	0.9959995789
-0.082	0.9359244805	0.9961048531
-0.083	0.9381531484	0.9962101274
-0.084	0.9402541926	0.9963154016
-0.085	0.9423128362	0.9965259501
-0.086	0.9443297121	0.9968417728
-0.087	0.946272756	0.9968417728
-0.088	0.9481655943	0.9970523213
-0.089	0.9500329079	0.9972628698
-0.09	0.9518312414	0.9972628698
-0.091	0.9535979327	0.9972628698
-0.092	0.9552937454	0.9974734183
-0.093	0.9569349225	0.9975786925
-0.094	0.9585071195	0.9976839667
-0.095	0.9600710895	0.997789241
-0.096	0.9615985656	0.9979997895
-0.097	0.9630302711	0.9979997895
-0.098	0.964431811	0.9979997895
-0.099	0.9657831452	0.9981050637
-0.1	0.9671197131	0.9981050637
-0.101	0.9684027001	0.9981050637
-0.102	0.9696272545	0.9983156122
-0.103	0.9708022361	0.9983156122
-0.104	0.97195106	0.9984208864
-0.105	0.9730570615	0.9986314349
-0.106	0.9741681257	0.9986314349
-0.107	0.9751945997	0.9987367091
-0.108	0.9761786731	0.9987367091
-0.109	0.9771391203	0.9987367091
-0.11	0.9780892311	0.9987367091
-0.111	0.9789925113	0.9987367091
-0.112	0.9798700559	0.9989472576
-0.113	0.9807404282	0.9990525318
-0.114	0.9815540555	0.9990525318
-0.115	0.982321907	0.9991578061
-0.116	0.9830741483	0.9991578061
-0.117	0.9838008649	0.9991578061
-0.118	0.984484548	0.9993683546
-0.119	0.9851498787	0.9993683546
-0.12	0.9857951693	0.9994736288
-0.121	0.9864246388	0.9994736288
-0.122	0.9870201456	0.9994736288
-0.123	0.9875821116	0.9994736288
-0.124	0.9881436557	0.9994736288
-0.125	0.9886735576	0.9994736288
-0.126	0.9891851071	0.9994736288
-0.127	0.9896757726	0.9994736288
-0.128	0.9901601097	0.9994736288
-0.129	0.9906195549	0.999578903
-0.13	0.9910587491	0.9997894515
-0.131	0.991466512	0.9997894515
-0.132	0.9918609851	0.9997894515
-0.133	0.9922436452	0.9997894515
-0.134	0.9926037338	0.9997894515
-0.135	0.9929463137	0.9997894515
-0.136	0.9932770805	0.9998947258
-0.137	0.9935958232	0.9998947258
-0.138	0.9939014872	0.9998947258
-0.139	0.9941982913	0.9998947258
-0.14	0.9944737897	0.9998947258
-0.141	0.9947328341	0.9998947258
-0.142	0.9949973631	0.9998947258
-0.143	0.9952403755	0.9998947258
-0.144	0.9954738952	0.9998947258
-0.145	0.9957044616	0.9998947258
-0.146	0.9959196287	0.9998947258
-0.147	0.996126147	0.9998947258
-0.148	0.9963115705	0.9998947258
-0.149	0.9964912984	0.9998947258
-0.15	0.9966708153	0.9998947258
-0.151	0.9968336673	0.9998947258
-0.152	0.9969960975	0.9998947258
-0.153	0.99715684	1
-0.154	0.9973002848	1
-0.155	0.9974390887	1
-0.156	0.9975673452	1
-0.157	0.997698766	1
-0.158	0.9978175298	1
-0.159	0.9979240586	1
-0.16	0.9980388145	1
-0.161	0.9981542031	1
-0.162	0.9982548254	1
-0.163	0.9983413142	1
-0.164	0.9984339205	1
-0.165	0.9985121823	1
-0.166	0.9985944521	1
-0.167	0.9986693387	1
-0.168	0.998745491	1
-0.169	0.998814471	1
-0.17	0.9988777555	1
-0.171	0.99894104	1
-0.172	0.9990030587	1
-0.173	0.9990614914	1
-0.174	0.9991152832	1
-0.175	0.9991652779	1
-0.176	0.9992112646	1
-0.177	0.9992568294	1
-0.178	0.99929923	1
-0.179	0.9993386774	1
-0.18	0.999376859	1
-0.181	0.9994137749	1
-0.182	0.9994490033	1
-0.183	0.9994779032	1
-0.184	0.9995051155	1
-0.185	0.9995321169	1
-0.186	0.9995608058	1
-0.187	0.9995878072	1
-0.188	0.9996103787	1
-0.189	0.9996329501	1
-0.19	0.9996582639	1
-0.191	0.9996774602	1
-0.192	0.9996951798	1
-0.193	0.9997112119	1
-0.194	0.9997249235	1
-0.195	0.9997420103	1
-0.196	0.9997569877	1
-0.197	0.9997711212	1
-0.198	0.9997827233	1
-0.199	0.9997941145	1
-0.2	0.999804451	1
-0.201	0.9998171079	1
-0.202	0.9998272334	1
-0.203	0.9998390465	1
-0.204	0.9998500158	1
-0.205	0.9998586647	1
-0.206	0.9998675245	1
-0.207	0.9998763843	1
-0.208	0.9998844004	1
-0.209	0.9998926274	1
-0.21	0.9998987449	1
-0.211	0.9999065499	1
-0.212	0.9999118236	1
-0.213	0.999918574	1
-0.214	0.9999253243	1
-0.215	0.9999312309	1
-0.216	0.9999373484	1
-0.217	0.9999422002	1
-0.218	0.9999459973	1
-0.219	0.9999487396	1
-0.22	0.9999519038	1
-0.221	0.9999548571	1
-0.222	0.9999584432	1
-0.223	0.9999611855	1
-0.224	0.9999639279	1
-0.225	0.9999662483	1
-0.226	0.9999679359	1
-0.227	0.9999704673	1
-0.228	0.9999725767	1
-0.229	0.99997553	1
-0.23	0.9999770066	1
-0.231	0.9999784833	1
-0.232	0.999979749	1
-0.233	0.9999808037	1
-0.234	0.9999812256	1
-0.235	0.9999827022	1
-0.236	0.9999846008	1
-0.237	0.9999860774	1
-0.238	0.9999869212	1
-0.239	0.9999875541	1
-0.24	0.9999890307	1
-0.241	0.9999907183	1
-0.242	0.999991773	1
-0.243	0.9999924059	1
-0.244	0.9999928278	1
-0.245	0.9999932497	1
-0.246	0.9999945153	1
-0.247	0.9999947263	1
-0.248	0.9999951482	1
-0.249	0.9999955701	1
-0.25	0.999995781	1
-0.251	0.999995992	1
-0.252	0.9999964139	1
-0.253	0.9999970467	1
-0.254	0.9999978905	1
-0.255	0.9999978905	1
-0.256	0.9999978905	1
-0.257	0.9999978905	1
-0.258	0.9999981015	1
-0.259	0.9999985234	1
-0.26	0.9999985234	1
-0.261	0.9999985234	1
-0.262	0.9999985234	1
-0.263	0.9999987343	1
-0.264	0.9999989453	1
-0.265	0.9999989453	1
-0.266	0.9999989453	1
-0.267	0.9999989453	1
-0.268	0.9999991562	1
-0.269	0.9999991562	1
-0.27	0.9999993672	1
-0.271	0.9999993672	1
-0.272	0.9999993672	1
-0.273	0.9999993672	1
-0.274	0.9999993672	1
-0.275	0.9999993672	1
-0.276	0.9999993672	1
-0.277	0.9999997891	1
-0.278	0.9999997891	1
-0.279	0.9999997891	1
-0.28	0.9999997891	1
-0.281	0.9999997891	1
-0.282	0.9999997891	1
-0.283	0.9999997891	1
-0.284	0.9999997891	1
-0.285	0.9999997891	1
-0.286	0.9999997891	1
-0.287	0.9999997891	1
-0.288	0.9999997891	1
-0.289	0.9999997891	1
-0.29	0.9999997891	1
-0.291	0.9999997891	1
-0.292	0.9999997891	1
-0.293	0.9999997891	1
-0.294	0.9999997891	1
-0.295	1	1
-0.296	1	1
-0.297	1	1
-0.298	1	1
-0.299	1	1
-0.3	1	1
-0.301	1	1
-0.302	1	1
-0.303	1	1
-0.304	1	1
-0.305	1	1
-0.306	1	1
-0.307	1	1
-0.308	1	1
-0.309	1	1
-0.31	1	1
-0.311	1	1
-0.312	1	1
-0.313	1	1
-0.314	1	1
-0.315	1	1
-0.316	1	1
-0.317	1	1
-0.318	1	1
-0.319	1	1
-0.32	1	1
-0.321	1	1
-0.322	1	1
-0.323	1	1
-0.324	1	1
-0.325	1	1
-0.326	1	1
-0.327	1	1
-0.328	1	1
-0.329	1	1
-0.33	1	1
-0.331	1	1
-0.332	1	1
-0.333	1	1
-0.334	1	1
-0.335	1	1
-0.336	1	1
-0.337	1	1
-0.338	1	1
-0.339	1	1
-0.34	1	1
-0.341	1	1
-0.342	1	1
-0.343	1	1
-0.344	1	1
-0.345	1	1
-0.346	1	1
-0.347	1	1
-0.348	1	1
-0.349	1	1
-0.35	1	1
-0.351	1	1
-0.352	1	1
-0.353	1	1
-0.354	1	1
-0.355	1	1
-0.356	1	1
-0.357	1	1
-0.358	1	1
-0.359	1	1
-0.36	1	1
-0.361	1	1
-0.362	1	1
-0.363	1	1
-0.364	1	1
-0.365	1	1
-0.366	1	1
-0.367	1	1
-0.368	1	1
-0.369	1	1
-0.37	1	1
-0.371	1	1
-0.372	1	1
-0.373	1	1
-0.374	1	1
-0.375	1	1
-0.376	1	1
-0.377	1	1
-0.378	1	1
-0.379	1	1
-0.38	1	1
-0.381	1	1
-0.382	1	1
-0.383	1	1
-0.384	1	1
-0.385	1	1
-0.386	1	1
-0.387	1	1
-0.388	1	1
-0.389	1	1
-0.39	1	1
-0.391	1	1
-0.392	1	1
-0.393	1	1
-0.394	1	1
-0.395	1	1
-0.396	1	1
-0.397	1	1
-0.398	1	1
-0.399	1	1
-0.4	1	1
-0.401	1	1
-0.402	1	1
-0.403	1	1
-0.404	1	1
-0.405	1	1
-0.406	1	1
-0.407	1	1
-0.408	1	1
-0.409	1	1
-0.41	1	1
-0.411	1	1
-0.412	1	1
-0.413	1	1
-0.414	1	1
-0.415	1	1
-0.416	1	1
-0.417	1	1
-0.418	1	1
-0.419	1	1
-0.42	1	1
-0.421	1	1
-0.422	1	1
-0.423	1	1
-0.424	1	1
-0.425	1	1
-0.426	1	1
-0.427	1	1
-0.428	1	1
-0.429	1	1
-0.43	1	1
-0.431	1	1
-0.432	1	1
-0.433	1	1
-0.434	1	1
-0.435	1	1
-0.436	1	1
-0.437	1	1
-0.438	1	1
-0.439	1	1
-0.44	1	1
-0.441	1	1
-0.442	1	1
-0.443	1	1
-0.444	1	1
-0.445	1	1
-0.446	1	1
-0.447	1	1
-0.448	1	1
-0.449	1	1
-0.45	1	1
-0.451	1	1
-0.452	1	1
-0.453	1	1
-0.454	1	1
-0.455	1	1
-0.456	1	1
-0.457	1	1
-0.458	1	1
-0.459	1	1
-0.46	1	1
-0.461	1	1
-0.462	1	1
-0.463	1	1
-0.464	1	1
-0.465	1	1
-0.466	1	1
-0.467	1	1
-0.468	1	1
-0.469	1	1
-0.47	1	1
-0.471	1	1
-0.472	1	1
-0.473	1	1
-0.474	1	1
-0.475	1	1
-0.476	1	1
-0.477	1	1
-0.478	1	1
-0.479	1	1
-0.48	1	1
-0.481	1	1
-0.482	1	1
-0.483	1	1
-0.484	1	1
-0.485	1	1
-0.486	1	1
-0.487	1	1
-0.488	1	1
-0.489	1	1
-0.49	1	1
-0.491	1	1
-0.492	1	1
-0.493	1	1
-0.494	1	1
-0.495	1	1
-0.496	1	1
-0.497	1	1
-0.498	1	1
-0.499	1	1
-0.5	1	1
-0.501	1	1
-0.502	1	1
-0.503	1	1
-0.504	1	1
-0.505	1	1
-0.506	1	1
-0.507	1	1
-0.508	1	1
-0.509	1	1
-0.51	1	1
-0.511	1	1
-0.512	1	1
-0.513	1	1
-0.514	1	1
-0.515	1	1
-0.516	1	1
-0.517	1	1
-0.518	1	1
-0.519	1	1
-0.52	1	1
-0.521	1	1
-0.522	1	1
-0.523	1	1
-0.524	1	1
-0.525	1	1
-0.526	1	1
-0.527	1	1
-0.528	1	1
-0.529	1	1
-0.53	1	1
-0.531	1	1
-0.532	1	1
-0.533	1	1
-0.534	1	1
-0.535	1	1
-0.536	1	1
-0.537	1	1
-0.538	1	1
-0.539	1	1
-0.54	1	1
-0.541	1	1
-0.542	1	1
-0.543	1	1
-0.544	1	1
-0.545	1	1
-0.546	1	1
-0.547	1	1
-0.548	1	1
-0.549	1	1
-0.55	1	1
-0.551	1	1
-0.552	1	1
-0.553	1	1
-0.554	1	1
-0.555	1	1
-0.556	1	1
-0.557	1	1
-0.558	1	1
-0.559	1	1
-0.56	1	1
-0.561	1	1
-0.562	1	1
-0.563	1	1
-0.564	1	1
-0.565	1	1
-0.566	1	1
-0.567	1	1
-0.568	1	1
-0.569	1	1
-0.57	1	1
-0.571	1	1
-0.572	1	1
-0.573	1	1
-0.574	1	1
-0.575	1	1
-0.576	1	1
-0.577	1	1
-0.578	1	1
-0.579	1	1
-0.58	1	1
-0.581	1	1
-0.582	1	1
-0.583	1	1
-0.584	1	1
-0.585	1	1
-0.586	1	1
-0.587	1	1
-0.588	1	1
-0.589	1	1
-0.59	1	1
-0.591	1	1
-0.592	1	1
-0.593	1	1
-0.594	1	1
-0.595	1	1
-0.596	1	1
-0.597	1	1
-0.598	1	1
-0.599	1	1
-0.6	1	1
-0.601	1	1
-0.602	1	1
-0.603	1	1
-0.604	1	1
-0.605	1	1
-0.606	1	1
-0.607	1	1
-0.608	1	1
-0.609	1	1
-0.61	1	1
-0.611	1	1
-0.612	1	1
-0.613	1	1
-0.614	1	1
-0.615	1	1
-0.616	1	1
-0.617	1	1
-0.618	1	1
-0.619	1	1
-0.62	1	1
-0.621	1	1
-0.622	1	1
-0.623	1	1
-0.624	1	1
-0.625	1	1
-0.626	1	1
-0.627	1	1
-0.628	1	1
-0.629	1	1
-0.63	1	1
-0.631	1	1
-0.632	1	1
-0.633	1	1
-0.634	1	1
-0.635	1	1
-0.636	1	1
-0.637	1	1
-0.638	1	1
-0.639	1	1
-0.64	1	1
-0.641	1	1
-0.642	1	1
-0.643	1	1
-0.644	1	1
-0.645	1	1
-0.646	1	1
-0.647	1	1
-0.648	1	1
-0.649	1	1
-0.65	1	1
-0.651	1	1
-0.652	1	1
-0.653	1	1
-0.654	1	1
-0.655	1	1
-0.656	1	1
-0.657	1	1
-0.658	1	1
-0.659	1	1
-0.66	1	1
-0.661	1	1
-0.662	1	1
-0.663	1	1
-0.664	1	1
-0.665	1	1
-0.666	1	1
-0.667	1	1
-0.668	1	1
-0.669	1	1
-0.67	1	1
-0.671	1	1
-0.672	1	1
-0.673	1	1
-0.674	1	1
-0.675	1	1
-0.676	1	1
-0.677	1	1
-0.678	1	1
-0.679	1	1
-0.68	1	1
-0.681	1	1
-0.682	1	1
-0.683	1	1
-0.684	1	1
-0.685	1	1
-0.686	1	1
-0.687	1	1
-0.688	1	1
-0.689	1	1
-0.69	1	1
-0.691	1	1
-0.692	1	1
-0.693	1	1
-0.694	1	1
-0.695	1	1
-0.696	1	1
-0.697	1	1
-0.698	1	1
-0.699	1	1
-0.7	1	1
-0.701	1	1
-0.702	1	1
-0.703	1	1
-0.704	1	1
-0.705	1	1
-0.706	1	1
-0.707	1	1
-0.708	1	1
-0.709	1	1
-0.71	1	1
-0.711	1	1
-0.712	1	1
-0.713	1	1
-0.714	1	1
-0.715	1	1
-0.716	1	1
-0.717	1	1
-0.718	1	1
-0.719	1	1
-0.72	1	1
-0.721	1	1
-0.722	1	1
-0.723	1	1
-0.724	1	1
-0.725	1	1
-0.726	1	1
-0.727	1	1
-0.728	1	1
-0.729	1	1
-0.73	1	1
-0.731	1	1
-0.732	1	1
-0.733	1	1
-0.734	1	1
-0.735	1	1
-0.736	1	1
-0.737	1	1
-0.738	1	1
-0.739	1	1
-0.74	1	1
-0.741	1	1
-0.742	1	1
-0.743	1	1
-0.744	1	1
-0.745	1	1
-0.746	1	1
-0.747	1	1
-0.748	1	1
-0.749	1	1
-0.75	1	1
-0.751	1	1
-0.752	1	1
-0.753	1	1
-0.754	1	1
-0.755	1	1
-0.756	1	1
-0.757	1	1
-0.758	1	1
-0.759	1	1
-0.76	1	1
-0.761	1	1
-0.762	1	1
-0.763	1	1
-0.764	1	1
-0.765	1	1
-0.766	1	1
-0.767	1	1
-0.768	1	1
-0.769	1	1
-0.77	1	1
-0.771	1	1
-0.772	1	1
-0.773	1	1
-0.774	1	1
-0.775	1	1
-0.776	1	1
-0.777	1	1
-0.778	1	1
-0.779	1	1
-0.78	1	1
-0.781	1	1
-0.782	1	1
-0.783	1	1
-0.784	1	1
-0.785	1	1
-0.786	1	1
-0.787	1	1
-0.788	1	1
-0.789	1	1
-0.79	1	1
-0.791	1	1
-0.792	1	1
-0.793	1	1
-0.794	1	1
-0.795	1	1
-0.796	1	1
-0.797	1	1
-0.798	1	1
-0.799	1	1
-0.8	1	1
-0.801	1	1
-0.802	1	1
-0.803	1	1
-0.804	1	1
-0.805	1	1
-0.806	1	1
-0.807	1	1
-0.808	1	1
-0.809	1	1
-0.81	1	1
-0.811	1	1
-0.812	1	1
-0.813	1	1
-0.814	1	1
-0.815	1	1
-0.816	1	1
-0.817	1	1
-0.818	1	1
-0.819	1	1
-0.82	1	1
-0.821	1	1
-0.822	1	1
-0.823	1	1
-0.824	1	1
-0.825	1	1
-0.826	1	1
-0.827	1	1
-0.828	1	1
-0.829	1	1
-0.83	1	1
-0.831	1	1
-0.832	1	1
-0.833	1	1
-0.834	1	1
-0.835	1	1
-0.836	1	1
-0.837	1	1
-0.838	1	1
-0.839	1	1
-0.84	1	1
-0.841	1	1
-0.842	1	1
-0.843	1	1
-0.844	1	1
-0.845	1	1
-0.846	1	1
-0.847	1	1
-0.848	1	1
-0.849	1	1
-0.85	1	1
-0.851	1	1
-0.852	1	1
-0.853	1	1
-0.854	1	1
-0.855	1	1
-0.856	1	1
-0.857	1	1
-0.858	1	1
-0.859	1	1
-0.86	1	1
-0.861	1	1
-0.862	1	1
-0.863	1	1
-0.864	1	1
-0.865	1	1
-0.866	1	1
-0.867	1	1
-0.868	1	1
-0.869	1	1
-0.87	1	1
-0.871	1	1
-0.872	1	1
-0.873	1	1
-0.874	1	1
-0.875	1	1
-0.876	1	1
-0.877	1	1
-0.878	1	1
-0.879	1	1
-0.88	1	1
-0.881	1	1
-0.882	1	1
-0.883	1	1
-0.884	1	1
-0.885	1	1
-0.886	1	1
-0.887	1	1
-0.888	1	1
-0.889	1	1
-0.89	1	1
-0.891	1	1
-0.892	1	1
-0.893	1	1
-0.894	1	1
-0.895	1	1
-0.896	1	1
-0.897	1	1
-0.898	1	1
-0.899	1	1
-0.9	1	1
-0.901	1	1
-0.902	1	1
-0.903	1	1
-0.904	1	1
-0.905	1	1
-0.906	1	1
-0.907	1	1
-0.908	1	1
-0.909	1	1
-0.91	1	1
-0.911	1	1
-0.912	1	1
-0.913	1	1
-0.914	1	1
-0.915	1	1
-0.916	1	1
-0.917	1	1
-0.918	1	1
-0.919	1	1
-0.92	1	1
-0.921	1	1
-0.922	1	1
-0.923	1	1
-0.924	1	1
-0.925	1	1
-0.926	1	1
-0.927	1	1
-0.928	1	1
-0.929	1	1
-0.93	1	1
-0.931	1	1
-0.932	1	1
-0.933	1	1
-0.934	1	1
-0.935	1	1
-0.936	1	1
-0.937	1	1
-0.938	1	1
-0.939	1	1
-0.94	1	1
-0.941	1	1
-0.942	1	1
-0.943	1	1
-0.944	1	1
-0.945	1	1
-0.946	1	1
-0.947	1	1
-0.948	1	1
-0.949	1	1
-0.95	1	1
-0.951	1	1
-0.952	1	1
-0.953	1	1
-0.954	1	1
-0.955	1	1
-0.956	1	1
-0.957	1	1
-0.958	1	1
-0.959	1	1
-0.96	1	1
-0.961	1	1
-0.962	1	1
-0.963	1	1
-0.964	1	1
-0.965	1	1
-0.966	1	1
-0.967	1	1
-0.968	1	1
-0.969	1	1
-0.97	1	1
-0.971	1	1
-0.972	1	1
-0.973	1	1
-0.974	1	1
-0.975	1	1
-0.976	1	1
-0.977	1	1
-0.978	1	1
-0.979	1	1
-0.98	1	1
-0.981	1	1
-0.982	1	1
-0.983	1	1
-0.984	1	1
-0.985	1	1
-0.986	1	1
-0.987	1	1
-0.988	1	1
-0.989	1	1
-0.99	1	1
-0.991	1	1
-0.992	1	1
-0.993	1	1
-0.994	1	1
-0.995	1	1
-0.996	1	1
-0.997	1	1
-0.998	1	1
-0.999	1	1
-1	1	1
