threshold	FAR	TAR
0.999	0	0.0001052853232
0.998	0	0.0002105706465
0.997	0	0.0003158559697
0.996	0	0.0004211412929
0.995	0	0.0004211412929
0.994	0	0.0004211412929
0.993	0	0.0004211412929
0.992	0	0.0004211412929
0.991	0	0.0004211412929
0.99	0	0.0004211412929
0.989	0	0.0004211412929
0.988	0	0.0004211412929
0.987	0	0.0004211412929
0.986	0	0.0004211412929
0.985	0	0.0004211412929
0.984	0	0.0004211412929
0.983	0	0.0004211412929
0.982	0	0.0004211412929
0.981	0	0.0004211412929
0.98	0	0.0004211412929
0.979	0	0.0005264266161
0.978	0	0.0005264266161
0.977	0	0.0005264266161
0.976	0	0.0005264266161
0.975	0	0.0005264266161
0.974	0	0.0005264266161
0.973	0	0.0005264266161
0.972	0	0.0005264266161
0.971	0	0.0005264266161
0.97	0	0.0005264266161
0.969	0	0.0005264266161
0.968	0	0.0005264266161
0.967	0	0.0007369972626
0.966	0	0.0007369972626
0.965	0	0.0007369972626
0.964	0	0.0007369972626
0.963	0	0.0008422825858
0.962	0	0.0008422825858
0.961	0	0.0008422825858
0.96	0	0.0008422825858
0.959	0	0.0008422825858
0.958	0	0.0008422825858
0.957	0	0.0008422825858
0.956	0	0.0008422825858
0.955	0	0.0008422825858
0.954	0	0.0008422825858
0.953	0	0.0008422825858
0.952	0	0.0008422825858
0.951	0	0.000947567909
0.95	0	0.001052853232
0.949	0	0.001158138555
0.948	0	0.001158138555
0.947	0	0.001158138555
0.946	0	0.001158138555
0.945	0	0.001158138555
0.944	0	0.001158138555
0.943	0	0.001158138555
0.942	0	0.001263423879
0.941	0	0.001473994525
0.94	0	0.001579279848
0.939	0	0.001789850495
0.938	0	0.001789850495
0.937	0	0.002000421141
0.936	0	0.002105706465
0.935	0	0.002316277111
0.934	0	0.002421562434
0.933	0	0.002421562434
0.932	0	0.002421562434
0.931	0	0.002421562434
0.93	0	0.002632133081
0.929	0	0.002842703727
0.928	0	0.00294798905
0.927	2.109482122e-07	0.00326384502
0.926	2.109482122e-07	0.00326384502
0.925	4.218964244e-07	0.00357970099
0.924	6.328446366e-07	0.003790271636
0.923	6.328446366e-07	0.004106127606
0.922	6.328446366e-07	0.004106127606
0.921	6.328446366e-07	0.004106127606
0.92	8.437928489e-07	0.004211412929
0.919	8.437928489e-07	0.004632554222
0.918	8.437928489e-07	0.004737839545
0.917	8.437928489e-07	0.005053695515
0.916	1.054741061e-06	0.005264266161
0.915	1.265689273e-06	0.005369551485
0.914	1.265689273e-06	0.005580122131
0.913	1.265689273e-06	0.005895978101
0.912	1.476637485e-06	0.006317119394
0.911	1.476637485e-06	0.006317119394
0.91	2.109482122e-06	0.006422404717
0.909	2.531378547e-06	0.006738260686
0.908	4.008016032e-06	0.006948831333
0.907	4.008016032e-06	0.007159401979
0.906	4.429912456e-06	0.007159401979
0.905	5.906549942e-06	0.007369972626
0.904	6.539394579e-06	0.007475257949
0.903	7.59413564e-06	0.007580543272
0.902	8.226980276e-06	0.007791113919
0.901	9.49266955e-06	0.007896399242
0.9	1.096930704e-05	0.008106969888
0.899	1.392258201e-05	0.008528111181
0.898	1.455542664e-05	0.008633396505
0.897	1.539921949e-05	0.008738681828
0.896	1.771964983e-05	0.008949252474
0.895	2.06729248e-05	0.009265108444
0.894	2.362619977e-05	0.009580964414
0.893	2.657947474e-05	0.01031796168
0.892	2.953274971e-05	0.01052853232
0.891	3.206412826e-05	0.01105495894
0.89	3.754878177e-05	0.01137081491
0.889	4.134584959e-05	0.01168667088
0.888	4.556481384e-05	0.01210781217
0.887	4.936188166e-05	0.01242366814
0.886	5.611222445e-05	0.01295009476
0.885	6.180782618e-05	0.01347652137
0.884	6.919101361e-05	0.01400294799
0.883	7.530851176e-05	0.01410823331
0.882	8.543402595e-05	0.01431880396
0.881	9.577048835e-05	0.01473994525
0.88	0.000103364624	0.0149505159
0.879	0.0001120135007	0.01537165719
0.878	0.0001234047041	0.01568751316
0.877	0.0001377491826	0.01610865445
0.876	0.0001512498682	0.01642451042
0.875	0.0001643286573	0.01705622236
0.874	0.0001765636536	0.01789850495
0.873	0.0001904862356	0.01831964624
0.872	0.0002052526105	0.01863550221
0.871	0.0002208627782	0.01916192883
0.87	0.0002347853602	0.0194777848
0.869	0.0002541925957	0.01979364077
0.868	0.0002780297437	0.02053063803
0.867	0.0002980698239	0.02074120868
0.866	0.0003233836093	0.02137292061
0.865	0.0003470098091	0.02210991788
0.864	0.000372745491	0.02253105917
0.863	0.0003989030693	0.02295220046
0.862	0.0004282248708	0.02347862708
0.861	0.000459234258	0.02411033902
0.86	0.0004879232149	0.02442619499
0.859	0.0005239953591	0.02526847757
0.858	0.000566606898	0.02558433354
0.857	0.0006060542137	0.02621604548
0.856	0.0006497204936	0.02642661613
0.855	0.0006971838414	0.02684775742
0.854	0.0007471785677	0.02790061065
0.853	0.0007988608797	0.02863760792
0.852	0.000853918363	0.02895346389
0.851	0.0009074992089	0.0294798905
0.85	0.0009674085012	0.03000631712
0.849	0.001024786415	0.03053274374
0.848	0.001091867946	0.03116445567
0.847	0.001157683789	0.03211202358
0.846	0.001226452906	0.03337544746
0.845	0.001298386246	0.03474415666
0.844	0.001372640017	0.03569172457
0.843	0.001450268959	0.03642872184
0.842	0.001543508069	0.03727100442
0.841	0.001633372007	0.03832385765
0.84	0.001727243962	0.0399031375
0.839	0.001825756777	0.04085070541
0.838	0.001929332349	0.04211412929
0.837	0.002039658264	0.04285112655
0.836	0.002149773231	0.04358812382
0.835	0.002271701297	0.04432512108
0.834	0.002387511866	0.04506211834
0.833	0.002521253032	0.04611497157
0.832	0.002662377386	0.04685196884
0.831	0.00279886088	0.04864181933
0.83	0.002944415146	0.04958938724
0.829	0.003102415357	0.0503263845
0.828	0.003260415568	0.05127395241
0.827	0.003426431811	0.05222152032
0.826	0.003598354604	0.05306380291
0.825	0.003778926274	0.05506422405
0.824	0.003977428541	0.05632764793
0.823	0.004165805295	0.05790692777
0.822	0.004372112646	0.05885449568
0.821	0.004593819217	0.05990734892
0.82	0.004820377597	0.06117077279
0.819	0.005059170974	0.06180248473
0.818	0.005303238055	0.06275005264
0.817	0.005548570826	0.06443461781
0.816	0.005810357557	0.06622446831
0.815	0.006078472735	0.06727732154
0.814	0.006352283514	0.06780374816
0.813	0.006650775235	0.06885660139
0.812	0.0069498998	0.07033059591
0.811	0.007262314102	0.07169930512
0.81	0.007595823225	0.07327858497
0.809	0.007921527265	0.07422615287
0.808	0.008259466301	0.0757001474
0.807	0.008602046198	0.07654242999
0.806	0.008954962557	0.07770056854
0.805	0.009343318215	0.07896399242
0.804	0.009732728615	0.0802274163
0.803	0.01013774918	0.08191198147
0.802	0.01055669233	0.08349126132
0.801	0.01099841789	0.08517582649
0.8	0.01145828499	0.08601810908
0.799	0.01192785571	0.0888608128
0.798	0.01240987238	0.09012423668
0.797	0.01290644447	0.09159823121
0.796	0.01341145449	0.09296694041
0.795	0.01391878494	0.09412507896
0.794	0.01442864677	0.09528321752
0.793	0.01498470625	0.09738892398
0.792	0.01555131315	0.09907348916
0.791	0.01612213901	0.1008633397
0.79	0.01672713849	0.1019161929
0.789	0.0173331927	0.1033901874
0.788	0.0179474739	0.1046536113
0.787	0.01858200612	0.1061276058
0.786	0.01922919523	0.107496315
0.785	0.01991667546	0.1094967362
0.784	0.02059719439	0.1118130133
0.783	0.02127792427	0.1130764371
0.782	0.02198586647	0.1145504317
0.781	0.02271870056	0.1166561381
0.78	0.0234806455	0.1189724152
0.779	0.02427338888	0.1207622657
0.778	0.02505706149	0.1219204043
0.777	0.02583883557	0.1242366814
0.776	0.02666575256	0.1261318172
0.775	0.02750321696	0.1273952411
0.774	0.02837548782	0.1297115182
0.773	0.02926189221	0.1311855127
0.772	0.03015673452	0.1336070752
0.771	0.03107773442	0.1363444936
0.77	0.03202615758	0.1385554854
0.769	0.03298934712	0.1400294799
0.768	0.03398017087	0.1425563276
0.767	0.03496930704	0.1442408928
0.766	0.03598312414	0.1463465993
0.765	0.03701402806	0.1480311645
0.764	0.0380704567	0.1503474416
0.763	0.03914629259	0.1523478627
0.762	0.0402358401	0.1541377132
0.761	0.04135977218	0.1568751316
0.76	0.04251513553	0.15961255
0.759	0.04368231199	0.1620341124
0.758	0.04489315473	0.1646662455
0.757	0.04614281194	0.166456096
0.756	0.04737706993	0.1691935144
0.755	0.04863305558	0.1710886502
0.754	0.04992237106	0.1737207833
0.753	0.05120535808	0.1764582017
0.752	0.05255268432	0.1784586229
0.751	0.05393334036	0.1807749
0.75	0.05530492564	0.1824594652
0.749	0.05670625461	0.1851968836
0.748	0.05813163168	0.1878290166
0.747	0.05960299546	0.1899347231
0.746	0.06107794536	0.1926721415
0.745	0.06256702879	0.1939355654
0.744	0.06406096403	0.1962518425
0.743	0.06562535598	0.1995156875
0.742	0.06721759308	0.2015161087
0.741	0.06881278346	0.2035165298
0.74	0.07041936505	0.2065698042
0.739	0.07205083852	0.208780796
0.738	0.07373990085	0.211412929
0.737	0.0754281194	0.2142556328
0.736	0.07713574517	0.2165719099
0.735	0.07889484232	0.2180459044
0.734	0.08066047885	0.2207833228
0.733	0.08246113279	0.2232048852
0.732	0.08426220863	0.2253105917
0.731	0.08606602679	0.2280480101
0.73	0.08791435503	0.2301537166
0.729	0.0898175298	0.2326805643
0.728	0.09173230672	0.2353126974
0.727	0.09366058433	0.2386818278
0.726	0.09559687797	0.2419456728
0.725	0.0975698766	0.2440513792
0.724	0.09955595401	0.2471046536
0.723	0.1015951904	0.2508949252
0.722	0.1036610062	0.2541587703
0.721	0.1057565658	0.2563697621
0.72	0.1078628837	0.2588966098
0.719	0.1100156102	0.2610023163
0.718	0.1122147453	0.2646873026
0.717	0.1144183103	0.267740577
0.716	0.116643392	0.2715308486
0.715	0.1189547516	0.2733206991
0.714	0.1212270858	0.2767951148
0.713	0.1235321169	0.2803748158
0.712	0.1258415779	0.2840598021
0.711	0.1282278241	0.2875342177
0.71	0.130586647	0.2901663508
0.709	0.1329929332	0.2935354812
0.708	0.1354530113	0.2961676142
0.707	0.1379529585	0.299010318
0.706	0.1404463664	0.3020635923
0.705	0.142957072	0.3051168667
0.704	0.145503006	0.308801853
0.703	0.1480474633	0.312381554
0.702	0.1506665964	0.3157506844
0.701	0.1533009176	0.3181722468
0.7	0.1559603417	0.3219625184
0.699	0.158598671	0.3242787955
0.698	0.1613112541	0.3276479259
0.697	0.1640307984	0.3308064856
0.696	0.1667897901	0.3353337545
0.695	0.1695416095	0.3387028848
0.694	0.1723721126	0.3415455885
0.693	0.1752186478	0.3453358602
0.692	0.1780845902	0.3482838492
0.691	0.1809640333	0.3521794062
0.69	0.183845164	0.3553379659
0.689	0.1867845164	0.3582859549
0.688	0.1897489716	0.3616550853
0.687	0.19274528	0.3650242156
0.686	0.1957280878	0.3681827753
0.685	0.1987743909	0.371973047
0.684	0.2018407341	0.3750263213
0.683	0.2049336568	0.3778690251
0.682	0.2080620188	0.3808170141
0.681	0.2111939669	0.3839755738
0.68	0.2143208522	0.3872394188
0.679	0.217490771	0.3910296905
0.678	0.2206360089	0.3949252474
0.677	0.2238447421	0.3977679511
0.676	0.2270593819	0.4009265108
0.675	0.2302457547	0.4049273531
0.674	0.2335251556	0.4090334807
0.673	0.2368366206	0.4115603285
0.672	0.2401666491	0.4147188882
0.671	0.2435597511	0.4187197305
0.67	0.2470024259	0.4228258581
0.669	0.2504389832	0.4265108444
0.668	0.2538753296	0.430301116
0.667	0.2573013395	0.434196673
0.666	0.2607980171	0.437460518
0.665	0.2643562915	0.441040219
0.664	0.2678567662	0.4450410613
0.663	0.271397321	0.4500947568
0.662	0.2750049573	0.4545167404
0.661	0.2786094294	0.4580964414
0.66	0.2821959709	0.461886713
0.659	0.2857977007	0.4660981259
0.658	0.2894523784	0.4703095389
0.657	0.2931492459	0.4749420931
0.656	0.2968340892	0.4779953674
0.655	0.3005406603	0.4816803538
0.654	0.304224027	0.4845230575
0.653	0.3078768062	0.4889450411
0.652	0.3115894948	0.4925247421
0.651	0.3153435292	0.4971572963
0.65	0.3191041029	0.4994735734
0.649	0.3228950533	0.5031585597
0.648	0.3267423268	0.5067382607
0.647	0.3305649193	0.5097915351
0.646	0.3344092395	0.513371236
0.645	0.3382451218	0.5174773637
0.644	0.3420761523	0.5204253527
0.643	0.3459818585	0.5236891977
0.642	0.3498744858	0.5270583281
0.641	0.3537399009	0.5307433144
0.64	0.3576559435	0.5339018741
0.639	0.3616183947	0.5369551485
0.638	0.3655650248	0.5407454201
0.637	0.3694903491	0.5441145504
0.636	0.3734903491	0.5469572542
0.635	0.377478536	0.5505369551
0.634	0.3815099673	0.5548536534
0.633	0.3855141863	0.5591703517
0.632	0.3895259994	0.5623289113
0.631	0.3935998312	0.5648557591
0.63	0.3976629048	0.5674878922
0.629	0.4017074148	0.5700147399
0.628	0.4057920051	0.572646873
0.627	0.4098964244	0.5757001474
0.626	0.4139886088	0.5791745631
0.625	0.4180502057	0.58307012
0.624	0.4221459762	0.5857022531
0.623	0.4262063074	0.590229522
0.622	0.4303305558	0.5932827964
0.621	0.4344687269	0.5962307854
0.62	0.4386284147	0.5988629185
0.619	0.4427644763	0.6019161929
0.618	0.4469108744	0.6049694673
0.617	0.4510625461	0.607496315
0.616	0.455230039	0.6108654454
0.615	0.4594110326	0.6154979996
0.614	0.4635899167	0.6188671299
0.613	0.46780867	0.6216045483
0.612	0.471991773	0.6242366814
0.611	0.4762079949	0.6275005264
0.61	0.4804001688	0.6311855127
0.609	0.4846024681	0.6344493578
0.608	0.4888258623	0.6381343441
0.607	0.4930574834	0.6415034744
0.606	0.4972256091	0.6449778901
0.605	0.5014591288	0.6479258791
0.604	0.5056388567	0.6512950095
0.603	0.5098344057	0.6550852811
0.602	0.5140402911	0.6570857023
0.601	0.518244489	0.6595072647
0.6	0.5224313891	0.663508107
0.599	0.526594874	0.6687723731
0.598	0.5307836726	0.6710886502
0.597	0.5349956756	0.6745630659
0.596	0.5392049362	0.6786691935
0.595	0.5434072355	0.6817224679
0.594	0.5476502479	0.6850915982
0.593	0.5518390465	0.6884607286
0.592	0.5559708891	0.6931985681
0.591	0.5601225609	0.6975152664
0.59	0.5642575678	0.7018319646
0.589	0.5683942622	0.7054116656
0.588	0.572517456	0.7096230785
0.587	0.5766695496	0.7127816382
0.586	0.5808583483	0.7158349126
0.585	0.5849747917	0.7206780375
0.584	0.5890819534	0.7238365972
0.583	0.5932488134	0.7259423036
0.582	0.5973205358	0.7284691514
0.581	0.6014724185	0.7316277111
0.58	0.6055597511	0.7344704148
0.579	0.609670077	0.7366814066
0.578	0.6137411665	0.7414192462
0.577	0.6177898956	0.7443672352
0.576	0.6217993883	0.7473152243
0.575	0.6258567662	0.7496315014
0.574	0.629845375	0.7528953464
0.573	0.6338721654	0.7567909033
0.572	0.6378506487	0.7594230364
0.571	0.6417985445	0.7617393135
0.57	0.6457485497	0.7657401558
0.569	0.6496626938	0.7685828595
0.568	0.6536148086	0.7717414192
0.567	0.6575508913	0.7741629817
0.566	0.6614584959	0.777532112
0.565	0.6653633583	0.7795325332
0.564	0.6692393207	0.7824805222
0.563	0.6731382766	0.7860602232
0.562	0.6769796435	0.7891134976
0.561	0.6808081426	0.7919562013
0.56	0.684627149	0.7939566224
0.559	0.6884474212	0.7969046115
0.558	0.6921963928	0.7989050326
0.557	0.6959175192	0.8015371657
0.556	0.6996504588	0.8043798694
0.555	0.7033810779	0.8062750053
0.554	0.7070901804	0.8090124237
0.553	0.710757515	0.8114339861
0.552	0.7144476321	0.8141714045
0.551	0.7180512604	0.8168035376
0.55	0.7216766164	0.8192251
0.549	0.7252351018	0.8218572331
0.548	0.728753718	0.8237523689
0.547	0.7323001793	0.8255422194
0.546	0.7358510706	0.8282796378
0.545	0.7393901487	0.8311223415
0.544	0.7429112963	0.8339650453
0.543	0.7463932075	0.8361760371
0.542	0.7498078262	0.8380711729
0.541	0.75327476	0.8410191619
0.54	0.7566767219	0.8435460097
0.539	0.7601031537	0.8454411455
0.538	0.7634696762	0.847230996
0.537	0.7668197448	0.8491261318
0.536	0.7701105369	0.8521794062
0.535	0.7733785466	0.8538639714
0.534	0.7766661745	0.8564961044
0.533	0.7799139331	0.8590229522
0.532	0.7831110642	0.8611286587
0.531	0.7862446999	0.8632343651
0.53	0.7894234785	0.8658664982
0.529	0.7925666069	0.86807749
0.528	0.7957173294	0.8702884818
0.527	0.7987701719	0.8728153295
0.526	0.80180867	0.8744998947
0.525	0.8048448476	0.8761844599
0.524	0.8078582428	0.878184881
0.523	0.810834933	0.8796588756
0.522	0.8138033963	0.881764582
0.521	0.8166950744	0.8836597178
0.52	0.8195954013	0.885344283
0.519	0.8224756882	0.8876605601
0.518	0.8252969096	0.8898715519
0.517	0.8280858559	0.892187829
0.516	0.8308876701	0.8933459676
0.515	0.8337019302	0.8956622447
0.514	0.8364870794	0.8978732365
0.513	0.8391627465	0.8998736576
0.512	0.8418517034	0.9014529375
0.511	0.844517456	0.9028216467
0.51	0.8471260416	0.9044009265
0.509	0.8497365257	0.9060854917
0.508	0.8523090391	0.9076647715
0.507	0.8548682628	0.9099810486
0.506	0.8573878283	0.9114550432
0.505	0.8598793376	0.9131396083
0.504	0.8623489083	0.9147188882
0.503	0.8648478009	0.9164034534
0.502	0.8672475477	0.9182985892
0.501	0.8696367472	0.9200884397
0.5	0.8720253138	0.9219835755
0.499	0.8743794958	0.9235628553
0.498	0.8766735576	0.9254579912
0.497	0.8789427276	0.9266161297
0.496	0.8812021939	0.9279848389
0.495	0.8834610273	0.9292482628
0.494	0.8856616391	0.9307222573
0.493	0.8878261787	0.9321962518
0.492	0.8900128678	0.9333543904
0.491	0.8921238266	0.9347230996
0.49	0.8942103154	0.9357759528
0.489	0.8962628415	0.9364076648
0.488	0.8983322434	0.937776374
0.487	0.9003248602	0.9388292272
0.486	0.9022843582	0.9399873658
0.485	0.9042375277	0.9414613603
0.484	0.9061776184	0.9425142135
0.483	0.9080974581	0.9435670668
0.482	0.9099472629	0.944935776
0.481	0.9118074043	0.9460939145
0.48	0.9136559435	0.9468309118
0.479	0.9154333931	0.9477784797
0.478	0.9171587385	0.9492524742
0.477	0.9189026474	0.9498841861
0.476	0.9206474001	0.9513581807
0.475	0.9223577682	0.9525163192
0.474	0.9240345955	0.9537797431
0.473	0.9256932813	0.955043167
0.472	0.9272933235	0.9555695936
0.471	0.9288566607	0.9566224468
0.47	0.9304339205	0.957991156
0.469	0.9320033752	0.9590440093
0.468	0.9334998418	0.9599915772
0.467	0.93498998	0.9609391451
0.466	0.9364742116	0.9614655717
0.465	0.9379373484	0.962202569
0.464	0.9393705305	0.9626237103
0.463	0.9407786099	0.9635712782
0.462	0.9421957599	0.9647294167
0.461	0.9435679781	0.9658875553
0.46	0.9448942095	0.9668351232
0.459	0.9462031431	0.9674668351
0.458	0.9474871849	0.9680985471
0.457	0.9487338888	0.9688355443
0.456	0.9499603417	0.9698883976
0.455	0.9511937559	0.9703095389
0.454	0.9523689484	0.9708359655
0.453	0.9535502584	0.9709412508
0.452	0.9547035123	0.9715729627
0.451	0.9558464297	0.97230996
0.45	0.9569511655	0.9731522426
0.449	0.9580540027	0.9735733839
0.448	0.959128362	0.9742050958
0.447	0.9601852125	0.9749420931
0.446	0.96120578	0.9757843757
0.445	0.9622307773	0.9763108023
0.444	0.9632034596	0.9773636555
0.443	0.9641641177	0.9778900821
0.442	0.9651216116	0.9785217941
0.441	0.9660613859	0.979469362
0.44	0.9669779559	0.9802063592
0.439	0.9678744858	0.9806275005
0.438	0.9687427487	0.9812592125
0.437	0.9696221918	0.9816803538
0.436	0.9704655627	0.9822067804
0.435	0.9713097774	0.9829437776
0.434	0.9721096931	0.9837860602
0.433	0.9728705833	0.9839966309
0.432	0.9736224027	0.9850494841
0.431	0.9743816053	0.9855759107
0.43	0.9751190803	0.9862076227
0.429	0.9758436874	0.9864181933
0.428	0.9765651303	0.9867340493
0.427	0.9772353127	0.9873657612
0.426	0.977881869	0.9874710465
0.425	0.9785339099	0.9877869025
0.424	0.9791724502	0.9879974732
0.423	0.9798048729	0.9879974732
0.422	0.9804259044	0.9884186144
0.421	0.9810091762	0.9884186144
0.42	0.9815713532	0.9888397557
0.419	0.9821137011	0.9891556117
0.418	0.9826811518	0.9897873236
0.417	0.9832118975	0.9905243209
0.416	0.9837504483	0.9908401769
0.415	0.9842522941	0.9913666035
0.414	0.9847556165	0.9915771741
0.413	0.9852163274	0.9918930301
0.412	0.9857000316	0.9922088861
0.411	0.9861539922	0.9924194567
0.41	0.986598671	0.9925247421
0.409	0.9870148718	0.9929458833
0.408	0.9874344478	0.9932617393
0.407	0.9878474844	0.9933670246
0.406	0.9882352073	0.99347231
0.405	0.9886309461	0.9936828806
0.404	0.9889992617	0.9939987366
0.403	0.9893642021	0.9942093072
0.402	0.9897048835	0.9944198779
0.401	0.9900379707	0.9946304485
0.4	0.9903761207	0.9947357338
0.399	0.9907216538	0.9949463045
0.398	0.9910340681	0.9950515898
0.397	0.9913336146	0.9950515898
0.396	0.9916243012	0.9950515898
0.395	0.9919095032	0.9951568751
0.394	0.9921850016	0.9951568751
0.393	0.9924503744	0.9953674458
0.392	0.9927159582	0.9954727311
0.391	0.9929728932	0.9954727311
0.39	0.9932224449	0.9955780164
0.389	0.9934644025	0.9957885871
0.388	0.9937002426	0.996104443
0.387	0.9939358717	0.9962097284
0.386	0.9941472419	0.9963150137
0.385	0.9943602995	0.9966308697
0.384	0.9945602785	0.9968414403
0.383	0.9947627887	0.9968414403
0.382	0.9949596034	0.9969467256
0.381	0.9951505115	0.9969467256
0.38	0.9953355131	0.9971572963
0.379	0.9955084907	0.9972625816
0.378	0.995678093	0.9972625816
0.377	0.9958445312	0.9972625816
0.376	0.9960010547	0.9972625816
0.375	0.9961626411	0.9975784376
0.374	0.9963103048	0.9976837229
0.373	0.996452062	0.9977890082
0.372	0.9965868579	0.9978942935
0.371	0.9967119502	0.9979995789
0.37	0.9968425272	0.9979995789
0.369	0.996965299	0.9979995789
0.368	0.9970840629	0.9979995789
0.367	0.9972045143	0.9981048642
0.366	0.9973167387	0.9981048642
0.365	0.9974222128	0.9981048642
0.364	0.9975196709	0.9982101495
0.363	0.9976186056	0.9982101495
0.362	0.9977088915	0.9982101495
0.361	0.9977998101	0.9982101495
0.36	0.9978903069	0.9984207202
0.359	0.99797553	0.9984207202
0.358	0.998057167	0.9985260055
0.357	0.9981335302	0.9985260055
0.356	0.9982105263	0.9985260055
0.355	0.9982761312	0.9985260055
0.354	0.9983432127	0.9985260055
0.353	0.9984147242	0.9985260055
0.352	0.9984851809	0.9985260055
0.351	0.9985550047	0.9986312908
0.35	0.9986168126	0.9986312908
0.349	0.9986735576	0.9986312908
0.348	0.9987294589	0.9986312908
0.347	0.9987817741	0.9986312908
0.346	0.9988271279	0.9987365761
0.345	0.9988802869	0.9987365761
0.344	0.9989237422	0.9987365761
0.343	0.9989646662	0.9988418614
0.342	0.99901002	0.9989471468
0.341	0.9990595929	0.9989471468
0.34	0.9990984073	0.9990524321
0.339	0.9991391203	0.9990524321
0.338	0.9991798334	0.9990524321
0.337	0.9992182259	0.9991577174
0.336	0.9992549309	0.9991577174
0.335	0.9992882607	0.9991577174
0.334	0.9993180044	0.9993682881
0.333	0.9993475372	0.9994735734
0.332	0.9993785466	0.9995788587
0.331	0.9994047041	0.9995788587
0.33	0.9994333931	0.9995788587
0.329	0.9994595507	0.999684144
0.328	0.9994846535	0.9997894294
0.327	0.9995074359	0.9997894294
0.326	0.9995308512	0.9997894294
0.325	0.9995540555	0.9997894294
0.324	0.9995711423	0.9997894294
0.323	0.9995899167	0.9997894294
0.322	0.9996093239	0.9997894294
0.321	0.9996278874	0.9997894294
0.32	0.9996443413	0.9997894294
0.319	0.999662061	0.9997894294
0.318	0.9996802025	0.9997894294
0.317	0.9996934922	0.9997894294
0.316	0.9997086805	0.9997894294
0.315	0.9997213374	0.9997894294
0.314	0.9997331505	0.9997894294
0.313	0.9997477059	0.9997894294
0.312	0.9997582533	0.9997894294
0.311	0.9997711212	0.9997894294
0.31	0.9997831452	0.9997894294
0.309	0.9997934817	0.9997894294
0.308	0.9998050839	0.9997894294
0.307	0.9998143656	0.9997894294
0.306	0.9998228035	0.9997894294
0.305	0.9998320852	0.9997894294
0.304	0.9998424217	0.9997894294
0.303	0.9998523363	0.9998947147
0.302	0.9998595085	0.9998947147
0.301	0.9998683683	1
0.3	0.9998761734	1
0.299	0.9998806033	1
0.298	0.9998856661	1
0.297	0.9998936821	1
0.296	0.9999002215	1
0.295	0.999906128	1
0.294	0.9999109799	1
0.293	0.9999149879	1
0.292	0.9999219492	1
0.291	0.99992659	1
0.29	0.9999299652	1
0.289	0.9999339732	1
0.288	0.9999379812	1
0.287	0.9999417783	1
0.286	0.9999443097	1
0.285	0.9999476848	1
0.284	0.9999495834	1
0.283	0.9999525367	1
0.282	0.999955279	1
0.281	0.9999567556	1
0.28	0.9999588651	1
0.279	0.9999618184	1
0.278	0.9999641388	1
0.277	0.9999656154	1
0.276	0.9999670921	1
0.275	0.9999685687	1
0.274	0.9999698344	1
0.273	0.999971311	1
0.272	0.9999725767	1
0.271	0.9999742643	1
0.27	0.9999748972	1
0.269	0.9999763738	1
0.268	0.9999780614	1
0.267	0.9999789052	1
0.266	0.9999805928	1
0.265	0.9999820694	1
0.264	0.9999843898	1
0.263	0.9999856555	1
0.262	0.9999875541	1
0.261	0.9999883978	1
0.26	0.9999894526	1
0.259	0.9999898745	1
0.258	0.9999905073	1
0.257	0.9999913511	1
0.256	0.9999913511	1
0.255	0.9999915621	1
0.254	0.999991984	1
0.253	0.9999934606	1
0.252	0.9999936716	1
0.251	0.9999938825	1
0.25	0.9999943044	1
0.249	0.9999945153	1
0.248	0.9999947263	1
0.247	0.9999951482	1
0.246	0.9999951482	1
0.245	0.9999953591	1
0.244	0.999995992	1
0.243	0.999995992	1
0.242	0.9999968358	1
0.241	0.9999968358	1
0.24	0.9999974686	1
0.239	0.9999974686	1
0.238	0.9999974686	1
0.237	0.9999978905	1
0.236	0.9999981015	1
0.235	0.9999983124	1
0.234	0.9999983124	1
0.233	0.9999985234	1
0.232	0.9999987343	1
0.231	0.9999987343	1
0.23	0.9999989453	1
0.229	0.9999989453	1
0.228	0.9999993672	1
0.227	0.9999995781	1
0.226	0.9999997891	1
0.225	0.9999997891	1
0.224	0.9999997891	1
0.223	0.9999997891	1
0.222	1	1
0.221	1	1
0.22	1	1
0.219	1	1
0.218	1	1
0.217	1	1
0.216	1	1
0.215	1	1
0.214	1	1
0.213	1	1
0.212	1	1
0.211	1	1
0.21	1	1
0.209	1	1
0.208	1	1
0.207	1	1
0.206	1	1
0.205	1	1
0.204	1	1
0.203	1	1
0.202	1	1
0.201	1	1
0.2	1	1
0.199	1	1
0.198	1	1
0.197	1	1
0.196	1	1
0.195	1	1
0.194	1	1
0.193	1	1
0.192	1	1
0.191	1	1
0.19	1	1
0.189	1	1
0.188	1	1
0.187	1	1
0.186	1	1
0.185	1	1
0.184	1	1
0.183	1	1
0.182	1	1
0.181	1	1
0.18	1	1
0.179	1	1
0.178	1	1
0.177	1	1
0.176	1	1
0.175	1	1
0.174	1	1
0.173	1	1
0.172	1	1
0.171	1	1
0.17	1	1
0.169	1	1
0.168	1	1
0.167	1	1
0.166	1	1
0.165	1	1
0.164	1	1
0.163	1	1
0.162	1	1
0.161	1	1
0.16	1	1
0.159	1	1
0.158	1	1
0.157	1	1
0.156	1	1
0.155	1	1
0.154	1	1
0.153	1	1
0.152	1	1
0.151	1	1
0.15	1	1
0.149	1	1
0.148	1	1
0.147	1	1
0.146	1	1
0.145	1	1
0.144	1	1
0.143	1	1
0.142	1	1
0.141	1	1
0.14	1	1
0.139	1	1
0.138	1	1
0.137	1	1
0.136	1	1
0.135	1	1
0.134	1	1
0.133	1	1
0.132	1	1
0.131	1	1
0.13	1	1
0.129	1	1
0.128	1	1
0.127	1	1
0.126	1	1
0.125	1	1
0.124	1	1
0.123	1	1
0.122	1	1
0.121	1	1
0.12	1	1
0.119	1	1
0.118	1	1
0.117	1	1
0.116	1	1
0.115	1	1
0.114	1	1
0.113	1	1
0.112	1	1
0.111	1	1
0.11	1	1
0.109	1	1
0.108	1	1
0.107	1	1
0.106	1	1
0.105	1	1
0.104	1	1
0.103	1	1
0.102	1	1
0.101	1	1
0.1	1	1
0.099	1	1
0.098	1	1
0.097	1	1
0.096	1	1
0.095	1	1
0.094	1	1
0.093	1	1
0.092	1	1
0.091	1	1
0.09	1	1
0.089	1	1
0.088	1	1
0.087	1	1
0.086	1	1
0.085	1	1
0.084	1	1
0.083	1	1
0.082	1	1
0.081	1	1
0.08	1	1
0.079	1	1
0.078	1	1
0.077	1	1
0.076	1	1
0.075	1	1
0.074	1	1
0.073	1	1
0.072	1	1
0.071	1	1
0.07	1	1
0.069	1	1
0.068	1	1
0.067	1	1
0.066	1	1
0.065	1	1
0.064	1	1
0.063	1	1
0.062	1	1
0.061	1	1
0.06	1	1
0.059	1	1
0.058	1	1
0.057	1	1
0.056	1	1
0.055	1	1
0.054	1	1
0.053	1	1
0.052	1	1
0.051	1	1
0.05	1	1
0.049	1	1
0.048	1	1
0.047	1	1
0.046	1	1
0.045	1	1
0.044	1	1
0.043	1	1
0.042	1	1
0.041	1	1
0.04	1	1
0.039	1	1
0.038	1	1
0.037	1	1
0.036	1	1
0.035	1	1
0.034	1	1
0.033	1	1
0.032	1	1
0.031	1	1
0.03	1	1
0.029	1	1
0.028	1	1
0.027	1	1
0.026	1	1
0.025	1	1
0.024	1	1
0.023	1	1
0.022	1	1
0.021	1	1
0.02	1	1
0.019	1	1
0.018	1	1
0.017	1	1
0.016	1	1
0.015	1	1
0.014	1	1
0.013	1	1
0.012	1	1
0.011	1	1
0.01	1	1
0.009	1	1
0.008	1	1
0.007	1	1
0.006	1	1
0.005	1	1
0.004	1	1
0.003	1	1
0.002	1	1
0.001	1	1
0	1	1
-0.001	1	1
-0.002	1	1
-0.003	1	1
-0.004	1	1
-0.005	1	1
-0.006	1	1
-0.007	1	1
-0.008	1	1
-0.009	1	1
-0.01	1	1
-0.011	1	1
-0.012	1	1
-0.013	1	1
-0.014	1	1
-0.015	1	1
-0.016	1	1
-0.017	1	1
-0.018	1	1
-0.019	1	1
-0.02	1	1
-0.021	1	1
-0.022	1	1
-0.023	1	1
-0.024	1	1
-0.025	1	1
-0.026	1	1
-0.027	1	1
-0.028	1	1
-0.029	1	1
-0.03	1	1
-0.031	1	1
-0.032	1	1
-0.033	1	1
-0.034	1	1
-0.035	1	1
-0.036	1	1
-0.037	1	1
-0.038	1	1
-0.039	1	1
-0.04	1	1
-0.041	1	1
-0.042	1	1
-0.043	1	1
-0.044	1	1
-0.045	1	1
-0.046	1	1
-0.047	1	1
-0.048	1	1
-0.049	1	1
-0.05	1	1
-0.051	1	1
-0.052	1	1
-0.053	1	1
-0.054	1	1
-0.055	1	1
-0.056	1	1
-0.057	1	1
-0.058	1	1
-0.059	1	1
-0.06	1	1
-0.061	1	1
-0.062	1	1
-0.063	1	1
-0.064	1	1
-0.065	1	1
-0.066	1	1
-0.067	1	1
-0.068	1	1
-0.069	1	1
-0.07	1	1
-0.071	1	1
-0.072	1	1
-0.073	1	1
-0.074	1	1
-0.075	1	1
-0.076	1	1
-0.077	1	1
-0.078	1	1
-0.079	1	1
-0.08	1	1
-0.081	1	1
-0.082	1	1
-0.083	1	1
-0.084	1	1
-0.085	1	1
-0.086	1	1
-0.087	1	1
-0.088	1	1
-0.089	1	1
-0.09	1	1
-0.091	1	1
-0.092	1	1
-0.093	1	1
-0.094	1	1
-0.095	1	1
-0.096	1	1
-0.097	1	1
-0.098	1	1
-0.099	1	1
-0.1	1	1
-0.101	1	1
-0.102	1	1
-0.103	1	1
-0.104	1	1
-0.105	1	1
-0.106	1	1
-0.107	1	1
-0.108	1	1
-0.109	1	1
-0.11	1	1
-0.111	1	1
-0.112	1	1
-0.113	1	1
-0.114	1	1
-0.115	1	1
-0.116	1	1
-0.117	1	1
-0.118	1	1
-0.119	1	1
-0.12	1	1
-0.121	1	1
-0.122	1	1
-0.123	1	1
-0.124	1	1
-0.125	1	1
-0.126	1	1
-0.127	1	1
-0.128	1	1
-0.129	1	1
-0.13	1	1
-0.131	1	1
-0.132	1	1
-0.133	1	1
-0.134	1	1
-0.135	1	1
-0.136	1	1
-0.137	1	1
-0.138	1	1
-0.139	1	1
-0.14	1	1
-0.141	1	1
-0.142	1	1
-0.143	1	1
-0.144	1	1
-0.145	1	1
-0.146	1	1
-0.147	1	1
-0.148	1	1
-0.149	1	1
-0.15	1	1
-0.151	1	1
-0.152	1	1
-0.153	1	1
-0.154	1	1
-0.155	1	1
-0.156	1	1
-0.157	1	1
-0.158	1	1
-0.159	1	1
-0.16	1	1
-0.161	1	1
-0.162	1	1
-0.163	1	1
-0.164	1	1
-0.165	1	1
-0.166	1	1
-0.167	1	1
-0.168	1	1
-0.169	1	1
-0.17	1	1
-0.171	1	1
-0.172	1	1
-0.173	1	1
-0.174	1	1
-0.175	1	1
-0.176	1	1
-0.177	1	1
-0.178	1	1
-0.179	1	1
-0.18	1	1
-0.181	1	1
-0.182	1	1
-0.183	1	1
-0.184	1	1
-0.185	1	1
-0.186	1	1
-0.187	1	1
-0.188	1	1
-0.189	1	1
-0.19	1	1
-0.191	1	1
-0.192	1	1
-0.193	1	1
-0.194	1	1
-0.195	1	1
-0.196	1	1
-0.197	1	1
-0.198	1	1
-0.199	1	1
-0.2	1	1
-0.201	1	1
-0.202	1	1
-0.203	1	1
-0.204	1	1
-0.205	1	1
-0.206	1	1
-0.207	1	1
-0.208	1	1
-0.209	1	1
-0.21	1	1
-0.211	1	1
-0.212	1	1
-0.213	1	1
-0.214	1	1
-0.215	1	1
-0.216	1	1
-0.217	1	1
-0.218	1	1
-0.219	1	1
-0.22	1	1
-0.221	1	1
-0.222	1	1
-0.223	1	1
-0.224	1	1
-0.225	1	1
-0.226	1	1
-0.227	1	1
-0.228	1	1
-0.229	1	1
-0.23	1	1
-0.231	1	1
-0.232	1	1
-0.233	1	1
-0.234	1	1
-0.235	1	1
-0.236	1	1
-0.237	1	1
-0.238	1	1
-0.239	1	1
-0.24	1	1
-0.241	1	1
-0.242	1	1
-0.243	1	1
-0.244	1	1
-0.245	1	1
-0.246	1	1
-0.247	1	1
-0.248	1	1
-0.249	1	1
-0.25	1	1
-0.251	1	1
-0.252	1	1
-0.253	1	1
-0.254	1	1
-0.255	1	1
-0.256	1	1
-0.257	1	1
-0.258	1	1
-0.259	1	1
-0.26	1	1
-0.261	1	1
-0.262	1	1
-0.263	1	1
-0.264	1	1
-0.265	1	1
-0.266	1	1
-0.267	1	1
-0.268	1	1
-0.269	1	1
-0.27	1	1
-0.271	1	1
-0.272	1	1
-0.273	1	1
-0.274	1	1
-0.275	1	1
-0.276	1	1
-0.277	1	1
-0.278	1	1
-0.279	1	1
-0.28	1	1
-0.281	1	1
-0.282	1	1
-0.283	1	1
-0.284	1	1
-0.285	1	1
-0.286	1	1
-0.287	1	1
-0.288	1	1
-0.289	1	1
-0.29	1	1
-0.291	1	1
-0.292	1	1
-0.293	1	1
-0.294	1	1
-0.295	1	1
-0.296	1	1
-0.297	1	1
-0.298	1	1
-0.299	1	1
-0.3	1	1
-0.301	1	1
-0.302	1	1
-0.303	1	1
-0.304	1	1
-0.305	1	1
-0.306	1	1
-0.307	1	1
-0.308	1	1
-0.309	1	1
-0.31	1	1
-0.311	1	1
-0.312	1	1
-0.313	1	1
-0.314	1	1
-0.315	1	1
-0.316	1	1
-0.317	1	1
-0.318	1	1
-0.319	1	1
-0.32	1	1
-0.321	1	1
-0.322	1	1
-0.323	1	1
-0.324	1	1
-0.325	1	1
-0.326	1	1
-0.327	1	1
-0.328	1	1
-0.329	1	1
-0.33	1	1
-0.331	1	1
-0.332	1	1
-0.333	1	1
-0.334	1	1
-0.335	1	1
-0.336	1	1
-0.337	1	1
-0.338	1	1
-0.339	1	1
-0.34	1	1
-0.341	1	1
-0.342	1	1
-0.343	1	1
-0.344	1	1
-0.345	1	1
-0.346	1	1
-0.347	1	1
-0.348	1	1
-0.349	1	1
-0.35	1	1
-0.351	1	1
-0.352	1	1
-0.353	1	1
-0.354	1	1
-0.355	1	1
-0.356	1	1
-0.357	1	1
-0.358	1	1
-0.359	1	1
-0.36	1	1
-0.361	1	1
-0.362	1	1
-0.363	1	1
-0.364	1	1
-0.365	1	1
-0.366	1	1
-0.367	1	1
-0.368	1	1
-0.369	1	1
-0.37	1	1
-0.371	1	1
-0.372	1	1
-0.373	1	1
-0.374	1	1
-0.375	1	1
-0.376	1	1
-0.377	1	1
-0.378	1	1
-0.379	1	1
-0.38	1	1
-0.381	1	1
-0.382	1	1
-0.383	1	1
-0.384	1	1
-0.385	1	1
-0.386	1	1
-0.387	1	1
-0.388	1	1
-0.389	1	1
-0.39	1	1
-0.391	1	1
-0.392	1	1
-0.393	1	1
-0.394	1	1
-0.395	1	1
-0.396	1	1
-0.397	1	1
-0.398	1	1
-0.399	1	1
-0.4	1	1
-0.401	1	1
-0.402	1	1
-0.403	1	1
-0.404	1	1
-0.405	1	1
-0.406	1	1
-0.407	1	1
-0.408	1	1
-0.409	1	1
-0.41	1	1
-0.411	1	1
-0.412	1	1
-0.413	1	1
-0.414	1	1
-0.415	1	1
-0.416	1	1
-0.417	1	1
-0.418	1	1
-0.419	1	1
-0.42	1	1
-0.421	1	1
-0.422	1	1
-0.423	1	1
-0.424	1	1
-0.425	1	1
-0.426	1	1
-0.427	1	1
-0.428	1	1
-0.429	1	1
-0.43	1	1
-0.431	1	1
-0.432	1	1
-0.433	1	1
-0.434	1	1
-0.435	1	1
-0.436	1	1
-0.437	1	1
-0.438	1	1
-0.439	1	1
-0.44	1	1
-0.441	1	1
-0.442	1	1
-0.443	1	1
-0.444	1	1
-0.445	1	1
-0.446	1	1
-0.447	1	1
-0.448	1	1
-0.449	1	1
-0.45	1	1
-0.451	1	1
-0.452	1	1
-0.453	1	1
-0.454	1	1
-0.455	1	1
-0.456	1	1
-0.457	1	1
-0.458	1	1
-0.459	1	1
-0.46	1	1
-0.461	1	1
-0.462	1	1
-0.463	1	1
-0.464	1	1
-0.465	1	1
-0.466	1	1
-0.467	1	1
-0.468	1	1
-0.469	1	1
-0.47	1	1
-0.471	1	1
-0.472	1	1
-0.473	1	1
-0.474	1	1
-0.475	1	1
-0.476	1	1
-0.477	1	1
-0.478	1	1
-0.479	1	1
-0.48	1	1
-0.481	1	1
-0.482	1	1
-0.483	1	1
-0.484	1	1
-0.485	1	1
-0.486	1	1
-0.487	1	1
-0.488	1	1
-0.489	1	1
-0.49	1	1
-0.491	1	1
-0.492	1	1
-0.493	1	1
-0.494	1	1
-0.495	1	1
-0.496	1	1
-0.497	1	1
-0.498	1	1
-0.499	1	1
-0.5	1	1
-0.501	1	1
-0.502	1	1
-0.503	1	1
-0.504	1	1
-0.505	1	1
-0.506	1	1
-0.507	1	1
-0.508	1	1
-0.509	1	1
-0.51	1	1
-0.511	1	1
-0.512	1	1
-0.513	1	1
-0.514	1	1
-0.515	1	1
-0.516	1	1
-0.517	1	1
-0.518	1	1
-0.519	1	1
-0.52	1	1
-0.521	1	1
-0.522	1	1
-0.523	1	1
-0.524	1	1
-0.525	1	1
-0.526	1	1
-0.527	1	1
-0.528	1	1
-0.529	1	1
-0.53	1	1
-0.531	1	1
-0.532	1	1
-0.533	1	1
-0.534	1	1
-0.535	1	1
-0.536	1	1
-0.537	1	1
-0.538	1	1
-0.539	1	1
-0.54	1	1
-0.541	1	1
-0.542	1	1
-0.543	1	1
-0.544	1	1
-0.545	1	1
-0.546	1	1
-0.547	1	1
-0.548	1	1
-0.549	1	1
-0.55	1	1
-0.551	1	1
-0.552	1	1
-0.553	1	1
-0.554	1	1
-0.555	1	1
-0.556	1	1
-0.557	1	1
-0.558	1	1
-0.559	1	1
-0.56	1	1
-0.561	1	1
-0.562	1	1
-0.563	1	1
-0.564	1	1
-0.565	1	1
-0.566	1	1
-0.567	1	1
-0.568	1	1
-0.569	1	1
-0.57	1	1
-0.571	1	1
-0.572	1	1
-0.573	1	1
-0.574	1	1
-0.575	1	1
-0.576	1	1
-0.577	1	1
-0.578	1	1
-0.579	1	1
-0.58	1	1
-0.581	1	1
-0.582	1	1
-0.583	1	1
-0.584	1	1
-0.585	1	1
-0.586	1	1
-0.587	1	1
-0.588	1	1
-0.589	1	1
-0.59	1	1
-0.591	1	1
-0.592	1	1
-0.593	1	1
-0.594	1	1
-0.595	1	1
-0.596	1	1
-0.597	1	1
-0.598	1	1
-0.599	1	1
-0.6	1	1
-0.601	1	1
-0.602	1	1
-0.603	1	1
-0.604	1	1
-0.605	1	1
-0.606	1	1
-0.607	1	1
-0.608	1	1
-0.609	1	1
-0.61	1	1
-0.611	1	1
-0.612	1	1
-0.613	1	1
-0.614	1	1
-0.615	1	1
-0.616	1	1
-0.617	1	1
-0.618	1	1
-0.619	1	1
-0.62	1	1
-0.621	1	1
-0.622	1	1
-0.623	1	1
-0.624	1	1
-0.625	1	1
-0.626	1	1
-0.627	1	1
-0.628	1	1
-0.629	1	1
-0.63	1	1
-0.631	1	1
-0.632	1	1
-0.633	1	1
-0.634	1	1
-0.635	1	1
-0.636	1	1
-0.637	1	1
-0.638	1	1
-0.639	1	1
-0.64	1	1
-0.641	1	1
-0.642	1	1
-0.643	1	1
-0.644	1	1
-0.645	1	1
-0.646	1	1
-0.647	1	1
-0.648	1	1
-0.649	1	1
-0.65	1	1
-0.651	1	1
-0.652	1	1
-0.653	1	1
-0.654	1	1
-0.655	1	1
-0.656	1	1
-0.657	1	1
-0.658	1	1
-0.659	1	1
-0.66	1	1
-0.661	1	1
-0.662	1	1
-0.663	1	1
-0.664	1	1
-0.665	1	1
-0.666	1	1
-0.667	1	1
-0.668	1	1
-0.669	1	1
-0.67	1	1
-0.671	1	1
-0.672	1	1
-0.673	1	1
-0.674	1	1
-0.675	1	1
-0.676	1	1
-0.677	1	1
-0.678	1	1
-0.679	1	1
-0.68	1	1
-0.681	1	1
-0.682	1	1
-0.683	1	1
-0.684	1	1
-0.685	1	1
-0.686	1	1
-0.687	1	1
-0.688	1	1
-0.689	1	1
-0.69	1	1
-0.691	1	1
-0.692	1	1
-0.693	1	1
-0.694	1	1
-0.695	1	1
-0.696	1	1
-0.697	1	1
-0.698	1	1
-0.699	1	1
-0.7	1	1
-0.701	1	1
-0.702	1	1
-0.703	1	1
-0.704	1	1
-0.705	1	1
-0.706	1	1
-0.707	1	1
-0.708	1	1
-0.709	1	1
-0.71	1	1
-0.711	1	1
-0.712	1	1
-0.713	1	1
-0.714	1	1
-0.715	1	1
-0.716	1	1
-0.717	1	1
-0.718	1	1
-0.719	1	1
-0.72	1	1
-0.721	1	1
-0.722	1	1
-0.723	1	1
-0.724	1	1
-0.725	1	1
-0.726	1	1
-0.727	1	1
-0.728	1	1
-0.729	1	1
-0.73	1	1
-0.731	1	1
-0.732	1	1
-0.733	1	1
-0.734	1	1
-0.735	1	1
-0.736	1	1
-0.737	1	1
-0.738	1	1
-0.739	1	1
-0.74	1	1
-0.741	1	1
-0.742	1	1
-0.743	1	1
-0.744	1	1
-0.745	1	1
-0.746	1	1
-0.747	1	1
-0.748	1	1
-0.749	1	1
-0.75	1	1
-0.751	1	1
-0.752	1	1
-0.753	1	1
-0.754	1	1
-0.755	1	1
-0.756	1	1
-0.757	1	1
-0.758	1	1
-0.759	1	1
-0.76	1	1
-0.761	1	1
-0.762	1	1
-0.763	1	1
-0.764	1	1
-0.765	1	1
-0.766	1	1
-0.767	1	1
-0.768	1	1
-0.769	1	1
-0.77	1	1
-0.771	1	1
-0.772	1	1
-0.773	1	1
-0.774	1	1
-0.775	1	1
-0.776	1	1
-0.777	1	1
-0.778	1	1
-0.779	1	1
-0.78	1	1
-0.781	1	1
-0.782	1	1
-0.783	1	1
-0.784	1	1
-0.785	1	1
-0.786	1	1
-0.787	1	1
-0.788	1	1
-0.789	1	1
-0.79	1	1
-0.791	1	1
-0.792	1	1
-0.793	1	1
-0.794	1	1
-0.795	1	1
-0.796	1	1
-0.797	1	1
-0.798	1	1
-0.799	1	1
-0.8	1	1
-0.801	1	1
-0.802	1	1
-0.803	1	1
-0.804	1	1
-0.805	1	1
-0.806	1	1
-0.807	1	1
-0.808	1	1
-0.809	1	1
-0.81	1	1
-0.811	1	1
-0.812	1	1
-0.813	1	1
-0.814	1	1
-0.815	1	1
-0.816	1	1
-0.817	1	1
-0.818	1	1
-0.819	1	1
-0.82	1	1
-0.821	1	1
-0.822	1	1
-0.823	1	1
-0.824	1	1
-0.825	1	1
-0.826	1	1
-0.827	1	1
-0.828	1	1
-0.829	1	1
-0.83	1	1
-0.831	1	1
-0.832	1	1
-0.833	1	1
-0.834	1	1
-0.835	1	1
-0.836	1	1
-0.837	1	1
-0.838	1	1
-0.839	1	1
-0.84	1	1
-0.841	1	1
-0.842	1	1
-0.843	1	1
-0.844	1	1
-0.845	1	1
-0.846	1	1
-0.847	1	1
-0.848	1	1
-0.849	1	1
-0.85	1	1
-0.851	1	1
-0.852	1	1
-0.853	1	1
-0.854	1	1
-0.855	1	1
-0.856	1	1
-0.857	1	1
-0.858	1	1
-0.859	1	1
-0.86	1	1
-0.861	1	1
-0.862	1	1
-0.863	1	1
-0.864	1	1
-0.865	1	1
-0.866	1	1
-0.867	1	1
-0.868	1	1
-0.869	1	1
-0.87	1	1
-0.871	1	1
-0.872	1	1
-0.873	1	1
-0.874	1	1
-0.875	1	1
-0.876	1	1
-0.877	1	1
-0.878	1	1
-0.879	1	1
-0.88	1	1
-0.881	1	1
-0.882	1	1
-0.883	1	1
-0.884	1	1
-0.885	1	1
-0.886	1	1
-0.887	1	1
-0.888	1	1
-0.889	1	1
-0.89	1	1
-0.891	1	1
-0.892	1	1
-0.893	1	1
-0.894	1	1
-0.895	1	1
-0.896	1	1
-0.897	1	1
-0.898	1	1
-0.899	1	1
-0.9	1	1
-0.901	1	1
-0.902	1	1
-0.903	1	1
-0.904	1	1
-0.905	1	1
-0.906	1	1
-0.907	1	1
-0.908	1	1
-0.909	1	1
-0.91	1	1
-0.911	1	1
-0.912	1	1
-0.913	1	1
-0.914	1	1
-0.915	1	1
-0.916	1	1
-0.917	1	1
-0.918	1	1
-0.919	1	1
-0.92	1	1
-0.921	1	1
-0.922	1	1
-0.923	1	1
-0.924	1	1
-0.925	1	1
-0.926	1	1
-0.927	1	1
-0.928	1	1
-0.929	1	1
-0.93	1	1
-0.931	1	1
-0.932	1	1
-0.933	1	1
-0.934	1	1
-0.935	1	1
-0.936	1	1
-0.937	1	1
-0.938	1	1
-0.939	1	1
-0.94	1	1
-0.941	1	1
-0.942	1	1
-0.943	1	1
-0.944	1	1
-0.945	1	1
-0.946	1	1
-0.947	1	1
-0.948	1	1
-0.949	1	1
-0.95	1	1
-0.951	1	1
-0.952	1	1
-0.953	1	1
-0.954	1	1
-0.955	1	1
-0.956	1	1
-0.957	1	1
-0.958	1	1
-0.959	1	1
-0.96	1	1
-0.961	1	1
-0.962	1	1
-0.963	1	1
-0.964	1	1
-0.965	1	1
-0.966	1	1
-0.967	1	1
-0.968	1	1
-0.969	1	1
-0.97	1	1
-0.971	1	1
-0.972	1	1
-0.973	1	1
-0.974	1	1
-0.975	1	1
-0.976	1	1
-0.977	1	1
-0.978	1	1
-0.979	1	1
-0.98	1	1
-0.981	1	1
-0.982	1	1
-0.983	1	1
-0.984	1	1
-0.985	1	1
-0.986	1	1
-0.987	1	1
-0.988	1	1
-0.989	1	1
-0.99	1	1
-0.991	1	1
-0.992	1	1
-0.993	1	1
-0.994	1	1
-0.995	1	1
-0.996	1	1
-0.997	1	1
-0.998	1	1
-0.999	1	1
-1	1	1
