threshold	FAR	TAR
0.999	0	0.0001250125013
0.998	0	0.000133346668
0.997	0	0.0001416808348
0.996	0	0.0001750175018
0.995	0	0.0002166883355
0.994	0	0.0002500250025
0.993	0	0.0002833616695
0.992	0	0.0003417008368
0.991	0	0.000366703337
0.99	0	0.0004083741708
0.989	0	0.0004500450045
0.988	0	0.000466713338
0.987	0	0.0004917158383
0.986	0	0.0005500550055
0.985	0	0.0005917258393
0.984	0	0.0006250625063
0.983	0	0.00066673334
0.982	0	0.0006834016735
0.981	0	0.0007167383405
0.98	0	0.0007167383405
0.979	0	0.0007500750075
0.978	0	0.0007917458413
0.977	0	0.0008250825083
0.976	0	0.0008584191753
0.975	0	0.0009250925093
0.974	0	0.0009834316765
0.973	0	0.001033436677
0.972	0	0.001075107511
0.971	8.334166757e-10	0.001158449178
0.97	8.334166757e-10	0.001208454179
0.969	8.334166757e-10	0.001241790846
0.968	8.334166757e-10	0.001291795846
0.967	8.334166757e-10	0.001325132513
0.966	8.334166757e-10	0.00135846918
0.965	8.334166757e-10	0.001408474181
0.964	8.334166757e-10	0.001475147515
0.963	8.334166757e-10	0.001541820849
0.962	8.334166757e-10	0.001600160016
0.961	8.334166757e-10	0.001683501684
0.96	8.334166757e-10	0.001725172517
0.959	8.334166757e-10	0.001775177518
0.958	8.334166757e-10	0.001925192519
0.957	8.334166757e-10	0.00197519752
0.956	1.666833351e-09	0.002066873354
0.955	1.666833351e-09	0.002150215022
0.954	1.666833351e-09	0.002241890856
0.953	1.666833351e-09	0.00233356669
0.952	1.666833351e-09	0.002441910858
0.951	1.666833351e-09	0.002608594193
0.95	1.666833351e-09	0.002725272527
0.949	1.666833351e-09	0.002875287529
0.948	1.666833351e-09	0.00300030003
0.947	1.666833351e-09	0.003158649198
0.946	1.666833351e-09	0.003291995866
0.945	1.666833351e-09	0.003442010868
0.944	1.666833351e-09	0.00366703337
0.943	1.666833351e-09	0.003817048372
0.942	1.666833351e-09	0.004042070874
0.941	1.666833351e-09	0.004225422542
0.94	1.666833351e-09	0.004383771711
0.939	1.666833351e-09	0.004550455046
0.938	1.666833351e-09	0.00464213088
0.937	1.666833351e-09	0.004792145881
0.936	3.333666703e-09	0.00502550255
0.935	3.333666703e-09	0.005217188386
0.934	3.333666703e-09	0.005400540054
0.933	3.333666703e-09	0.005600560056
0.932	3.333666703e-09	0.005800580058
0.931	3.333666703e-09	0.005983931727
0.93	3.333666703e-09	0.006217288396
0.929	3.333666703e-09	0.006383971731
0.928	4.167083378e-09	0.006675667567
0.927	4.167083378e-09	0.006875687569
0.926	4.167083378e-09	0.007084041738
0.925	4.167083378e-09	0.007384071741
0.924	5.000500054e-09	0.00761742841
0.923	5.000500054e-09	0.007934126746
0.922	5.000500054e-09	0.008200820082
0.921	5.000500054e-09	0.008475847585
0.92	5.000500054e-09	0.008809214255
0.919	5.83391673e-09	0.009067573424
0.918	5.83391673e-09	0.009350935094
0.917	5.83391673e-09	0.009734306764
0.916	6.667333406e-09	0.01006767343
0.915	6.667333406e-09	0.01030936427
0.914	6.667333406e-09	0.01064273094
0.913	7.500750081e-09	0.01099276594
0.912	9.167583433e-09	0.01126779345
0.911	1.000100011e-08	0.01179284595
0.91	1.083441678e-08	0.01226789346
0.909	1.166783346e-08	0.01257625763
0.908	1.250125014e-08	0.01296796346
0.907	1.250125014e-08	0.01329299597
0.906	1.250125014e-08	0.01369303597
0.905	1.250125014e-08	0.01401806847
0.904	1.250125014e-08	0.01444311098
0.903	1.250125014e-08	0.01493482682
0.902	1.250125014e-08	0.01543487682
0.901	1.250125014e-08	0.01582658266
0.9	1.333466681e-08	0.01635163516
0.899	1.416808349e-08	0.0167683435
0.898	1.416808349e-08	0.01739340601
0.897	1.416808349e-08	0.01786845351
0.896	1.416808349e-08	0.01836016935
0.895	1.416808349e-08	0.01884355102
0.894	1.416808349e-08	0.01944361103
0.893	1.416808349e-08	0.0200270027
0.892	1.500150016e-08	0.02059372604
0.891	1.583491684e-08	0.02111877854
0.89	1.666833351e-08	0.02156882355
0.889	1.750175019e-08	0.02218555189
0.888	1.750175019e-08	0.02274394106
0.887	1.750175019e-08	0.02319398607
0.886	1.916858354e-08	0.02389405607
0.885	2.000200022e-08	0.02457745775
0.884	2.000200022e-08	0.02522752275
0.883	2.000200022e-08	0.02580258026
0.882	2.166883357e-08	0.0265693236
0.881	2.41690836e-08	0.02724439111
0.88	2.41690836e-08	0.02798613195
0.879	2.500250027e-08	0.02877787779
0.878	2.583591695e-08	0.0295029503
0.877	2.666933362e-08	0.03008634197
0.876	2.666933362e-08	0.03078641197
0.875	2.75027503e-08	0.03140314031
0.874	2.916958365e-08	0.03201153449
0.873	3.000300033e-08	0.03284495116
0.872	3.000300033e-08	0.03354502117
0.871	3.000300033e-08	0.03432843284
0.87	3.000300033e-08	0.03522018869
0.869	3.250325035e-08	0.03592859286
0.868	3.333666703e-08	0.03678701203
0.867	3.41700837e-08	0.03753708704
0.866	3.583691705e-08	0.03837050372
0.865	3.583691705e-08	0.03916224956
0.864	3.667033373e-08	0.04006233957
0.863	3.917058376e-08	0.04092075874
0.862	4.000400043e-08	0.04196252959
0.861	4.250425046e-08	0.0428626196
0.86	4.500450049e-08	0.04387938794
0.859	4.583791716e-08	0.04478781211
0.858	4.583791716e-08	0.04567123379
0.857	4.667133384e-08	0.0465213188
0.856	4.667133384e-08	0.04744641131
0.855	4.750475051e-08	0.04837983798
0.854	4.833816719e-08	0.04930493049
0.853	4.917158387e-08	0.05036336967
0.852	5.000500054e-08	0.05143847718
0.851	5.250525057e-08	0.05248858219
0.85	5.333866724e-08	0.0534136747
0.849	5.417208392e-08	0.05428042804
0.848	5.417208392e-08	0.05538887222
0.847	5.417208392e-08	0.05650565057
0.846	5.50055006e-08	0.05777244391
0.845	5.667233395e-08	0.05884755142
0.844	5.667233395e-08	0.0597059706
0.843	5.750575062e-08	0.06089775644
0.842	5.83391673e-08	0.06187285395
0.841	5.917258397e-08	0.06295629563
0.84	6.000600065e-08	0.06428142814
0.839	6.083941733e-08	0.06552321899
0.838	6.333966735e-08	0.06669000233
0.837	6.417308403e-08	0.06779844651
0.836	6.417308403e-08	0.06894022736
0.835	6.50065007e-08	0.0703070307
0.834	6.750675073e-08	0.07154048738
0.833	7.000700076e-08	0.07282394906
0.832	7.000700076e-08	0.07415741574
0.831	7.167383411e-08	0.07542420909
0.83	7.250725079e-08	0.0766493316
0.829	7.334066746e-08	0.07815781578
0.828	7.667433416e-08	0.07945794579
0.827	7.834116752e-08	0.08074140747
0.826	7.834116752e-08	0.08212487915
0.825	8.167483422e-08	0.08356669
0.824	8.250825089e-08	0.08485848585
0.823	8.58419176e-08	0.08630863086
0.822	8.667533427e-08	0.08742540921
0.821	8.750875095e-08	0.08861719505
0.82	9.000900098e-08	0.0900840084
0.819	9.084241765e-08	0.09141747508
0.818	9.417608435e-08	0.09272593926
0.817	9.834316773e-08	0.09425109178
0.816	1.000100011e-07	0.09571790512
0.815	1.025102511e-07	0.09744307764
0.814	1.033436678e-07	0.09886822016
0.813	1.058439178e-07	0.1003266993
0.812	1.091775845e-07	0.1017518419
0.811	1.141780846e-07	0.103210321
0.81	1.166783346e-07	0.1048188152
0.809	1.183451679e-07	0.1062856286
0.808	1.216788347e-07	0.1076607661
0.807	1.241790847e-07	0.1092775944
0.806	1.291795847e-07	0.1108777544
0.805	1.366803348e-07	0.1123779045
0.804	1.375137515e-07	0.1139863986
0.803	1.383471682e-07	0.1154448778
0.802	1.408474182e-07	0.1171450478
0.801	1.450145016e-07	0.1186368637
0.8	1.491815849e-07	0.1201953529
0.799	1.558489184e-07	0.1216288295
0.798	1.56682335e-07	0.1231373137
0.797	1.641830851e-07	0.1246041271
0.796	1.683501685e-07	0.1259875988
0.795	1.733506685e-07	0.1274377438
0.794	1.775177519e-07	0.129096243
0.793	1.816848353e-07	0.1305713905
0.792	1.87518752e-07	0.1321548822
0.791	1.925192521e-07	0.1337050372
0.79	1.983531688e-07	0.1352301897
0.789	1.991865855e-07	0.137047038
0.788	2.016868355e-07	0.1384888489
0.787	2.050205022e-07	0.1402056872
0.786	2.10854419e-07	0.1419391939
0.785	2.18355169e-07	0.1436060273
0.784	2.275227525e-07	0.1453061973
0.783	2.350235025e-07	0.1470147015
0.782	2.41690836e-07	0.1486565323
0.781	2.516918361e-07	0.1504567123
0.78	2.558589194e-07	0.1522485582
0.779	2.625262528e-07	0.154090409
0.778	2.716938363e-07	0.1558072474
0.777	2.866953364e-07	0.1576074274
0.776	2.933626698e-07	0.1594576124
0.775	3.016968366e-07	0.1612827949
0.774	3.100310034e-07	0.1630496383
0.773	3.200320035e-07	0.1650498383
0.772	3.34200087e-07	0.16683335
0.771	3.442010871e-07	0.1688085475
0.77	3.575357539e-07	0.1705087175
0.769	3.708704207e-07	0.1721088776
0.768	3.825382541e-07	0.1739757309
0.767	3.942060876e-07	0.1756508984
0.766	4.03373671e-07	0.1774510784
0.765	4.175417545e-07	0.1790679068
0.764	4.325432547e-07	0.1810097676
0.763	4.492115882e-07	0.1828599527
0.762	4.60046005e-07	0.1848934893
0.761	4.742140885e-07	0.1868936894
0.76	4.925492553e-07	0.1887522086
0.759	5.108844222e-07	0.1908857552
0.758	5.350535058e-07	0.1928359503
0.757	5.517218393e-07	0.1947111378
0.756	5.700570062e-07	0.1964613128
0.755	6.000600065e-07	0.1986782012
0.754	6.158949233e-07	0.2007784112
0.753	6.300630068e-07	0.2027036037
0.752	6.533986737e-07	0.2047038037
0.751	6.767343407e-07	0.2066706671
0.75	7.059039243e-07	0.2084875154
0.749	7.317398413e-07	0.2102210221
0.748	7.600760082e-07	0.2122795613
0.747	7.850785085e-07	0.214013068
0.746	8.184151755e-07	0.2160216022
0.745	8.509184259e-07	0.218263493
0.744	8.89255593e-07	0.2202970297
0.743	9.284261767e-07	0.2221222122
0.742	9.550955103e-07	0.2242390906
0.741	9.859319273e-07	0.2261309464
0.74	1.024269094e-06	0.2283144981
0.739	1.061772845e-06	0.230206354
0.738	1.097609762e-06	0.2322648932
0.737	1.132613262e-06	0.2343734373
0.736	1.163449679e-06	0.236206954
0.735	1.199286596e-06	0.2382238224
0.734	1.239290597e-06	0.2403907057
0.733	1.291795847e-06	0.2425242524
0.732	1.341800848e-06	0.2445244524
0.731	1.390139015e-06	0.2467580091
0.73	1.438477182e-06	0.2489082242
0.729	1.505150516e-06	0.2510084342
0.728	1.575157517e-06	0.2529836317
0.727	1.630163018e-06	0.2552088542
0.726	1.682668268e-06	0.2571340467
0.725	1.744341102e-06	0.2590759076
0.724	1.80518052e-06	0.2610511051
0.723	1.878521187e-06	0.2630013001
0.722	1.956028938e-06	0.265093176
0.721	2.020202022e-06	0.2671767177
0.72	2.101043439e-06	0.269343601
0.719	2.17855119e-06	0.2718521852
0.718	2.261059441e-06	0.2738357169
0.717	2.347734775e-06	0.2758025803
0.716	2.46191286e-06	0.2779361269
0.715	2.551088444e-06	0.280136347
0.714	2.655265529e-06	0.2824032403
0.713	2.764443113e-06	0.2849034903
0.712	2.872787281e-06	0.2871120445
0.711	2.977797782e-06	0.2890955762
0.71	3.101976867e-06	0.2913291329
0.709	3.210321035e-06	0.2935626896
0.708	3.337833786e-06	0.2955878921
0.707	3.472013871e-06	0.2977464413
0.706	3.587025372e-06	0.2996382972
0.705	3.716204957e-06	0.3017885122
0.704	3.869553625e-06	0.3037637097
0.703	4.02373571e-06	0.3057889122
0.702	4.171250462e-06	0.3078557856
0.701	4.32209888e-06	0.3098976564
0.7	4.474614132e-06	0.311772844
0.699	4.628796217e-06	0.313873054
0.698	4.797979802e-06	0.3161566157
0.697	4.967996804e-06	0.3184818482
0.696	5.158015806e-06	0.3205487215
0.695	5.353035308e-06	0.3226072607
0.694	5.55805581e-06	0.3245824582
0.693	5.752241896e-06	0.3268243491
0.692	5.969763648e-06	0.3289078908
0.691	6.1872854e-06	0.3310331033
0.69	6.398973236e-06	0.333316665
0.689	6.613161322e-06	0.3354252092
0.688	6.846517991e-06	0.3377004367
0.687	7.07987466e-06	0.3399506617
0.686	7.314064746e-06	0.3422592259
0.685	7.559089249e-06	0.3444177751
0.684	7.834950168e-06	0.3463929726
0.683	8.135813588e-06	0.3484848485
0.682	8.415841591e-06	0.350710071
0.681	8.732539928e-06	0.3527936127
0.68	9.043404348e-06	0.3550855086
0.679	9.384271768e-06	0.3571773844
0.678	9.684301772e-06	0.3592442578
0.677	1.004683803e-05	0.3613528019
0.676	1.041937528e-05	0.3636446978
0.675	1.080691403e-05	0.3657449078
0.674	1.11752842e-05	0.3679951328
0.673	1.156532321e-05	0.3702453579
0.672	1.195619563e-05	0.3726622662
0.671	1.241540822e-05	0.3746041271
0.67	1.284711806e-05	0.3767293396
0.669	1.328216156e-05	0.3789045571
0.668	1.372053873e-05	0.3810547721
0.667	1.421558824e-05	0.3833883388
0.666	1.470480383e-05	0.3854135414
0.665	1.520068675e-05	0.387747108
0.664	1.573574025e-05	0.3900056672
0.663	1.625245859e-05	0.3920975431
0.662	1.681584827e-05	0.3940560723
0.661	1.739007236e-05	0.396189619
0.66	1.793929394e-05	0.3984481782
0.659	1.852851953e-05	0.4005317198
0.658	1.913358004e-05	0.402390239
0.657	1.977947796e-05	0.404240424
0.656	2.046954697e-05	0.4062406241
0.655	2.11604494e-05	0.4083158316
0.654	2.18855219e-05	0.4106827349
0.653	2.262309566e-05	0.4127246058
0.652	2.336650334e-05	0.4149248258
0.651	2.412657934e-05	0.4173917392
0.65	2.489082244e-05	0.4198753209
0.649	2.568340169e-05	0.4218505184
0.648	2.65134847e-05	0.4239090576
0.647	2.738607196e-05	0.4261176118
0.646	2.832116547e-05	0.4281511484
0.645	2.924042407e-05	0.4303680368
0.644	3.021135449e-05	0.4324099077
0.643	3.118811884e-05	0.4344601127
0.642	3.224655802e-05	0.4367186719
0.641	3.327832786e-05	0.4387605427
0.64	3.435260196e-05	0.4410191019
0.639	3.546187955e-05	0.4430109678
0.638	3.657199056e-05	0.4450611728
0.637	3.776294299e-05	0.4470447045
0.636	3.894972834e-05	0.4492949295
0.635	4.01673501e-05	0.451420142
0.634	4.138497187e-05	0.4538120479
0.633	4.269010238e-05	0.4559289262
0.632	4.402940298e-05	0.4581458146
0.631	4.541870858e-05	0.4602793613
0.63	4.681051442e-05	0.462262893
0.629	4.820815419e-05	0.4643381005
0.628	4.968746879e-05	0.4661799513
0.627	5.119511955e-05	0.4683051638
0.626	5.275610899e-05	0.470313698
0.625	5.433043309e-05	0.4723805714
0.624	5.602976969e-05	0.4744474447
0.623	5.771243796e-05	0.4768060139
0.622	5.942510923e-05	0.4788812215
0.621	6.119361941e-05	0.4807230723
0.62	6.297629768e-05	0.482956629
0.619	6.485398545e-05	0.4850735074
0.618	6.680084681e-05	0.487107044
0.617	6.884521791e-05	0.4892405907
0.616	7.08337501e-05	0.4912657932
0.615	7.285811921e-05	0.4931576491
0.614	7.504333773e-05	0.4949244924
0.613	7.724355775e-05	0.4968746875
0.612	7.955212195e-05	0.4987832117
0.611	8.184568464e-05	0.5008250825
0.61	8.424509125e-05	0.5029252925
0.609	8.677534427e-05	0.5050088342
0.608	8.927226063e-05	0.5070423709
0.607	9.185501891e-05	0.5089342268
0.606	9.456528994e-05	0.5108510851
0.605	9.727472755e-05	0.5130346368
0.604	0.0001000025003	0.5149514951
0.603	0.0001028502851	0.5166850018
0.602	0.0001058630864	0.5184518452
0.601	0.0001088000468	0.520393706
0.6	0.0001118620196	0.5221688836
0.599	0.0001150548389	0.5242690936
0.598	0.0001182826617	0.5260859419
0.597	0.0001215696571	0.5280028003
0.596	0.0001249916659	0.5300280028
0.595	0.0001285336868	0.5319531953
0.594	0.0001321348803	0.5340117345
0.593	0.000135848585	0.5360952762
0.592	0.0001395364538	0.5381454812
0.591	0.0001433560024	0.5399706637
0.59	0.000147225556	0.5418375171
0.589	0.0001512401241	0.5439793979
0.588	0.0001554447113	0.5460212688
0.587	0.0001596559657	0.5478631196
0.586	0.0001640222357	0.5496132947
0.585	0.0001684601795	0.5515384872
0.584	0.0001729822984	0.5534553455
0.583	0.00017763193	0.5551971864
0.582	0.0001824957497	0.5571973864
0.581	0.0001875095844	0.5592975964
0.58	0.000192485082	0.5610394373
0.579	0.0001976547656	0.5628896223
0.578	0.0002029252927	0.5647898123
0.577	0.0002081966532	0.566673334
0.576	0.0002137163718	0.5687152049
0.575	0.0002193602695	0.5704820482
0.574	0.0002250800082	0.5722738941
0.573	0.000230858086	0.5739990666
0.572	0.0002369328602	0.5759242591
0.571	0.0002431284797	0.5776160949
0.57	0.0002495282864	0.5794412775
0.569	0.0002559872656	0.5811997866
0.568	0.0002625670903	0.5832583258
0.567	0.0002692902626	0.5851001767
0.566	0.0002761942863	0.5870420375
0.565	0.0002833283331	0.5887172051
0.564	0.0002904782147	0.5905173851
0.563	0.0002978106146	0.5922258893
0.562	0.0003054305433	0.5938927226
0.561	0.0003131529822	0.5956178951
0.56	0.0003209745977	0.5973347335
0.559	0.0003289803983	0.5989765643
0.558	0.0003371295466	0.6006517318
0.557	0.000345537054	0.6023268994
0.556	0.0003540570727	0.604110411
0.555	0.0003628287832	0.6059355936
0.554	0.0003718913561	0.6076691002
0.553	0.0003811406144	0.6093275994
0.552	0.0003905882258	0.6109110911
0.551	0.0004001916862	0.6127196053
0.55	0.0004099876658	0.6143864386
0.549	0.0004200236694	0.6159199253
0.548	0.0004301338471	0.6174284095
0.547	0.0004405823919	0.6190452379
0.546	0.0004511801184	0.620603727
0.545	0.0004618478518	0.6223205654
0.544	0.000472993133	0.6241457479
0.543	0.0004844167754	0.6259375938
0.542	0.000496058773	0.6276877688
0.541	0.0005079166254	0.6294546121
0.54	0.000519868654	0.6312047871
0.539	0.0005321398811	0.6327216055
0.538	0.0005447478086	0.6343300997
0.537	0.0005576199291	0.6361552822
0.536	0.0005707729111	0.637847118
0.535	0.0005838867225	0.6393139314
0.534	0.0005974189091	0.6409807647
0.533	0.0006114011406	0.6424642464
0.532	0.0006256625668	0.6440727406
0.531	0.0006401690174	0.645539554
0.53	0.000654951329	0.6470230356
0.529	0.0006701820188	0.6487315398
0.528	0.0006856452318	0.650290029
0.527	0.0007015376544	0.6518318499
0.526	0.0007175392545	0.6533820049
0.525	0.0007337867126	0.6549154915
0.524	0.0007505917265	0.6562906291
0.523	0.0007677792786	0.6578824549
0.522	0.0007852968637	0.6593325999
0.521	0.0008029727979	0.6608910891
0.52	0.0008211896196	0.6624412441
0.519	0.000839779812	0.6640247358
0.518	0.0008584850159	0.66543321
0.517	0.0008777019376	0.6668750208
0.516	0.0008970538728	0.6684001734
0.515	0.0009170733748	0.6700420042
0.514	0.0009371112119	0.6713504684
0.513	0.0009577941135	0.6729922992
0.512	0.0009789853994	0.6744507784
0.511	0.001000541722	0.6760926093
0.51	0.001022433911	0.6775510884
0.509	0.001045007002	0.6790179018
0.508	0.001067796781	0.6803680368
0.507	0.001090907425	0.6818681868
0.506	0.001114537288	0.6832683268
0.505	0.001138661367	0.6846851352
0.504	0.001163297997	0.6862102877
0.503	0.001188300498	0.6879187919
0.502	0.001213968898	0.6892939294
0.501	0.001240204021	0.6905773911
0.5	0.001266580826	0.6919108578
0.499	0.001293570191	0.6933943394
0.498	0.001321167951	0.6948028136
0.497	0.001349099078	0.6963029636
0.496	0.001377608595	0.697669767
0.495	0.00140678818	0.699119912
0.494	0.001436376972	0.7005033837
0.493	0.001466641665	0.701720172
0.492	0.001497098878	0.7029119579
0.491	0.001528249493	0.7045121179
0.49	0.001560071008	0.7058039137
0.489	0.001592591761	0.7070790412
0.488	0.001625454213	0.7084458446
0.487	0.001658775046	0.7096793013
0.486	0.00169275261	0.7109544288
0.485	0.001727674436	0.712262893
0.484	0.001762929628	0.713563023
0.483	0.00179888239	0.714813148
0.482	0.001835879423	0.7161466147
0.481	0.001873141482	0.717413408
0.48	0.001910723574	0.7186885355
0.479	0.001949219924	0.7197553089
0.478	0.001988297165	0.7210221022
0.477	0.002028075309	0.7221222122
0.476	0.002068789381	0.7233640031
0.475	0.002110262695	0.7245307864
0.474	0.0021523144	0.7257225723
0.473	0.002195204522	0.7271060439
0.472	0.002238297998	0.7283895056
0.471	0.002282606596	0.7295729573
0.47	0.002327417744	0.7308397506
0.469	0.002373157318	0.7321648832
0.468	0.002419625298	0.7332816615
0.467	0.002467175053	0.7344734473
0.466	0.00251504484	0.735706904
0.465	0.002563774713	0.7369403607
0.464	0.002613738876	0.7380238024
0.463	0.002664285597	0.7391822516
0.462	0.002715735743	0.7402490249
0.461	0.002768035139	0.7415074841
0.46	0.002820792082	0.7424909158
0.459	0.00287503834	0.7437743774
0.458	0.002930122181	0.7448328166
0.457	0.00298613695	0.7457412408
0.456	0.003043486018	0.7467330066
0.455	0.003101040107	0.7478247825
0.454	0.00315977598	0.7489748975
0.453	0.003219633633	0.750050005
0.452	0.00327987049	0.7511167783
0.451	0.003341747511	0.7521335467
0.45	0.003404388775	0.7532919959
0.449	0.003468276831	0.754550455
0.448	0.003532632433	0.7557339067
0.447	0.003598390675	0.7568673534
0.446	0.003665480718	0.7580341367
0.445	0.003733376674	0.7590675734
0.444	0.003802247728	0.7601010101
0.443	0.003872342237	0.7611011101
0.442	0.003943478518	0.7623012301
0.441	0.004015570727	0.7632346568
0.44	0.004088898893	0.7640680735
0.439	0.00416379805	0.7650598393
0.438	0.004239410611	0.7660682735
0.437	0.004316460816	0.7672267227
0.436	0.0043946253	0.7682351568
0.435	0.004473781549	0.7692019202
0.434	0.004554332104	0.7704020402
0.433	0.004636543658	0.7714354769
0.432	0.004720289533	0.7723355669
0.431	0.004804840488	0.7734023402
0.43	0.00489036404	0.7744024402
0.429	0.004977247729	0.7755025503
0.428	0.005065719076	0.7764609794
0.427	0.005155951433	0.7774944161
0.426	0.005246921363	0.778336167
0.425	0.005339403945	0.7792612595
0.424	0.005432925797	0.7802780278
0.423	0.005528506189	0.7813281328
0.422	0.005625396711	0.7822698937
0.421	0.005724132418	0.7833783378
0.42	0.005823969902	0.7845451212
0.419	0.005925005005	0.785436877
0.418	0.006027714443	0.7865703237
0.417	0.00613217739	0.7874704137
0.416	0.006238073813	0.7884871821
0.415	0.006345745413	0.7893205987
0.414	0.006454357108	0.7900456712
0.413	0.006565023174	0.7910291029
0.412	0.006677473586	0.7920708738
0.411	0.00679100744	0.7929542954
0.41	0.00690673818	0.7937710438
0.409	0.007024135753	0.7946211288
0.408	0.00714273928	0.795579558
0.407	0.00726410725	0.7965129846
0.406	0.007386301136	0.7973213988
0.405	0.007509876827	0.7982381571
0.404	0.007635568563	0.7991215788
0.403	0.007764158922	0.800180018
0.402	0.007893596866	0.8010384372
0.401	0.008025280035	0.8017968464
0.4	0.008158455019	0.8027386072
0.399	0.008293552696	0.8036470314
0.398	0.008431043111	0.8045554555
0.397	0.008569804488	0.8053972064
0.396	0.008711029444	0.8063222989
0.395	0.008853867061	0.8072557256
0.394	0.008999125753	0.8081974864
0.393	0.009146303805	0.8090392373
0.392	0.009295792087	0.8098309831
0.391	0.00944769061	0.8107144048
0.39	0.009601751016	0.8114561456
0.389	0.00975711822	0.812222889
0.388	0.009914595634	0.8129479615
0.387	0.01007453496	0.8138063806
0.386	0.01023605028	0.8146564656
0.385	0.01040088676	0.8154565457
0.384	0.01056738925	0.816173284
0.383	0.01073645782	0.8169316932
0.382	0.0109071999	0.8177151048
0.381	0.01108044139	0.818373504
0.38	0.01125640232	0.8190569057
0.379	0.01143432094	0.8198069807
0.378	0.01161516819	0.8206403974
0.377	0.0117978773	0.8213654699
0.376	0.01198398091	0.8221738841
0.375	0.01217265394	0.8229822982
0.374	0.0123635722	0.8237490416
0.373	0.01255664984	0.8245074507
0.372	0.01275331951	0.8251575158
0.371	0.01295129847	0.8258075808
0.37	0.01315225274	0.8264243091
0.369	0.01335613979	0.8273160649
0.368	0.01356290297	0.8281411474
0.367	0.0137721939	0.8288245491
0.366	0.01398407009	0.8295829583
0.365	0.0141981865	0.8303413675
0.364	0.01441570908	0.8309997666
0.363	0.01463687453	0.8316414975
0.362	0.01486048439	0.8322332233
0.361	0.0150868587	0.8329582958
0.36	0.01531663834	0.8336083608
0.359	0.01554854737	0.8343084308
0.358	0.01578364004	0.8350085009
0.357	0.01602188387	0.835716905
0.356	0.016263148	0.8364586459
0.355	0.0165072249	0.8371503817
0.354	0.0167555289	0.83786712
0.353	0.01700677486	0.8386005267
0.352	0.01726101945	0.8393839384
0.351	0.01751802682	0.8400090009
0.35	0.01777904292	0.8406257292
0.349	0.01804259844	0.8412757942
0.348	0.01830975766	0.8418925226
0.347	0.01858090727	0.8425925926
0.346	0.01885476966	0.8432426576
0.345	0.01913209906	0.8438093809
0.344	0.01941331218	0.8443511018
0.343	0.01969761144	0.8449928326
0.342	0.01998562108	0.845559556
0.341	0.02027754027	0.8461762843
0.34	0.02057272229	0.8467930126
0.339	0.02087186804	0.8474347435
0.338	0.02117356821	0.8480764743
0.337	0.0214791296	0.8485515218
0.336	0.02178962981	0.8492015868
0.335	0.02210312866	0.8498016468
0.334	0.02242091128	0.8503933727
0.333	0.02274165418	0.851110111
0.332	0.02306691838	0.8516685002
0.331	0.02339588211	0.8523018969
0.33	0.0237277928	0.8528352835
0.329	0.02406470816	0.8534770144
0.328	0.02440564475	0.8539187252
0.327	0.02475053007	0.8544021069
0.326	0.02509972833	0.8550271694
0.325	0.02545195438	0.8555688902
0.324	0.02580991435	0.8561772844
0.323	0.02617097045	0.8567856786
0.322	0.0265370679	0.8573524019
0.321	0.02690768829	0.8580108011
0.32	0.02728215741	0.8586358636
0.319	0.02766036106	0.8592359236
0.318	0.02804330185	0.8597443078
0.317	0.02843088228	0.8602693603
0.316	0.02882369906	0.8608444178
0.315	0.02922167052	0.8613027969
0.314	0.02962282147	0.8618861886
0.313	0.03003038223	0.8624362436
0.312	0.03044167503	0.8629446278
0.311	0.03085756495	0.8636613661
0.31	0.03127798116	0.8641697503
0.309	0.03170346621	0.864803147
0.308	0.03213260245	0.8653948728
0.307	0.0325667617	0.8658115812
0.306	0.03300686071	0.8663366337
0.305	0.03345258195	0.8668283495
0.304	0.03390278114	0.8673617362
0.303	0.03435768163	0.8679451278
0.302	0.0348184127	0.8684201754
0.301	0.03528281664	0.8689202254
0.3	0.03575378374	0.8693702704
0.299	0.03622939797	0.8698286495
0.298	0.03670959599	0.8703286995
0.297	0.03719555375	0.8708704204
0.296	0.03768749878	0.8713287995
0.295	0.03818452848	0.8717955129
0.294	0.03868652368	0.8723455679
0.293	0.03919415528	0.8728039471
0.292	0.03970656319	0.8732873287
0.291	0.0402270194	0.8738873887
0.29	0.04075279865	0.8743374337
0.289	0.04128355089	0.8750208354
0.288	0.04181918695	0.8754875488
0.287	0.04236242211	0.8759625963
0.286	0.04291023356	0.8764876488
0.285	0.04346436897	0.8770293696
0.284	0.04402324069	0.8774377438
0.283	0.04458778215	0.8778794546
0.282	0.04515903011	0.8782794946
0.281	0.04573743461	0.8788712205
0.28	0.04631912612	0.8794129413
0.279	0.04691109115	0.8798546521
0.278	0.0475059198	0.8803797046
0.277	0.04810821253	0.8808047471
0.276	0.04871640751	0.8812881288
0.275	0.0493316382	0.8818131813
0.274	0.04995166521	0.8823298997
0.273	0.05057955883	0.8828049472
0.272	0.05121210125	0.8833550022
0.271	0.05185264197	0.8837883788
0.27	0.05250043342	0.8842384238
0.269	0.05315429214	0.8847301397
0.268	0.0538135839	0.8851301797
0.267	0.05447938132	0.8856218955
0.266	0.05515059427	0.886146948
0.265	0.05583179823	0.8866720005
0.264	0.05651893944	0.8871887189
0.263	0.057212888	0.887747108
0.262	0.05791282466	0.8882554922
0.261	0.058619547	0.8886722006
0.26	0.05933490771	0.8890972431
0.259	0.06005646736	0.8895139514
0.258	0.0607844885	0.8899056572
0.257	0.06152024458	0.8903223656
0.256	0.06226392644	0.8907224056
0.255	0.06301437482	0.8912641264
0.254	0.06377296902	0.8917058373
0.253	0.06453915897	0.8921808848
0.252	0.06531062695	0.8925975931
0.251	0.06609074663	0.8929559623
0.25	0.06687750447	0.8932976631
0.249	0.06767179474	0.8937393739
0.248	0.06847423331	0.8940810748
0.247	0.06928348091	0.8944144414
0.246	0.07010025175	0.8948644864
0.245	0.07092450501	0.8953728706
0.244	0.07175548894	0.8958229156
0.243	0.07259522375	0.8962646265
0.242	0.0734454021	0.8966563323
0.241	0.07430048511	0.897139714
0.24	0.0751650524	0.8975147515
0.239	0.07603763383	0.8979564623
0.238	0.07691752182	0.8983481682
0.237	0.07780660906	0.8988982232
0.236	0.07870345708	0.8992815948
0.235	0.07960695993	0.8996733007
0.234	0.08051879611	0.900140014
0.233	0.08143853225	0.9005317198
0.232	0.08236821606	0.9008650865
0.231	0.08330472388	0.901240124
0.23	0.08425133187	0.9015068173
0.229	0.08520587149	0.9019318599
0.228	0.08616834024	0.9023652365
0.227	0.08713937401	0.9026986032
0.226	0.08811819356	0.903090309
0.225	0.08910511892	0.9034820149
0.224	0.09010114686	0.9038153815
0.223	0.09110445886	0.9041820849
0.222	0.09211694594	0.9046738007
0.221	0.09313919233	0.9050905091
0.22	0.09417066965	0.9054072074
0.219	0.09520991857	0.9057905791
0.218	0.09625561314	0.9060989432
0.217	0.09731376479	0.9063823049
0.216	0.09837977806	0.9066656666
0.215	0.09945556231	0.9070490382
0.214	0.1005396991	0.9074740807
0.213	0.1016313816	0.9079574624
0.212	0.1027344219	0.9082991632
0.211	0.1038451863	0.9086825349
0.21	0.1049663009	0.9090242358
0.209	0.1060951638	0.9093409341
0.208	0.10723285	0.9098076474
0.207	0.1083810207	0.9101493483
0.206	0.1095380606	0.9104493783
0.205	0.1107034604	0.9108327499
0.204	0.1118772462	0.9111911191
0.203	0.113062278	0.9115494883
0.202	0.1142566216	0.9119245258
0.201	0.115459441	0.9122495583
0.2	0.1166720498	0.9127246058
0.199	0.1178952671	0.9130496383
0.198	0.1191263461	0.9133746708
0.197	0.120367586	0.9137247058
0.196	0.1216186978	0.91403307
0.195	0.1228796089	0.9143997733
0.194	0.1241497059	0.9147581425
0.193	0.1254288563	0.9150165017
0.192	0.1267180319	0.915483215
0.191	0.1280177127	0.9158415842
0.19	0.1293270962	0.9161999533
0.189	0.1306452788	0.9165166517
0.188	0.1319730683	0.91683335
0.187	0.1333124372	0.9171500483
0.186	0.1346593302	0.917483415
0.185	0.1360162084	0.9178167817
0.184	0.1373826617	0.9181418142
0.183	0.1387599186	0.9185251859
0.182	0.1401475674	0.9188918892
0.181	0.1415456964	0.9191752509
0.18	0.1429523295	0.9194586125
0.179	0.1443693137	0.91983365
0.178	0.1457966081	0.9201670167
0.177	0.1472319592	0.9206003934
0.176	0.1486781771	0.9209420942
0.175	0.1501348786	0.9212671267
0.174	0.151601602	0.9216004934
0.173	0.1530795014	0.9219671967
0.172	0.1545659334	0.9222922292
0.171	0.1560613146	0.9226922692
0.17	0.1575685253	0.9230423042
0.169	0.1590859029	0.9233756709
0.168	0.1606116438	0.9238340501
0.167	0.162150141	0.9241590826
0.166	0.1636973224	0.9244591126
0.165	0.1652556799	0.9246924692
0.164	0.1668240492	0.9250258359
0.163	0.1684017078	0.9253508684
0.162	0.1699879156	0.9257342401
0.161	0.1715862071	0.9260092676
0.16	0.1731940479	0.9263593026
0.159	0.1748158567	0.9266426643
0.158	0.1764454697	0.9269926993
0.157	0.1780837035	0.9273177318
0.156	0.1797333393	0.9276344301
0.155	0.1813931736	0.9280011334
0.154	0.1830634565	0.9283345001
0.153	0.1847431395	0.9287012035
0.152	0.1864331535	0.9290512385
0.151	0.1881325176	0.9294179418
0.15	0.1898426694	0.9296929693
0.149	0.1915626189	0.9299929993
0.148	0.1932939296	0.9303597026
0.147	0.1950346745	0.9307680768
0.146	0.1967861813	0.9310514385
0.145	0.1985478575	0.9313348001
0.144	0.2003192646	0.9316514985
0.143	0.2020993768	0.9319515285
0.142	0.20389039	0.9322348902
0.141	0.2056910934	0.9325432543
0.14	0.207501277	0.9329682968
0.139	0.2093229008	0.933276661
0.138	0.2111543673	0.9336850352
0.137	0.2129952689	0.9340184018
0.136	0.2148451747	0.934376771
0.135	0.2167047382	0.9347101377
0.134	0.2185747535	0.934926826
0.133	0.2204546632	0.935176851
0.132	0.2223462148	0.9354102077
0.131	0.2242488142	0.9357602427
0.13	0.2261584394	0.9359935994
0.129	0.2280761353	0.9364186419
0.128	0.2300041989	0.936727006
0.127	0.2319449489	0.9370353702
0.126	0.233894438	0.937327066
0.125	0.2358515462	0.9376687669
0.124	0.2378190079	0.9379187919
0.123	0.23979768	0.938277161
0.122	0.2417859013	0.9385688569
0.121	0.2437837602	0.9388772211
0.12	0.2457909143	0.9391855852
0.119	0.2478068026	0.9395106177
0.118	0.2498332985	0.9398689869
0.117	0.2518669177	0.9401940194
0.116	0.2539102421	0.9405357202
0.115	0.2559645092	0.9408774211
0.114	0.2580267329	0.9411274461
0.113	0.2600992126	0.9413441344
0.112	0.2621803866	0.9415691569
0.111	0.2642705923	0.9418775211
0.11	0.2663708698	0.9422108878
0.109	0.2684803508	0.9425275861
0.108	0.2706000002	0.9428776211
0.107	0.2727250636	0.9431776511
0.106	0.2748629265	0.9434110078
0.105	0.2770096895	0.9437277061
0.104	0.2791635916	0.9440027336
0.103	0.2813268338	0.9443277661
0.102	0.2834967649	0.9446361303
0.101	0.2856755453	0.9449528286
0.1	0.287862439	0.945319532
0.099	0.2900582402	0.945619562
0.098	0.2922663202	0.946069607
0.097	0.2944805933	0.9463613028
0.096	0.2967023305	0.946669667
0.095	0.2989323076	0.946919692
0.094	0.3011724958	0.9471780511
0.093	0.303420774	0.9474114078
0.092	0.3056746752	0.9477364403
0.091	0.3079402885	0.947969797
0.09	0.3102122965	0.9483281661
0.089	0.3124920945	0.9485865253
0.088	0.3147793457	0.9488282162
0.087	0.3170752295	0.9489865653
0.086	0.3193808467	0.9492532587
0.085	0.3216946572	0.949569957
0.084	0.3240139775	0.9498616528
0.083	0.3263409385	0.9501116778
0.082	0.3286742327	0.9503617028
0.081	0.3310163152	0.9506367303
0.08	0.3333642825	0.950920092
0.079	0.3357165453	0.9511534487
0.078	0.3380787848	0.9514534787
0.077	0.3404496744	0.9517285062
0.076	0.3428262962	0.9520118679
0.075	0.3452100996	0.9522868954
0.074	0.3476011671	0.9525869254
0.073	0.3499981126	0.952870287
0.072	0.352402488	0.9531786512
0.071	0.3548129491	0.9534120079
0.07	0.3572325927	0.953720372
0.069	0.3596593037	0.9540037337
0.068	0.3620911953	0.9542037537
0.067	0.3645270205	0.954470447
0.066	0.3669688514	0.954720472
0.065	0.3694196939	0.9550038337
0.064	0.3718761246	0.9552038537
0.063	0.3743379858	0.9554705471
0.062	0.3768063743	0.9557372404
0.061	0.3792804525	0.9559955996
0.06	0.381758797	0.9562372904
0.059	0.3842422662	0.9564789812
0.058	0.3867324177	0.9567040037
0.057	0.3892286399	0.9569623629
0.056	0.3917282707	0.9572540587
0.055	0.3942340596	0.9575790912
0.054	0.3967446148	0.9578457846
0.053	0.3992631191	0.9580791412
0.052	0.401783332	0.9583708371
0.051	0.4043103447	0.9586708671
0.05	0.4068412895	0.9589125579
0.049	0.4093742903	0.9591792513
0.048	0.4119108598	0.9593792713
0.047	0.4144540991	0.9596542988
0.046	0.4170041349	0.9599543288
0.045	0.4195567752	0.9602043538
0.044	0.4221123233	0.9605127179
0.043	0.424672781	0.9607960796
0.042	0.4272352489	0.9610877754
0.041	0.4298022556	0.9613961396
0.04	0.4323738636	0.9616294963
0.039	0.4349470951	0.9619545288
0.038	0.4375235944	0.9622212221
0.037	0.4401048067	0.9624545788
0.036	0.4426870391	0.962612928
0.035	0.4452763072	0.9627796113
0.034	0.4478684614	0.9630463046
0.033	0.450461699	0.9633380005
0.032	0.4530615765	0.963563023
0.031	0.455662675	0.9638213821
0.03	0.4582651652	0.9640380705
0.029	0.4608718326	0.964313098
0.028	0.4634805268	0.9645964596
0.027	0.466089486	0.9648714871
0.026	0.4687009263	0.965063173
0.025	0.4713151261	0.9652465247
0.024	0.4739311893	0.9655465547
0.023	0.4765490995	0.9658215822
0.022	0.4791700957	0.9661216122
0.021	0.4817899144	0.9663799713
0.02	0.4844109332	0.9666049938
0.019	0.4870360873	0.9668883555
0.018	0.4896622691	0.9670717072
0.017	0.4922901253	0.9672717272
0.016	0.4949180931	0.9674967497
0.015	0.4975493445	0.9677717772
0.014	0.5001781624	0.9679717972
0.013	0.502808948	0.968163483
0.012	0.5054397302	0.968413508
0.011	0.5080716334	0.9685718572
0.01	0.5107039041	0.9687718772
0.009	0.5133345897	0.969113578
0.008	0.5159649603	0.969313598
0.007	0.5185950783	0.969563623
0.006	0.5212281524	0.9698553189
0.005	0.5238582121	0.9700386705
0.004	0.5264879534	0.9702553589
0.003	0.5291169563	0.9704970497
0.002	0.5317472518	0.9706804014
0.001	0.5343759697	0.9708970897
0	0.5370018323	0.9711554489
-0.001	0.5396254397	0.9714471447
-0.002	0.5422507847	0.9716471647
-0.003	0.5448749746	0.9718638531
-0.004	0.5474987328	0.9720805414
-0.005	0.5501204125	0.9722888956
-0.006	0.5527391485	0.9724972497
-0.007	0.5553580188	0.9726889356
-0.008	0.5579752655	0.9728806214
-0.009	0.5605892152	0.9730306364
-0.01	0.5632044242	0.9732389906
-0.011	0.565818979	0.9734306764
-0.012	0.568428525	0.9736140281
-0.013	0.5710342172	0.9738057139
-0.014	0.5736374092	0.9740307364
-0.015	0.5762417763	0.9742640931
-0.016	0.5788411196	0.9744307764
-0.017	0.5814393736	0.9746891356
-0.018	0.5840339864	0.9748391506
-0.019	0.5866244513	0.9751225123
-0.02	0.5892111441	0.9752391906
-0.021	0.5917954592	0.9754058739
-0.022	0.5943784158	0.9756308964
-0.023	0.5969560619	0.9758892556
-0.024	0.5995324171	0.9760726073
-0.025	0.6021059278	0.9761976198
-0.026	0.604674538	0.9764393106
-0.027	0.607235359	0.9766143281
-0.028	0.6097943866	0.9767893456
-0.029	0.6123494971	0.9769476948
-0.03	0.6148993288	0.9771143781
-0.031	0.61744528	0.9773477348
-0.032	0.6199871476	0.9775894256
-0.033	0.6225255522	0.9777977798
-0.034	0.6250567879	0.9780061339
-0.035	0.6275851224	0.9782061539
-0.036	0.6301063237	0.9784395106
-0.037	0.6326269116	0.9786311965
-0.038	0.6351409796	0.9788812215
-0.039	0.6376485079	0.9790645731
-0.04	0.6401519374	0.9792812615
-0.041	0.6426508398	0.979456279
-0.042	0.6451447183	0.9796396306
-0.043	0.6476322096	0.9797813115
-0.044	0.6501162305	0.9799313265
-0.045	0.6525911763	0.9800730073
-0.046	0.6550618842	0.9803230323
-0.047	0.6575244913	0.9804397106
-0.048	0.6599828722	0.9806814015
-0.049	0.6624338973	0.9808730873
-0.05	0.6648782967	0.9810231023
-0.051	0.6673184249	0.9811731173
-0.052	0.6697532784	0.9813398006
-0.053	0.6721800244	0.9814814815
-0.054	0.6745959585	0.981656499
-0.055	0.6770086939	0.9817981798
-0.056	0.6794151479	0.9819648632
-0.057	0.6818121201	0.9821482148
-0.058	0.6842017874	0.9823148982
-0.059	0.6865877919	0.9824482448
-0.06	0.6889637561	0.9826149282
-0.061	0.6913315854	0.9827982798
-0.062	0.6936932466	0.983006634
-0.063	0.6960471861	0.9831233123
-0.064	0.6983944859	0.9832399907
-0.065	0.7007331322	0.983406674
-0.066	0.7030662405	0.9835400207
-0.067	0.7053926674	0.9837317065
-0.068	0.7077106383	0.9838483848
-0.069	0.7100187325	0.9839650632
-0.07	0.7123206085	0.9840900757
-0.071	0.7146141278	0.9842984298
-0.072	0.7168992464	0.9844734473
-0.073	0.719175239	0.9846317965
-0.074	0.7214453693	0.9848151482
-0.075	0.7237058212	0.9849318265
-0.076	0.7259572013	0.9849984998
-0.077	0.7282002598	0.9851401807
-0.078	0.7304348999	0.9852485249
-0.079	0.7326606533	0.9853985399
-0.08	0.7348786226	0.9855735574
-0.081	0.7370857542	0.9856902357
-0.082	0.7392855808	0.9857985799
-0.083	0.7414761557	0.9860236024
-0.084	0.7436579706	0.986156949
-0.085	0.7458315179	0.9862402907
-0.086	0.7479945384	0.9863486349
-0.087	0.750148963	0.9864903157
-0.088	0.752293735	0.9866319965
-0.089	0.7544288293	0.9867236724
-0.09	0.756555462	0.986907024
-0.091	0.7586730771	0.9870903757
-0.092	0.7607825106	0.9872153882
-0.093	0.7628779868	0.9873820715
-0.094	0.7649663739	0.987507084
-0.095	0.7670465995	0.987657099
-0.096	0.7691168515	0.9877654432
-0.097	0.7711746473	0.9878821215
-0.098	0.7732254849	0.988007134
-0.099	0.7752650038	0.988157149
-0.1	0.7772953935	0.9882488249
-0.101	0.7793163331	0.9884238424
-0.102	0.7813253073	0.9884988499
-0.103	0.7833245973	0.9885821916
-0.104	0.785313517	0.9886905357
-0.105	0.7872937659	0.9888405507
-0.106	0.7892620135	0.9889822316
-0.107	0.7912206877	0.9891489149
-0.108	0.7931674557	0.9892405907
-0.109	0.7951078048	0.9893239324
-0.11	0.7970378003	0.9894572791
-0.111	0.798953051	0.9896322966
-0.112	0.8008612118	0.9898073141
-0.113	0.8027586065	0.9899239924
-0.114	0.804645216	0.9900156682
-0.115	0.8065239947	0.9901406807
-0.116	0.808389493	0.9903156982
-0.117	0.8102444518	0.9904323766
-0.118	0.8120884129	0.9905157182
-0.119	0.8139228538	0.9906157282
-0.12	0.815744956	0.9907240724
-0.121	0.8175559888	0.9908490849
-0.122	0.8193572906	0.9909407607
-0.123	0.8211464137	0.9910824416
-0.124	0.8229270384	0.9911907857
-0.125	0.8246962461	0.9912741274
-0.126	0.8264528801	0.9913658032
-0.127	0.8282008766	0.9914408107
-0.128	0.8299385987	0.9915574891
-0.129	0.8316631262	0.9916491649
-0.13	0.8333793545	0.9916825016
-0.131	0.8350835457	0.9918075141
-0.132	0.8367765525	0.9918908558
-0.133	0.8384609901	0.9920492049
-0.134	0.8401347917	0.9921158783
-0.135	0.8417953436	0.9922242224
-0.136	0.8434441334	0.9922992299
-0.137	0.845086096	0.9923992399
-0.138	0.8467140538	0.9924742474
-0.139	0.8483310896	0.9925575891
-0.14	0.8499378253	0.9926242624
-0.141	0.851537582	0.9927242724
-0.142	0.853123288	0.9928159483
-0.143	0.8546978805	0.9928909558
-0.144	0.8562616619	0.9929242924
-0.145	0.8578125445	0.9929826316
-0.146	0.8593555029	0.9931159783
-0.147	0.8608878228	0.9932076541
-0.148	0.8624069247	0.9932993299
-0.149	0.8639163957	0.9933326666
-0.15	0.8654158231	0.9934243424
-0.151	0.8669012258	0.9934743474
-0.152	0.8683805646	0.9935743574
-0.153	0.8698454336	0.9936660333
-0.154	0.871298954	0.9937577091
-0.155	0.8727417266	0.9938077141
-0.156	0.8741748182	0.9938660533
-0.157	0.8755979989	0.9939493949
-0.158	0.8770109535	0.9940327366
-0.159	0.878410966	0.9940910758
-0.16	0.8797985698	0.9941744174
-0.161	0.8811752891	0.9942160883
-0.162	0.8825463412	0.9942994299
-0.163	0.8839015059	0.9943911058
-0.164	0.8852473963	0.9944327766
-0.165	0.8865836749	0.9945494549
-0.166	0.8879069823	0.9946411308
-0.167	0.8892190651	0.9946994699
-0.168	0.8905218313	0.9947661433
-0.169	0.8918142805	0.9948578191
-0.17	0.8930962979	0.9949661633
-0.171	0.894367795	0.9950578391
-0.172	0.895627626	0.9951328466
-0.173	0.8968778719	0.9951828516
-0.174	0.8981191018	0.9952911958
-0.175	0.8993489165	0.9953578691
-0.176	0.9005678625	0.9954578791
-0.177	0.9017777435	0.99549955
-0.178	0.9029753141	0.9955745575
-0.179	0.9041633163	0.9956412308
-0.18	0.9053393264	0.9956745675
-0.181	0.9065059822	0.9957829116
-0.182	0.907662007	0.9958662533
-0.183	0.9088089525	0.9959412608
-0.184	0.9099442077	0.9960246025
-0.185	0.9110696994	0.99609961
-0.186	0.9121858393	0.996149615
-0.187	0.9132918108	0.9962079541
-0.188	0.9143870836	0.9962662933
-0.189	0.9154726122	0.9963079641
-0.19	0.9165466929	0.9963413008
-0.191	0.9176105176	0.9963579691
-0.192	0.9186675992	0.9964079741
-0.193	0.919712602	0.9964246425
-0.194	0.9207481522	0.9964913158
-0.195	0.9217732373	0.996549655
-0.196	0.9227892264	0.9966246625
-0.197	0.9237957895	0.9966746675
-0.198	0.9247908215	0.9967330066
-0.199	0.9257797012	0.9967663433
-0.2	0.9267555697	0.9968163483
-0.201	0.9277238373	0.9968746875
-0.202	0.9286826665	0.9969080241
-0.203	0.9296300905	0.9969413608
-0.204	0.9305704762	0.9970080341
-0.205	0.9315013576	0.9970830416
-0.206	0.9324230831	0.9971247125
-0.207	0.9333347443	0.9971747175
-0.208	0.934237677	0.9972163883
-0.209	0.9351318781	0.9972580591
-0.21	0.9360142714	0.9972747275
-0.211	0.9368911357	0.9973747375
-0.212	0.9377557272	0.9974164083
-0.213	0.9386115928	0.9974580791
-0.214	0.9394605385	0.9975080841
-0.215	0.94030052	0.9975664233
-0.216	0.9411313964	0.9975664233
-0.217	0.9419522027	0.9975914258
-0.218	0.9427638772	0.9976080941
-0.219	0.9435660549	0.9976414308
-0.22	0.9443608644	0.9976831016
-0.221	0.9451486648	0.9977247725
-0.222	0.945927016	0.9977831116
-0.223	0.9466980823	0.99779978
-0.224	0.9474587775	0.9978331166
-0.225	0.948211652	0.9978414508
-0.226	0.9489558522	0.9978747875
-0.227	0.9496924209	0.9979414608
-0.228	0.9504193277	0.9979664633
-0.229	0.9511382971	0.9979914658
-0.23	0.9518493357	0.9980081341
-0.231	0.9525518668	0.9980248025
-0.232	0.9532474047	0.9980248025
-0.233	0.9539341242	0.9980414708
-0.234	0.9546142247	0.9980914758
-0.235	0.9552871878	0.9981081441
-0.236	0.9559527627	0.9981248125
-0.237	0.956608845	0.9981414808
-0.238	0.9572567965	0.9981748175
-0.239	0.9578976572	0.9981831516
-0.24	0.9585310639	0.9982664933
-0.241	0.9591572174	0.9982831616
-0.242	0.9597760676	0.9983248325
-0.243	0.9603890364	0.9983415008
-0.244	0.9609925459	0.9983665033
-0.245	0.9615892789	0.9983915058
-0.246	0.9621779061	0.99839984
-0.247	0.9627604969	0.9984415108
-0.248	0.9633363536	0.9984665133
-0.249	0.9639044312	0.99849985
-0.25	0.964465554	0.9985165183
-0.251	0.9650193702	0.998549855
-0.252	0.9655662574	0.9985915258
-0.253	0.9661064206	0.9986165283
-0.254	0.9666389772	0.9986665333
-0.255	0.967165749	0.9987082042
-0.256	0.9676862928	0.9987248725
-0.257	0.9681993257	0.9987415408
-0.258	0.9687057372	0.9987748775
-0.259	0.9692062798	0.9987832117
-0.26	0.9696990949	0.9988165483
-0.261	0.9701870053	0.9988165483
-0.262	0.9706679126	0.9988415508
-0.263	0.9711425667	0.9988582192
-0.264	0.971612162	0.9988748875
-0.265	0.972073334	0.9988915558
-0.266	0.9725291987	0.99889989
-0.267	0.9729789095	0.9989248925
-0.268	0.9734228014	0.9989415608
-0.269	0.9738609119	0.9989665633
-0.27	0.9742930701	0.9989915658
-0.271	0.9747197053	0.9989915658
-0.272	0.9751410332	0.9990082342
-0.273	0.9755564548	0.9990165683
-0.274	0.9759660366	0.9990415708
-0.275	0.9763707746	0.999049905
-0.276	0.9767698895	0.9990915758
-0.277	0.9771630196	0.9991249125
-0.278	0.9775499491	0.9991332467
-0.279	0.9779315056	0.999149915
-0.28	0.9783085383	0.9991582492
-0.281	0.9786805589	0.9991582492
-0.282	0.979047093	0.9991665833
-0.283	0.9794080583	0.9991749175
-0.284	0.9797637439	0.9991915858
-0.285	0.9801146023	0.99919992
-0.286	0.9804602152	0.9992082542
-0.287	0.9808007701	0.9992165883
-0.288	0.981136962	0.9992165883
-0.289	0.9814672617	0.9992332567
-0.29	0.9817934643	0.9992582592
-0.291	0.9821146765	0.9992749275
-0.292	0.9824310698	0.9992832617
-0.293	0.9827430968	0.9992832617
-0.294	0.9830507776	0.99929993
-0.295	0.9833540521	0.9993165983
-0.296	0.9836521994	0.9993416008
-0.297	0.9839453112	0.9994082742
-0.298	0.9842348276	0.9994249425
-0.299	0.984520282	0.9994249425
-0.3	0.984801786	0.9994416108
-0.301	0.9850787137	0.9994416108
-0.302	0.9853512026	0.999449945
-0.303	0.9856194178	0.9994666133
-0.304	0.9858842667	0.9994916158
-0.305	0.9861452954	0.9995166183
-0.306	0.9864012718	0.9995249525
-0.307	0.9866536462	0.9995416208
-0.308	0.9869010584	0.999549955
-0.309	0.9871453937	0.9995666233
-0.31	0.9873854244	0.9995666233
-0.311	0.9876222147	0.9995832917
-0.312	0.987854773	0.99959996
-0.313	0.9880850443	0.99959996
-0.314	0.9883102552	0.9996082942
-0.315	0.9885317157	0.9996082942
-0.316	0.98874992	0.9996082942
-0.317	0.9889651198	0.9996166283
-0.318	0.989176346	0.9996166283
-0.319	0.9893842818	0.9996332967
-0.32	0.9895880638	0.9996416308
-0.321	0.989789899	0.999649965
-0.322	0.9899874296	0.9996582992
-0.323	0.9901819707	0.9996666333
-0.324	0.9903733432	0.9996916358
-0.325	0.9905617312	0.9997083042
-0.326	0.9907465997	0.9997083042
-0.327	0.9909287362	0.9997083042
-0.328	0.9911077274	0.9997166383
-0.329	0.9912841692	0.9997333067
-0.33	0.9914569624	0.9997333067
-0.331	0.9916262493	0.9997333067
-0.332	0.9917936002	0.9997416408
-0.333	0.9919576591	0.999749975
-0.334	0.9921189594	0.999749975
-0.335	0.9922777553	0.999749975
-0.336	0.9924336042	0.999749975
-0.337	0.9925873279	0.9997583092
-0.338	0.9927372737	0.9997583092
-0.339	0.9928847901	0.9997666433
-0.34	0.9930297188	0.9997833117
-0.341	0.9931730315	0.9997833117
-0.342	0.9933130796	0.9997916458
-0.343	0.9934506367	0.99979998
-0.344	0.9935853385	0.9998083142
-0.345	0.9937181401	0.9998166483
-0.346	0.9938483048	0.9998166483
-0.347	0.9939762851	0.9998166483
-0.348	0.9941024244	0.9998249825
-0.349	0.9942257276	0.9998249825
-0.35	0.9943473206	0.9998333167
-0.351	0.9944668742	0.9998333167
-0.352	0.9945837809	0.9998333167
-0.353	0.9946977139	0.9998333167
-0.354	0.9948105019	0.9998416508
-0.355	0.9949210663	0.9998416508
-0.356	0.9950295988	0.9998416508
-0.357	0.9951362011	0.9998583192
-0.358	0.9952405357	0.9998666533
-0.359	0.9953429485	0.9998666533
-0.36	0.9954439019	0.9998666533
-0.361	0.9955431668	0.9998666533
-0.362	0.9956403232	0.9998666533
-0.363	0.9957362836	0.9998666533
-0.364	0.9958292888	0.9998666533
-0.365	0.9959209638	0.9998666533
-0.366	0.9960109844	0.9998749875
-0.367	0.9960990141	0.9998749875
-0.368	0.9961854102	0.9998833217
-0.369	0.9962700787	0.9998916558
-0.37	0.9963530128	0.99989999
-0.371	0.9964342501	0.99989999
-0.372	0.9965144931	0.99989999
-0.373	0.9965926326	0.99989999
-0.374	0.9966692778	0.99989999
-0.375	0.9967444894	0.99989999
-0.376	0.9968182018	0.99989999
-0.377	0.9968906374	0.99989999
-0.378	0.996961657	0.99989999
-0.379	0.9970309414	0.99989999
-0.38	0.9970988649	0.99989999
-0.381	0.9971657599	0.99989999
-0.382	0.9972310056	0.9999083242
-0.383	0.9972948595	0.9999083242
-0.384	0.9973576499	0.9999083242
-0.385	0.9974192711	0.9999083242
-0.386	0.9974794313	0.9999083242
-0.387	0.9975384488	0.9999083242
-0.388	0.9975963196	0.9999083242
-0.389	0.9976525661	0.9999083242
-0.39	0.9977080066	0.9999166583
-0.391	0.9977619595	0.9999166583
-0.392	0.9978154199	0.9999166583
-0.393	0.9978674784	0.9999166583
-0.394	0.9979182193	0.9999166583
-0.395	0.9979677251	0.9999166583
-0.396	0.9980164458	0.9999249925
-0.397	0.9980643889	0.9999249925
-0.398	0.9981112561	0.9999249925
-0.399	0.9981568215	0.9999249925
-0.4	0.9982017427	0.9999249925
-0.401	0.9982455637	0.9999333267
-0.402	0.998288373	0.9999333267
-0.403	0.9983301338	0.9999333267
-0.404	0.998371188	0.9999333267
-0.405	0.9984114053	0.9999416608
-0.406	0.9984504842	0.9999416608
-0.407	0.9984885339	0.9999416608
-0.408	0.9985260376	0.999949995
-0.409	0.9985628046	0.999949995
-0.41	0.9985984123	0.9999583292
-0.411	0.9986331808	0.9999583292
-0.412	0.9986674651	0.9999583292
-0.413	0.9987010793	0.9999583292
-0.414	0.9987337467	0.9999583292
-0.415	0.9987661474	0.9999583292
-0.416	0.9987974772	0.9999583292
-0.417	0.9988279345	0.9999583292
-0.418	0.9988575933	0.9999583292
-0.419	0.9988866753	0.9999583292
-0.42	0.9989154682	0.9999583292
-0.421	0.998943236	0.9999583292
-0.422	0.998970492	0.9999583292
-0.423	0.9989971539	0.9999583292
-0.424	0.9990231423	0.9999583292
-0.425	0.9990485432	0.9999583292
-0.426	0.9990734623	0.9999583292
-0.427	0.9990977939	0.9999583292
-0.428	0.9991217863	0.9999583292
-0.429	0.9991451553	0.9999583292
-0.43	0.9991676551	0.9999583292
-0.431	0.9991895606	0.9999583292
-0.432	0.9992110569	0.9999583292
-0.433	0.9992320999	0.9999583292
-0.434	0.9992527536	0.9999583292
-0.435	0.9992726056	0.9999583292
-0.436	0.9992919767	0.9999583292
-0.437	0.999311222	0.9999583292
-0.438	0.9993298722	0.9999583292
-0.439	0.9993478898	0.9999583292
-0.44	0.9993655657	0.9999583292
-0.441	0.9993830308	0.9999583292
-0.442	0.9993997808	0.9999583292
-0.443	0.9994162183	0.9999666633
-0.444	0.9994321982	0.9999666633
-0.445	0.9994479906	0.9999666633
-0.446	0.9994633055	0.9999666633
-0.447	0.9994779436	0.9999666633
-0.448	0.9994925309	0.9999666633
-0.449	0.9995067332	0.9999666633
-0.45	0.9995205329	0.9999666633
-0.451	0.9995338609	0.9999666633
-0.452	0.999546808	0.9999666633
-0.453	0.9995594976	0.9999666633
-0.454	0.9995717147	0.9999666633
-0.455	0.9995837759	0.9999666633
-0.456	0.9995955562	0.9999666633
-0.457	0.9996069374	0.9999666633
-0.458	0.9996182293	0.9999666633
-0.459	0.9996291462	0.9999666633
-0.46	0.9996397965	0.9999666633
-0.461	0.9996501083	0.9999749975
-0.462	0.9996602669	0.9999749975
-0.463	0.9996701387	0.9999749975
-0.464	0.9996797596	0.9999749975
-0.465	0.9996890647	0.9999749975
-0.466	0.9996979765	0.9999749975
-0.467	0.9997068499	0.9999749975
-0.468	0.9997154432	0.9999749975
-0.469	0.9997240282	0.9999749975
-0.47	0.9997321674	0.9999749975
-0.471	0.9997400182	0.9999749975
-0.472	0.9997476489	0.9999749975
-0.473	0.9997552639	0.9999749975
-0.474	0.9997626071	0.9999749975
-0.475	0.9997698303	0.9999833317
-0.476	0.9997767318	0.9999916658
-0.477	0.9997834017	0.9999916658
-0.478	0.9997899757	0.9999916658
-0.479	0.9997963438	0.9999916658
-0.48	0.9998024761	0.9999916658
-0.481	0.9998083883	0.9999916658
-0.482	0.9998143256	0.9999916658
-0.483	0.9998200512	0.9999916658
-0.484	0.9998254917	0.9999916658
-0.485	0.9998308664	0.9999916658
-0.486	0.9998360828	0.9999916658
-0.487	0.9998410933	0.9999916658
-0.488	0.9998460429	0.9999916658
-0.489	0.9998507201	0.9999916658
-0.49	0.999855378	0.9999916658
-0.491	0.999859976	0.9999916658
-0.492	0.9998643414	0.9999916658
-0.493	0.9998685894	0.9999916658
-0.494	0.9998727514	0.9999916658
-0.495	0.999876821	0.9999916658
-0.496	0.9998808039	0.9999916658
-0.497	0.9998847143	0.9999916658
-0.498	0.9998884013	0.9999916658
-0.499	0.9998919975	0.9999916658
-0.5	0.9998954254	0.9999916658
-0.501	0.9998988065	0.9999916658
-0.502	0.9999020894	0.9999916658
-0.503	0.9999053572	0.9999916658
-0.504	0.9999083842	0.9999916658
-0.505	0.9999112686	0.9999916658
-0.506	0.9999142039	0.9999916658
-0.507	0.9999171917	0.9999916658
-0.508	0.9999199187	0.9999916658
-0.509	0.9999225981	0.9999916658
-0.51	0.9999251784	0.9999916658
-0.511	0.9999277303	0.9999916658
-0.512	0.9999302047	0.9999916658
-0.513	0.9999325874	0.9999916658
-0.514	0.999934806	0.9999916658
-0.515	0.9999369937	0.9999916658
-0.516	0.9999391064	0.9999916658
-0.517	0.9999410958	0.9999916658
-0.518	0.9999430726	0.9999916658
-0.519	0.9999450128	0.9999916658
-0.52	0.999946878	0.9999916658
-0.521	0.9999486815	0.9999916658
-0.522	0.9999505051	0.9999916658
-0.523	0.9999522144	0.9999916658
-0.524	0.9999538629	0.9999916658
-0.525	0.9999554764	0.9999916658
-0.526	0.9999570265	0.9999916658
-0.527	0.9999584992	0.9999916658
-0.528	0.9999599502	0.9999916658
-0.529	0.9999613461	0.9999916658
-0.53	0.9999626313	0.9999916658
-0.531	0.9999640047	0.9999916658
-0.532	0.9999653007	0.9999916658
-0.533	0.99996652	0.9999916658
-0.534	0.9999676851	0.9999916658
-0.535	0.999968806	0.9999916658
-0.536	0.9999698837	0.9999916658
-0.537	0.9999709621	0.9999916658
-0.538	0.9999720464	0.9999916658
-0.539	0.9999730948	0.9999916658
-0.54	0.9999740691	0.9999916658
-0.541	0.9999750183	0.9999916658
-0.542	0.9999759193	0.9999916658
-0.543	0.9999767643	0.9999916658
-0.544	0.9999776144	0.9999916658
-0.545	0.9999784295	0.9999916658
-0.546	0.9999792546	0.9999916658
-0.547	0.9999800447	0.9999916658
-0.548	0.9999808339	0.9999916658
-0.549	0.9999816107	0.9999916658
-0.55	0.9999822949	0.9999916658
-0.551	0.9999829391	0.9999916658
-0.552	0.99998361	0.9999916658
-0.553	0.9999842468	0.9999916658
-0.554	0.9999848785	0.9999916658
-0.555	0.9999854585	0.9999916658
-0.556	0.9999859978	0.9999916658
-0.557	0.999986527	0.9999916658
-0.558	0.9999870337	0.9999916658
-0.559	0.9999874996	0.9999916658
-0.56	0.9999879763	0.9999916658
-0.561	0.9999884247	0.9999916658
-0.562	0.9999888847	0.9999916658
-0.563	0.9999892964	1
-0.564	0.999989714	1
-0.565	0.9999901257	1
-0.566	0.9999905116	1
-0.567	0.9999908716	1
-0.568	0.9999912191	1
-0.569	0.9999915475	1
-0.57	0.99999192	1
-0.571	0.9999922626	1
-0.572	0.9999925659	1
-0.573	0.9999928885	1
-0.574	0.9999931893	1
-0.575	0.999993451	1
-0.576	0.9999936835	1
-0.577	0.9999939277	1
-0.578	0.9999941803	1
-0.579	0.9999944353	1
-0.58	0.9999946486	1
-0.581	0.9999948578	1
-0.582	0.999995082	1
-0.583	0.9999952695	1
-0.584	0.9999954579	1
-0.585	0.9999956596	1
-0.586	0.9999958388	1
-0.587	0.9999960004	1
-0.588	0.999996173	1
-0.589	0.9999963021	1
-0.59	0.9999964696	1
-0.591	0.9999966238	1
-0.592	0.999996768	1
-0.593	0.9999968972	1
-0.594	0.9999970305	1
-0.595	0.999997153	1
-0.596	0.9999972706	1
-0.597	0.9999973806	1
-0.598	0.9999974956	1
-0.599	0.9999976114	1
-0.6	0.9999976989	1
-0.601	0.9999977764	1
-0.602	0.999997874	1
-0.603	0.999997959	1
-0.604	0.9999980323	1
-0.605	0.9999981148	1
-0.606	0.9999981915	1
-0.607	0.9999982765	1
-0.608	0.999998339	1
-0.609	0.9999984365	1
-0.61	0.9999985065	1
-0.611	0.9999985724	1
-0.612	0.9999986424	1
-0.613	0.999998709	1
-0.614	0.9999987557	1
-0.615	0.9999988082	1
-0.616	0.9999988574	1
-0.617	0.9999989116	1
-0.618	0.9999989616	1
-0.619	0.9999989982	1
-0.62	0.9999990424	1
-0.621	0.9999990899	1
-0.622	0.9999991382	1
-0.623	0.9999991724	1
-0.624	0.9999992116	1
-0.625	0.9999992391	1
-0.626	0.9999992774	1
-0.627	0.9999993091	1
-0.628	0.9999993441	1
-0.629	0.9999993774	1
-0.63	0.9999994091	1
-0.631	0.9999994416	1
-0.632	0.9999994649	1
-0.633	0.9999994908	1
-0.634	0.9999995133	1
-0.635	0.9999995308	1
-0.636	0.9999995541	1
-0.637	0.9999995758	1
-0.638	0.9999995966	1
-0.639	0.999999625	1
-0.64	0.9999996441	1
-0.641	0.99999966	1
-0.642	0.99999968	1
-0.643	0.9999996941	1
-0.644	0.9999997108	1
-0.645	0.9999997266	1
-0.646	0.9999997383	1
-0.647	0.9999997558	1
-0.648	0.9999997716	1
-0.649	0.9999997791	1
-0.65	0.9999997933	1
-0.651	0.99999981	1
-0.652	0.9999998191	1
-0.653	0.9999998291	1
-0.654	0.9999998383	1
-0.655	0.9999998433	1
-0.656	0.9999998475	1
-0.657	0.999999855	1
-0.658	0.9999998667	1
-0.659	0.9999998767	1
-0.66	0.9999998842	1
-0.661	0.9999998933	1
-0.662	0.9999998992	1
-0.663	0.999999905	1
-0.664	0.9999999058	1
-0.665	0.999999915	1
-0.666	0.9999999192	1
-0.667	0.9999999225	1
-0.668	0.9999999242	1
-0.669	0.9999999283	1
-0.67	0.9999999342	1
-0.671	0.9999999392	1
-0.672	0.9999999425	1
-0.673	0.9999999442	1
-0.674	0.9999999467	1
-0.675	0.9999999533	1
-0.676	0.9999999567	1
-0.677	0.9999999592	1
-0.678	0.99999996	1
-0.679	0.9999999633	1
-0.68	0.9999999658	1
-0.681	0.9999999683	1
-0.682	0.9999999692	1
-0.683	0.99999997	1
-0.684	0.9999999708	1
-0.685	0.9999999725	1
-0.686	0.9999999733	1
-0.687	0.9999999733	1
-0.688	0.999999975	1
-0.689	0.9999999775	1
-0.69	0.99999998	1
-0.691	0.9999999808	1
-0.692	0.9999999817	1
-0.693	0.9999999825	1
-0.694	0.9999999833	1
-0.695	0.9999999842	1
-0.696	0.9999999858	1
-0.697	0.9999999883	1
-0.698	0.99999999	1
-0.699	0.99999999	1
-0.7	0.9999999908	1
-0.701	0.9999999925	1
-0.702	0.9999999942	1
-0.703	0.9999999942	1
-0.704	0.9999999942	1
-0.705	0.9999999958	1
-0.706	0.9999999958	1
-0.707	0.9999999967	1
-0.708	0.9999999967	1
-0.709	0.9999999975	1
-0.71	0.9999999975	1
-0.711	0.9999999975	1
-0.712	0.9999999975	1
-0.713	0.9999999975	1
-0.714	0.9999999975	1
-0.715	0.9999999975	1
-0.716	0.9999999975	1
-0.717	0.9999999975	1
-0.718	0.9999999975	1
-0.719	0.9999999975	1
-0.72	0.9999999975	1
-0.721	0.9999999975	1
-0.722	0.9999999975	1
-0.723	0.9999999975	1
-0.724	0.9999999975	1
-0.725	0.9999999975	1
-0.726	0.9999999975	1
-0.727	0.9999999975	1
-0.728	0.9999999983	1
-0.729	0.9999999992	1
-0.73	0.9999999992	1
-0.731	0.9999999992	1
-0.732	1	1
-0.733	1	1
-0.734	1	1
-0.735	1	1
-0.736	1	1
-0.737	1	1
-0.738	1	1
-0.739	1	1
-0.74	1	1
-0.741	1	1
-0.742	1	1
-0.743	1	1
-0.744	1	1
-0.745	1	1
-0.746	1	1
-0.747	1	1
-0.748	1	1
-0.749	1	1
-0.75	1	1
-0.751	1	1
-0.752	1	1
-0.753	1	1
-0.754	1	1
-0.755	1	1
-0.756	1	1
-0.757	1	1
-0.758	1	1
-0.759	1	1
-0.76	1	1
-0.761	1	1
-0.762	1	1
-0.763	1	1
-0.764	1	1
-0.765	1	1
-0.766	1	1
-0.767	1	1
-0.768	1	1
-0.769	1	1
-0.77	1	1
-0.771	1	1
-0.772	1	1
-0.773	1	1
-0.774	1	1
-0.775	1	1
-0.776	1	1
-0.777	1	1
-0.778	1	1
-0.779	1	1
-0.78	1	1
-0.781	1	1
-0.782	1	1
-0.783	1	1
-0.784	1	1
-0.785	1	1
-0.786	1	1
-0.787	1	1
-0.788	1	1
-0.789	1	1
-0.79	1	1
-0.791	1	1
-0.792	1	1
-0.793	1	1
-0.794	1	1
-0.795	1	1
-0.796	1	1
-0.797	1	1
-0.798	1	1
-0.799	1	1
-0.8	1	1
-0.801	1	1
-0.802	1	1
-0.803	1	1
-0.804	1	1
-0.805	1	1
-0.806	1	1
-0.807	1	1
-0.808	1	1
-0.809	1	1
-0.81	1	1
-0.811	1	1
-0.812	1	1
-0.813	1	1
-0.814	1	1
-0.815	1	1
-0.816	1	1
-0.817	1	1
-0.818	1	1
-0.819	1	1
-0.82	1	1
-0.821	1	1
-0.822	1	1
-0.823	1	1
-0.824	1	1
-0.825	1	1
-0.826	1	1
-0.827	1	1
-0.828	1	1
-0.829	1	1
-0.83	1	1
-0.831	1	1
-0.832	1	1
-0.833	1	1
-0.834	1	1
-0.835	1	1
-0.836	1	1
-0.837	1	1
-0.838	1	1
-0.839	1	1
-0.84	1	1
-0.841	1	1
-0.842	1	1
-0.843	1	1
-0.844	1	1
-0.845	1	1
-0.846	1	1
-0.847	1	1
-0.848	1	1
-0.849	1	1
-0.85	1	1
-0.851	1	1
-0.852	1	1
-0.853	1	1
-0.854	1	1
-0.855	1	1
-0.856	1	1
-0.857	1	1
-0.858	1	1
-0.859	1	1
-0.86	1	1
-0.861	1	1
-0.862	1	1
-0.863	1	1
-0.864	1	1
-0.865	1	1
-0.866	1	1
-0.867	1	1
-0.868	1	1
-0.869	1	1
-0.87	1	1
-0.871	1	1
-0.872	1	1
-0.873	1	1
-0.874	1	1
-0.875	1	1
-0.876	1	1
-0.877	1	1
-0.878	1	1
-0.879	1	1
-0.88	1	1
-0.881	1	1
-0.882	1	1
-0.883	1	1
-0.884	1	1
-0.885	1	1
-0.886	1	1
-0.887	1	1
-0.888	1	1
-0.889	1	1
-0.89	1	1
-0.891	1	1
-0.892	1	1
-0.893	1	1
-0.894	1	1
-0.895	1	1
-0.896	1	1
-0.897	1	1
-0.898	1	1
-0.899	1	1
-0.9	1	1
-0.901	1	1
-0.902	1	1
-0.903	1	1
-0.904	1	1
-0.905	1	1
-0.906	1	1
-0.907	1	1
-0.908	1	1
-0.909	1	1
-0.91	1	1
-0.911	1	1
-0.912	1	1
-0.913	1	1
-0.914	1	1
-0.915	1	1
-0.916	1	1
-0.917	1	1
-0.918	1	1
-0.919	1	1
-0.92	1	1
-0.921	1	1
-0.922	1	1
-0.923	1	1
-0.924	1	1
-0.925	1	1
-0.926	1	1
-0.927	1	1
-0.928	1	1
-0.929	1	1
-0.93	1	1
-0.931	1	1
-0.932	1	1
-0.933	1	1
-0.934	1	1
-0.935	1	1
-0.936	1	1
-0.937	1	1
-0.938	1	1
-0.939	1	1
-0.94	1	1
-0.941	1	1
-0.942	1	1
-0.943	1	1
-0.944	1	1
-0.945	1	1
-0.946	1	1
-0.947	1	1
-0.948	1	1
-0.949	1	1
-0.95	1	1
-0.951	1	1
-0.952	1	1
-0.953	1	1
-0.954	1	1
-0.955	1	1
-0.956	1	1
-0.957	1	1
-0.958	1	1
-0.959	1	1
-0.96	1	1
-0.961	1	1
-0.962	1	1
-0.963	1	1
-0.964	1	1
-0.965	1	1
-0.966	1	1
-0.967	1	1
-0.968	1	1
-0.969	1	1
-0.97	1	1
-0.971	1	1
-0.972	1	1
-0.973	1	1
-0.974	1	1
-0.975	1	1
-0.976	1	1
-0.977	1	1
-0.978	1	1
-0.979	1	1
-0.98	1	1
-0.981	1	1
-0.982	1	1
-0.983	1	1
-0.984	1	1
-0.985	1	1
-0.986	1	1
-0.987	1	1
-0.988	1	1
-0.989	1	1
-0.99	1	1
-0.991	1	1
-0.992	1	1
-0.993	1	1
-0.994	1	1
-0.995	1	1
-0.996	1	1
-0.997	1	1
-0.998	1	1
-0.999	1	1
-1	1	1
