threshold	FAR	TAR
0.999	0	0
0.998	0	0
0.997	0	0
0.996	0	0
0.995	0	0
0.994	0	0
0.993	0	0
0.992	0	0
0.991	0	0
0.99	0	0
0.989	0	0
0.988	0	0
0.987	0	0
0.986	0	0
0.985	0	0
0.984	0	0
0.983	0	0
0.982	0	0
0.981	0	0
0.98	0	0
0.979	0	0
0.978	0	0
0.977	0	0
0.976	0	0
0.975	0	0
0.974	0	0
0.973	0	0
0.972	0	0
0.971	0	0
0.97	0	0
0.969	0	0
0.968	0	0
0.967	0	0
0.966	0	0
0.965	0	0
0.964	0	0
0.963	0	0
0.962	0	0
0.961	0	0
0.96	0	0
0.959	0	0
0.958	0	0
0.957	0	0
0.956	0	0
0.955	0	0
0.954	0	0
0.953	0	0
0.952	0	0
0.951	0	0
0.95	0	0
0.949	0	0
0.948	0	0
0.947	0	0
0.946	0	0
0.945	0	0
0.944	0	0
0.943	0	0
0.942	0	0
0.941	0	0
0.94	0	0
0.939	0	0
0.938	0	0
0.937	0	0
0.936	0	0
0.935	0	0
0.934	0	0
0.933	0	0
0.932	0	0
0.931	0	0
0.93	0	0
0.929	0	0
0.928	0	0
0.927	0	0
0.926	0	0
0.925	0	0
0.924	0	0
0.923	0	0
0.922	0	0
0.921	0	0
0.92	0	0
0.919	0	0
0.918	0	0
0.917	0	0
0.916	0	0
0.915	0	0
0.914	0	0
0.913	0	0
0.912	0	0
0.911	0	0
0.91	0	0
0.909	0	0
0.908	0	0
0.907	0	0
0.906	0	0
0.905	0	0
0.904	0	0
0.903	0	0
0.902	0	0
0.901	0	0
0.9	0	0
0.899	0	0
0.898	0	0
0.897	0	0
0.896	0	0
0.895	0	0
0.894	0	0
0.893	0	0
0.892	0	0
0.891	0	0
0.89	0	0
0.889	0	0
0.888	0	0
0.887	0	0
0.886	0	0
0.885	0	0
0.884	0	0
0.883	0	0
0.882	0	0
0.881	0	0
0.88	0	0
0.879	0	0
0.878	0	0
0.877	0	0.0025
0.876	0	0.0025
0.875	0	0.0025
0.874	0	0.0025
0.873	0	0.0025
0.872	0	0.0025
0.871	0	0.0025
0.87	0	0.0025
0.869	0	0.0025
0.868	0	0.0025
0.867	0	0.0025
0.866	0	0.0025
0.865	0	0.0025
0.864	0	0.0025
0.863	0	0.0025
0.862	0	0.0025
0.861	0	0.0025
0.86	0	0.0025
0.859	0	0.0025
0.858	0	0.005
0.857	0	0.005
0.856	0	0.005
0.855	0	0.005
0.854	0	0.005
0.853	0	0.005
0.852	0	0.005
0.851	0	0.005
0.85	0	0.005
0.849	0	0.005
0.848	0	0.005
0.847	0	0.005
0.846	0	0.005
0.845	0	0.0075
0.844	0	0.0075
0.843	0	0.0075
0.842	0	0.0075
0.841	0	0.0075
0.84	0	0.0075
0.839	0	0.0075
0.838	0	0.0075
0.837	0	0.0075
0.836	0	0.0075
0.835	0	0.0075
0.834	0	0.0075
0.833	0	0.0075
0.832	0	0.0075
0.831	0	0.0075
0.83	0	0.0075
0.829	0	0.0075
0.828	0	0.0075
0.827	0	0.0075
0.826	0	0.0075
0.825	0	0.0075
0.824	0	0.0075
0.823	0	0.0075
0.822	0	0.0075
0.821	0	0.0075
0.82	0	0.0075
0.819	0	0.0075
0.818	0	0.0075
0.817	0	0.0075
0.816	0	0.0075
0.815	0	0.0075
0.814	0	0.0075
0.813	0	0.01
0.812	0	0.01
0.811	0	0.01
0.81	0	0.0125
0.809	0	0.0125
0.808	0	0.0125
0.807	0	0.0125
0.806	0	0.0175
0.805	0	0.0175
0.804	0	0.0175
0.803	0	0.0175
0.802	0	0.02
0.801	0	0.0225
0.8	0	0.0275
0.799	0	0.0275
0.798	0	0.0275
0.797	0	0.0275
0.796	0	0.0275
0.795	0	0.0275
0.794	0	0.0275
0.793	0	0.0275
0.792	0	0.0275
0.791	0	0.03
0.79	0	0.03
0.789	0	0.03
0.788	0	0.0325
0.787	0	0.0325
0.786	0	0.0325
0.785	0	0.0325
0.784	0	0.0325
0.783	0	0.0325
0.782	0	0.0325
0.781	0	0.0325
0.78	0	0.0325
0.779	0	0.0325
0.778	0	0.035
0.777	0	0.0375
0.776	0	0.0375
0.775	0	0.0375
0.774	0	0.0375
0.773	0	0.0375
0.772	0	0.0375
0.771	0	0.0375
0.77	0	0.0375
0.769	0	0.0375
0.768	0	0.0375
0.767	0	0.0375
0.766	0	0.0375
0.765	0	0.0375
0.764	0	0.04
0.763	0	0.04
0.762	0	0.04
0.761	0	0.04
0.76	0	0.04
0.759	0	0.04
0.758	0	0.045
0.757	0	0.045
0.756	0	0.0475
0.755	0	0.0475
0.754	0	0.0475
0.753	0	0.0475
0.752	0	0.0475
0.751	0	0.05
0.75	0	0.05
0.749	0	0.05
0.748	0	0.0525
0.747	0	0.0525
0.746	0	0.0525
0.745	0	0.0575
0.744	0	0.0575
0.743	0	0.0575
0.742	0	0.06
0.741	0	0.06
0.74	0	0.06
0.739	0	0.06
0.738	0	0.06
0.737	0	0.06
0.736	0	0.0625
0.735	0	0.0625
0.734	0	0.0625
0.733	0	0.0625
0.732	0	0.0625
0.731	0	0.0625
0.73	0	0.0625
0.729	0	0.0625
0.728	0	0.065
0.727	0	0.065
0.726	0	0.065
0.725	0	0.065
0.724	0	0.065
0.723	0	0.065
0.722	0	0.065
0.721	0	0.065
0.72	0	0.0675
0.719	0	0.0675
0.718	0	0.0675
0.717	0	0.07
0.716	0	0.07
0.715	0	0.0725
0.714	0	0.0775
0.713	0	0.08
0.712	0	0.08
0.711	0	0.08
0.71	0	0.08
0.709	0	0.08
0.708	0	0.0825
0.707	0	0.0825
0.706	0	0.0825
0.705	0	0.0825
0.704	0	0.0825
0.703	0	0.0825
0.702	0	0.0825
0.701	0	0.0825
0.7	0	0.085
0.699	0	0.085
0.698	0	0.085
0.697	0	0.09
0.696	0	0.09
0.695	0	0.09
0.694	0	0.09
0.693	0	0.09
0.692	0	0.0925
0.691	0	0.095
0.69	0	0.0975
0.689	0	0.0975
0.688	0	0.1
0.687	0	0.1
0.686	0	0.1025
0.685	0	0.1025
0.684	0	0.1025
0.683	0	0.105
0.682	0	0.105
0.681	0	0.105
0.68	0	0.105
0.679	0	0.105
0.678	0	0.1075
0.677	0	0.11
0.676	0	0.11
0.675	0	0.1125
0.674	0	0.115
0.673	0	0.115
0.672	0	0.115
0.671	0	0.1175
0.67	0	0.1175
0.669	0	0.1175
0.668	0	0.1175
0.667	0	0.1175
0.666	0	0.12
0.665	0	0.12
0.664	0	0.125
0.663	0	0.125
0.662	0	0.125
0.661	0	0.1275
0.66	0	0.1325
0.659	0	0.135
0.658	0	0.1375
0.657	0	0.1375
0.656	0	0.1375
0.655	0	0.1375
0.654	0	0.14
0.653	0	0.1425
0.652	0	0.1475
0.651	0	0.1475
0.65	0	0.1475
0.649	0	0.1475
0.648	0	0.15
0.647	0	0.15
0.646	0	0.15
0.645	0	0.15
0.644	0	0.1525
0.643	0	0.155
0.642	0	0.155
0.641	0	0.16
0.64	0	0.16
0.639	0	0.16
0.638	0	0.1625
0.637	0	0.165
0.636	0	0.1675
0.635	0	0.1675
0.634	0	0.17
0.633	0	0.1725
0.632	0	0.1725
0.631	0	0.1725
0.63	0	0.1725
0.629	0	0.1725
0.628	0	0.1725
0.627	0	0.175
0.626	0	0.175
0.625	0	0.175
0.624	0	0.175
0.623	0	0.175
0.622	0	0.175
0.621	0	0.1775
0.62	0	0.1775
0.619	0	0.18
0.618	0	0.1825
0.617	0	0.185
0.616	0	0.185
0.615	0	0.1875
0.614	0	0.195
0.613	0	0.1975
0.612	0	0.1975
0.611	0	0.1975
0.61	0	0.1975
0.609	0	0.2
0.608	0	0.205
0.607	0	0.205
0.606	0	0.205
0.605	0	0.21
0.604	0	0.21
0.603	0	0.2125
0.602	0	0.2125
0.601	0	0.215
0.6	0	0.2175
0.599	0	0.2175
0.598	0	0.2225
0.597	0	0.2225
0.596	0	0.225
0.595	0	0.225
0.594	0	0.2275
0.593	0	0.2275
0.592	0	0.2275
0.591	0	0.235
0.59	0	0.2375
0.589	0	0.24
0.588	0	0.2425
0.587	0	0.2475
0.586	0	0.25
0.585	0	0.25
0.584	0	0.255
0.583	0	0.255
0.582	0	0.255
0.581	0	0.255
0.58	0	0.255
0.579	0	0.2625
0.578	0	0.2625
0.577	0	0.265
0.576	0	0.2675
0.575	0	0.2675
0.574	0	0.2725
0.573	0	0.2725
0.572	0	0.2725
0.571	0	0.2725
0.57	0	0.275
0.569	0	0.2775
0.568	0	0.28
0.567	0	0.28
0.566	0	0.285
0.565	0	0.285
0.564	0	0.285
0.563	0	0.2875
0.562	0	0.29
0.561	0	0.295
0.56	0	0.295
0.559	0	0.3
0.558	0	0.3
0.557	0	0.3025
0.556	0	0.305
0.555	0	0.3075
0.554	0	0.3075
0.553	0	0.3075
0.552	0	0.3075
0.551	0	0.3125
0.55	0	0.3125
0.549	0	0.315
0.548	0	0.315
0.547	0	0.32
0.546	0	0.3275
0.545	0	0.33
0.544	0	0.335
0.543	0	0.335
0.542	0	0.34
0.541	0	0.34
0.54	0	0.3425
0.539	0	0.3475
0.538	0	0.35
0.537	0	0.3525
0.536	0	0.3575
0.535	0	0.3575
0.534	0	0.3575
0.533	0	0.36
0.532	0	0.36
0.531	0	0.36
0.53	0	0.36
0.529	0	0.3625
0.528	0	0.3625
0.527	0	0.365
0.526	0	0.365
0.525	0	0.365
0.524	0	0.3675
0.523	0	0.3675
0.522	0	0.37
0.521	0	0.3725
0.52	0	0.3775
0.519	0	0.38
0.518	0	0.3825
0.517	0	0.3825
0.516	0	0.3825
0.515	0	0.3825
0.514	0	0.385
0.513	0	0.3875
0.512	0	0.3875
0.511	0	0.3925
0.51	0	0.3925
0.509	0	0.3925
0.508	0	0.3925
0.507	0	0.395
0.506	0	0.4
0.505	0	0.4
0.504	0	0.4
0.503	0	0.4025
0.502	0	0.405
0.501	0	0.4075
0.5	0	0.4075
0.499	0	0.4075
0.498	0	0.4075
0.497	0	0.41
0.496	0	0.4175
0.495	0	0.4175
0.494	0	0.4175
0.493	0	0.42
0.492	0	0.4225
0.491	0	0.4275
0.49	0	0.43
0.489	0	0.435
0.488	0	0.44
0.487	0	0.44
0.486	0	0.4425
0.485	0	0.445
0.484	0	0.445
0.483	0	0.445
0.482	0	0.4475
0.481	0	0.4475
0.48	0	0.4475
0.479	0	0.4475
0.478	0	0.4525
0.477	0	0.4525
0.476	0	0.4575
0.475	0	0.4625
0.474	0	0.4625
0.473	0	0.4625
0.472	0	0.47
0.471	0	0.4725
0.47	0	0.475
0.469	0	0.475
0.468	0	0.48
0.467	0	0.48
0.466	0	0.4825
0.465	0	0.485
0.464	0	0.49
0.463	0	0.49
0.462	0	0.49
0.461	0	0.4975
0.46	0	0.5025
0.459	0	0.5075
0.458	0	0.5075
0.457	0	0.51
0.456	0	0.51
0.455	0	0.51
0.454	0	0.51
0.453	0	0.51
0.452	0	0.51
0.451	0	0.515
0.45	0	0.515
0.449	0	0.52
0.448	0	0.52
0.447	0	0.5225
0.446	0	0.5225
0.445	0	0.525
0.444	0	0.5275
0.443	0	0.5275
0.442	0	0.53
0.441	0	0.53
0.44	0	0.5325
0.439	0	0.5325
0.438	0	0.535
0.437	0	0.535
0.436	0	0.5375
0.435	0	0.5375
0.434	0	0.5375
0.433	0	0.54
0.432	0	0.5425
0.431	0	0.55
0.43	0	0.5525
0.429	0	0.555
0.428	0	0.5575
0.427	0	0.5575
0.426	0	0.56
0.425	0	0.5625
0.424	0	0.57
0.423	0	0.5725
0.422	0	0.575
0.421	0	0.5775
0.42	0	0.58
0.419	0	0.58
0.418	0	0.585
0.417	0	0.5875
0.416	0	0.5875
0.415	0	0.5875
0.414	0	0.5875
0.413	0	0.5875
0.412	0	0.59
0.411	0	0.59
0.41	0	0.595
0.409	0	0.6025
0.408	0	0.6025
0.407	0	0.605
0.406	0	0.605
0.405	0	0.605
0.404	0	0.605
0.403	0	0.605
0.402	0	0.6075
0.401	0	0.6075
0.4	0	0.6075
0.399	0	0.6075
0.398	0	0.61
0.397	0	0.61
0.396	0	0.6125
0.395	0	0.6125
0.394	0	0.615
0.393	0	0.6175
0.392	0	0.6175
0.391	0	0.6225
0.39	0	0.625
0.389	0	0.6275
0.388	0	0.6275
0.387	0	0.6275
0.386	0	0.6275
0.385	0	0.635
0.384	0	0.64
0.383	0	0.6425
0.382	0	0.6425
0.381	0	0.645
0.38	0	0.645
0.379	0	0.6475
0.378	0	0.6475
0.377	0	0.655
0.376	0	0.655
0.375	0	0.6575
0.374	0	0.6575
0.373	0	0.66
0.372	0	0.66
0.371	0	0.6625
0.37	0	0.67
0.369	0	0.67
0.368	0	0.6725
0.367	0	0.675
0.366	0	0.675
0.365	0	0.675
0.364	0	0.675
0.363	0	0.675
0.362	0	0.68
0.361	0	0.6825
0.36	0	0.6925
0.359	0	0.6925
0.358	0	0.6925
0.357	0	0.6925
0.356	0	0.6925
0.355	0	0.695
0.354	0	0.6975
0.353	0	0.6975
0.352	0	0.6975
0.351	0	0.6975
0.35	0	0.7025
0.349	0	0.705
0.348	0	0.7075
0.347	0	0.7175
0.346	0	0.7175
0.345	0	0.72
0.344	0	0.7225
0.343	0	0.7325
0.342	0	0.7325
0.341	0	0.7325
0.34	0	0.7325
0.339	0	0.735
0.338	0	0.7375
0.337	0	0.7375
0.336	0	0.74
0.335	0	0.74
0.334	0	0.74
0.333	0	0.7425
0.332	0	0.7425
0.331	0	0.745
0.33	0	0.745
0.329	0	0.745
0.328	0	0.745
0.327	0	0.745
0.326	0	0.745
0.325	0	0.7475
0.324	0	0.7475
0.323	0	0.75
0.322	0	0.75
0.321	0	0.75
0.32	0	0.7525
0.319	0	0.7575
0.318	0	0.7575
0.317	0	0.7575
0.316	0	0.7575
0.315	0	0.7575
0.314	0	0.7575
0.313	0	0.7575
0.312	2.525252525e-05	0.765
0.311	2.525252525e-05	0.7675
0.31	2.525252525e-05	0.77
0.309	2.525252525e-05	0.77
0.308	2.525252525e-05	0.7725
0.307	2.525252525e-05	0.7775
0.306	2.525252525e-05	0.7775
0.305	2.525252525e-05	0.7775
0.304	2.525252525e-05	0.7825
0.303	2.525252525e-05	0.7825
0.302	2.525252525e-05	0.7825
0.301	2.525252525e-05	0.7875
0.3	5.050505051e-05	0.79
0.299	5.050505051e-05	0.7975
0.298	5.050505051e-05	0.7975
0.297	5.050505051e-05	0.7975
0.296	5.050505051e-05	0.8
0.295	5.050505051e-05	0.8
0.294	5.050505051e-05	0.8025
0.293	5.050505051e-05	0.8025
0.292	5.050505051e-05	0.8075
0.291	5.050505051e-05	0.8075
0.29	5.050505051e-05	0.8075
0.289	5.050505051e-05	0.8075
0.288	5.050505051e-05	0.81
0.287	5.050505051e-05	0.81
0.286	7.575757576e-05	0.81
0.285	7.575757576e-05	0.81
0.284	7.575757576e-05	0.81
0.283	7.575757576e-05	0.81
0.282	7.575757576e-05	0.81
0.281	7.575757576e-05	0.81
0.28	7.575757576e-05	0.8125
0.279	7.575757576e-05	0.815
0.278	0.000101010101	0.815
0.277	0.000101010101	0.815
0.276	0.0001262626263	0.815
0.275	0.0001262626263	0.8175
0.274	0.0001262626263	0.8175
0.273	0.0001262626263	0.8175
0.272	0.0001515151515	0.8175
0.271	0.0001767676768	0.82
0.27	0.0001767676768	0.82
0.269	0.0001767676768	0.82
0.268	0.000202020202	0.8225
0.267	0.0002272727273	0.825
0.266	0.0002525252525	0.825
0.265	0.0002525252525	0.825
0.264	0.0002525252525	0.825
0.263	0.0002525252525	0.825
0.262	0.0002777777778	0.825
0.261	0.0002777777778	0.825
0.26	0.000303030303	0.825
0.259	0.0003282828283	0.825
0.258	0.0003282828283	0.825
0.257	0.0003535353535	0.8275
0.256	0.000404040404	0.8275
0.255	0.000404040404	0.83
0.254	0.0004292929293	0.83
0.253	0.0004292929293	0.8325
0.252	0.0004545454545	0.8325
0.251	0.0004797979798	0.8325
0.25	0.0005050505051	0.8325
0.249	0.0005050505051	0.8325
0.248	0.0005303030303	0.835
0.247	0.0005303030303	0.835
0.246	0.0005555555556	0.835
0.245	0.0006565656566	0.835
0.244	0.0006818181818	0.835
0.243	0.0006818181818	0.835
0.242	0.0007070707071	0.835
0.241	0.0007070707071	0.835
0.24	0.0007323232323	0.8375
0.239	0.0007828282828	0.8375
0.238	0.0008585858586	0.84
0.237	0.0008838383838	0.8425
0.236	0.0009090909091	0.845
0.235	0.0009343434343	0.8475
0.234	0.0009595959596	0.8475
0.233	0.0009848484848	0.8475
0.232	0.00101010101	0.8475
0.231	0.001060606061	0.8475
0.23	0.001136363636	0.8475
0.229	0.001186868687	0.85
0.228	0.001212121212	0.85
0.227	0.001262626263	0.85
0.226	0.001363636364	0.85
0.225	0.001464646465	0.85
0.224	0.001515151515	0.8525
0.223	0.001565656566	0.8525
0.222	0.001666666667	0.8575
0.221	0.001792929293	0.8575
0.22	0.001868686869	0.8575
0.219	0.002070707071	0.8575
0.218	0.002070707071	0.8575
0.217	0.002095959596	0.8575
0.216	0.002121212121	0.8575
0.215	0.002272727273	0.8575
0.214	0.002297979798	0.8575
0.213	0.002424242424	0.8575
0.212	0.0025	0.86
0.211	0.002525252525	0.86
0.21	0.002626262626	0.86
0.209	0.002777777778	0.86
0.208	0.002878787879	0.86
0.207	0.00297979798	0.86
0.206	0.003106060606	0.86
0.205	0.003282828283	0.86
0.204	0.003333333333	0.86
0.203	0.003484848485	0.86
0.202	0.003686868687	0.86
0.201	0.003838383838	0.865
0.2	0.004015151515	0.865
0.199	0.004141414141	0.865
0.198	0.004191919192	0.865
0.197	0.004368686869	0.8675
0.196	0.004545454545	0.8675
0.195	0.004722222222	0.8675
0.194	0.004873737374	0.8675
0.193	0.005101010101	0.8675
0.192	0.005303030303	0.87
0.191	0.005429292929	0.8725
0.19	0.005681818182	0.8725
0.189	0.005858585859	0.8725
0.188	0.005984848485	0.8725
0.187	0.006287878788	0.8725
0.186	0.006414141414	0.875
0.185	0.006565656566	0.875
0.184	0.006843434343	0.875
0.183	0.00696969697	0.875
0.182	0.007121212121	0.875
0.181	0.007424242424	0.875
0.18	0.007777777778	0.875
0.179	0.007954545455	0.875
0.178	0.008257575758	0.875
0.177	0.008661616162	0.875
0.176	0.008914141414	0.875
0.175	0.009368686869	0.875
0.174	0.009823232323	0.875
0.173	0.01017676768	0.875
0.172	0.01053030303	0.875
0.171	0.01088383838	0.875
0.17	0.01136363636	0.875
0.169	0.01169191919	0.875
0.168	0.0122979798	0.875
0.167	0.0127020202	0.875
0.166	0.01313131313	0.875
0.165	0.01335858586	0.875
0.164	0.01378787879	0.8775
0.163	0.01424242424	0.8775
0.162	0.01464646465	0.8775
0.161	0.01507575758	0.88
0.16	0.01555555556	0.88
0.159	0.01608585859	0.88
0.158	0.01674242424	0.88
0.157	0.01727272727	0.88
0.156	0.01765151515	0.88
0.155	0.01828282828	0.8825
0.154	0.01898989899	0.8825
0.153	0.01949494949	0.8825
0.152	0.02015151515	0.8825
0.151	0.02080808081	0.8825
0.15	0.02128787879	0.8825
0.149	0.02204545455	0.8825
0.148	0.02282828283	0.8825
0.147	0.02366161616	0.8825
0.146	0.02462121212	0.885
0.145	0.02537878788	0.885
0.144	0.02626262626	0.885
0.143	0.02717171717	0.885
0.142	0.02775252525	0.885
0.141	0.02851010101	0.885
0.14	0.02936868687	0.885
0.139	0.03053030303	0.885
0.138	0.03148989899	0.885
0.137	0.03247474747	0.885
0.136	0.03373737374	0.885
0.135	0.0347979798	0.885
0.134	0.03583333333	0.885
0.133	0.03696969697	0.885
0.132	0.03825757576	0.885
0.131	0.03929292929	0.885
0.13	0.04032828283	0.885
0.129	0.04151515152	0.8875
0.128	0.04303030303	0.8875
0.127	0.04401515152	0.8875
0.126	0.045	0.8875
0.125	0.04648989899	0.8875
0.124	0.04757575758	0.89
0.123	0.04878787879	0.89
0.122	0.05005050505	0.89
0.121	0.05128787879	0.89
0.12	0.0526010101	0.8925
0.119	0.05411616162	0.8925
0.118	0.05563131313	0.8925
0.117	0.05717171717	0.8925
0.116	0.05886363636	0.8925
0.115	0.06045454545	0.895
0.114	0.06212121212	0.895
0.113	0.06414141414	0.895
0.112	0.06583333333	0.895
0.111	0.06755050505	0.895
0.11	0.06974747475	0.895
0.109	0.07154040404	0.895
0.108	0.07315656566	0.895
0.107	0.0746969697	0.8975
0.106	0.07681818182	0.8975
0.105	0.07906565657	0.9
0.104	0.08138888889	0.9
0.103	0.08371212121	0.9
0.102	0.08583333333	0.9
0.101	0.08805555556	0.9025
0.1	0.09037878788	0.9025
0.099	0.0926010101	0.9025
0.098	0.09472222222	0.9025
0.097	0.0970959596	0.9025
0.096	0.0995959596	0.9025
0.095	0.1020707071	0.9025
0.094	0.1048484848	0.9025
0.093	0.1070959596	0.9025
0.092	0.11	0.9025
0.091	0.112020202	0.9025
0.09	0.1144191919	0.9025
0.089	0.1176010101	0.9025
0.088	0.1201262626	0.9025
0.087	0.1231313131	0.9025
0.086	0.1258585859	0.9025
0.085	0.1289646465	0.9025
0.084	0.1322979798	0.905
0.083	0.1353030303	0.905
0.082	0.138030303	0.905
0.081	0.140959596	0.9075
0.08	0.1438131313	0.9075
0.079	0.1467171717	0.9075
0.078	0.1501010101	0.9075
0.077	0.1534090909	0.9075
0.076	0.1568686869	0.9075
0.075	0.1606565657	0.9075
0.074	0.1643686869	0.9075
0.073	0.1676262626	0.91
0.072	0.1712878788	0.9125
0.071	0.1745959596	0.9125
0.07	0.1784848485	0.915
0.069	0.1825757576	0.915
0.068	0.1861363636	0.915
0.067	0.1896969697	0.915
0.066	0.1938383838	0.915
0.065	0.198510101	0.915
0.064	0.2022727273	0.915
0.063	0.2058080808	0.915
0.062	0.21	0.915
0.061	0.2144191919	0.915
0.06	0.2189141414	0.915
0.059	0.2231565657	0.9175
0.058	0.2271717172	0.9175
0.057	0.2314141414	0.9175
0.056	0.2361616162	0.9175
0.055	0.241010101	0.9175
0.054	0.2453282828	0.9175
0.053	0.2495959596	0.9175
0.052	0.2541666667	0.9175
0.051	0.2582575758	0.9175
0.05	0.2629292929	0.9175
0.049	0.2677020202	0.9175
0.048	0.2721212121	0.9175
0.047	0.2769949495	0.9175
0.046	0.2818939394	0.9175
0.045	0.2870454545	0.9175
0.044	0.2926262626	0.9175
0.043	0.2968686869	0.92
0.042	0.3018181818	0.92
0.041	0.3062626263	0.92
0.04	0.3112626263	0.92
0.039	0.3166919192	0.92
0.038	0.3218181818	0.9225
0.037	0.327020202	0.9225
0.036	0.3319191919	0.9225
0.035	0.3376767677	0.925
0.034	0.342979798	0.93
0.033	0.3490656566	0.935
0.032	0.3547474747	0.935
0.031	0.3593181818	0.935
0.03	0.3646212121	0.935
0.029	0.3701010101	0.935
0.028	0.3754040404	0.935
0.027	0.380959596	0.935
0.026	0.3868181818	0.9375
0.025	0.3927272727	0.94
0.024	0.3987121212	0.9425
0.023	0.4040909091	0.9425
0.022	0.4097979798	0.9425
0.021	0.4150252525	0.9425
0.02	0.4201010101	0.945
0.019	0.4257070707	0.945
0.018	0.4316161616	0.945
0.017	0.4378282828	0.945
0.016	0.4434343434	0.945
0.015	0.4485353535	0.945
0.014	0.4539141414	0.9475
0.013	0.4593686869	0.9475
0.012	0.4654292929	0.95
0.011	0.4707575758	0.95
0.01	0.4768686869	0.95
0.009	0.4824747475	0.95
0.008	0.487979798	0.95
0.007	0.4942171717	0.95
0.006	0.4999242424	0.9525
0.005	0.5056818182	0.9525
0.004	0.511489899	0.955
0.003	0.5171212121	0.955
0.002	0.5239393939	0.955
0.001	0.5297222222	0.955
0	0.5357323232	0.955
-0.001	0.541969697	0.955
-0.002	0.5482323232	0.955
-0.003	0.5536616162	0.955
-0.004	0.559520202	0.9575
-0.005	0.5652777778	0.9575
-0.006	0.5712121212	0.9625
-0.007	0.5773484848	0.9625
-0.008	0.582979798	0.965
-0.009	0.5884090909	0.9675
-0.01	0.5936363636	0.9675
-0.011	0.6002525253	0.9675
-0.012	0.6063888889	0.9675
-0.013	0.611969697	0.9675
-0.014	0.6181060606	0.9675
-0.015	0.623989899	0.9675
-0.016	0.6297979798	0.9675
-0.017	0.6348989899	0.9675
-0.018	0.6401767677	0.9675
-0.019	0.6458333333	0.9675
-0.02	0.6513383838	0.9675
-0.021	0.6564393939	0.9675
-0.022	0.6621212121	0.9675
-0.023	0.6676515152	0.9675
-0.024	0.672979798	0.9675
-0.025	0.678510101	0.97
-0.026	0.6842929293	0.97
-0.027	0.6891919192	0.97
-0.028	0.694520202	0.97
-0.029	0.6991414141	0.9725
-0.03	0.7033585859	0.9725
-0.031	0.708510101	0.9725
-0.032	0.7138636364	0.9725
-0.033	0.7186868687	0.9725
-0.034	0.7238131313	0.9725
-0.035	0.7281060606	0.9725
-0.036	0.7330555556	0.9725
-0.037	0.7376515152	0.9725
-0.038	0.7428030303	0.9725
-0.039	0.7478030303	0.9725
-0.04	0.7525505051	0.975
-0.041	0.7574494949	0.975
-0.042	0.761969697	0.975
-0.043	0.7666919192	0.975
-0.044	0.7708838384	0.975
-0.045	0.7753282828	0.975
-0.046	0.7789646465	0.9775
-0.047	0.7828787879	0.9775
-0.048	0.7871717172	0.9775
-0.049	0.7911363636	0.9775
-0.05	0.7949747475	0.9775
-0.051	0.7994949495	0.9775
-0.052	0.803510101	0.9775
-0.053	0.8074242424	0.98
-0.054	0.8118181818	0.98
-0.055	0.8152525253	0.98
-0.056	0.8187878788	0.98
-0.057	0.8230050505	0.98
-0.058	0.8263383838	0.98
-0.059	0.8297222222	0.98
-0.06	0.8333838384	0.98
-0.061	0.8367929293	0.98
-0.062	0.840479798	0.98
-0.063	0.8444444444	0.9825
-0.064	0.8487878788	0.9825
-0.065	0.8520707071	0.9825
-0.066	0.8560353535	0.9825
-0.067	0.8594949495	0.9825
-0.068	0.8630808081	0.9825
-0.069	0.866540404	0.985
-0.07	0.8703282828	0.985
-0.071	0.8733080808	0.985
-0.072	0.8762121212	0.985
-0.073	0.8794444444	0.9875
-0.074	0.8829040404	0.99
-0.075	0.8854545455	0.99
-0.076	0.8883585859	0.99
-0.077	0.8911363636	0.99
-0.078	0.8940909091	0.99
-0.079	0.8969444444	0.99
-0.08	0.8997474747	0.99
-0.081	0.9023484848	0.99
-0.082	0.9050505051	0.99
-0.083	0.9073484848	0.99
-0.084	0.9096969697	0.99
-0.085	0.9119444444	0.99
-0.086	0.9137121212	0.99
-0.087	0.9161111111	0.99
-0.088	0.9183838384	0.99
-0.089	0.920530303	0.99
-0.09	0.9224494949	0.99
-0.091	0.9246969697	0.99
-0.092	0.9265909091	0.99
-0.093	0.9282575758	0.99
-0.094	0.9302525253	0.99
-0.095	0.9322222222	0.99
-0.096	0.9341161616	0.99
-0.097	0.9356313131	0.99
-0.098	0.9372727273	0.99
-0.099	0.9395454545	0.99
-0.1	0.9413888889	0.99
-0.101	0.9431818182	0.99
-0.102	0.9452777778	0.99
-0.103	0.9471969697	0.99
-0.104	0.948989899	0.99
-0.105	0.9502272727	0.99
-0.106	0.9518434343	0.9925
-0.107	0.9531818182	0.9925
-0.108	0.9544191919	0.9925
-0.109	0.9556818182	0.9925
-0.11	0.9568939394	0.9925
-0.111	0.9583838384	0.9925
-0.112	0.9596717172	0.995
-0.113	0.9611616162	0.995
-0.114	0.9623232323	0.995
-0.115	0.9634848485	0.995
-0.116	0.9645454545	0.9975
-0.117	0.9657070707	0.9975
-0.118	0.9666919192	0.9975
-0.119	0.9678787879	0.9975
-0.12	0.9688131313	0.9975
-0.121	0.9697979798	0.9975
-0.122	0.9707828283	0.9975
-0.123	0.9718181818	0.9975
-0.124	0.9727777778	0.9975
-0.125	0.9736111111	0.9975
-0.126	0.974520202	0.9975
-0.127	0.9754040404	0.9975
-0.128	0.9760353535	1
-0.129	0.9768686869	1
-0.13	0.9776010101	1
-0.131	0.9782575758	1
-0.132	0.979040404	1
-0.133	0.9797727273	1
-0.134	0.9803535354	1
-0.135	0.9811111111	1
-0.136	0.9817676768	1
-0.137	0.9822979798	1
-0.138	0.9832070707	1
-0.139	0.9838636364	1
-0.14	0.9846464646	1
-0.141	0.9851010101	1
-0.142	0.9855050505	1
-0.143	0.9859090909	1
-0.144	0.9864646465	1
-0.145	0.9867424242	1
-0.146	0.9873232323	1
-0.147	0.9878030303	1
-0.148	0.9882575758	1
-0.149	0.9887121212	1
-0.15	0.9891161616	1
-0.151	0.989520202	1
-0.152	0.9899242424	1
-0.153	0.9903282828	1
-0.154	0.9906818182	1
-0.155	0.9911363636	1
-0.156	0.9916666667	1
-0.157	0.9919949495	1
-0.158	0.9924242424	1
-0.159	0.9927777778	1
-0.16	0.9930555556	1
-0.161	0.9933333333	1
-0.162	0.9936363636	1
-0.163	0.9938383838	1
-0.164	0.9942424242	1
-0.165	0.9943686869	1
-0.166	0.9946969697	1
-0.167	0.9947727273	1
-0.168	0.9950252525	1
-0.169	0.9952272727	1
-0.17	0.9954545455	1
-0.171	0.9956060606	1
-0.172	0.9958585859	1
-0.173	0.9960858586	1
-0.174	0.9962626263	1
-0.175	0.9964393939	1
-0.176	0.9966919192	1
-0.177	0.9967424242	1
-0.178	0.9968434343	1
-0.179	0.9968939394	1
-0.18	0.997020202	1
-0.181	0.9971212121	1
-0.182	0.9973484848	1
-0.183	0.9974242424	1
-0.184	0.9976262626	1
-0.185	0.9977272727	1
-0.186	0.9978535354	1
-0.187	0.9980050505	1
-0.188	0.9980808081	1
-0.189	0.9981565657	1
-0.19	0.9981818182	1
-0.191	0.9982828283	1
-0.192	0.9983585859	1
-0.193	0.9984848485	1
-0.194	0.9985606061	1
-0.195	0.9986111111	1
-0.196	0.9986868687	1
-0.197	0.9986868687	1
-0.198	0.9987373737	1
-0.199	0.9987626263	1
-0.2	0.9988636364	1
-0.201	0.9988888889	1
-0.202	0.9989141414	1
-0.203	0.9989646465	1
-0.204	0.9990909091	1
-0.205	0.9991414141	1
-0.206	0.9992171717	1
-0.207	0.9992424242	1
-0.208	0.9992424242	1
-0.209	0.9992676768	1
-0.21	0.9992929293	1
-0.211	0.9993181818	1
-0.212	0.9993686869	1
-0.213	0.9994444444	1
-0.214	0.9994444444	1
-0.215	0.999520202	1
-0.216	0.999520202	1
-0.217	0.999520202	1
-0.218	0.9995707071	1
-0.219	0.9996212121	1
-0.22	0.9996717172	1
-0.221	0.9996717172	1
-0.222	0.9996969697	1
-0.223	0.9997222222	1
-0.224	0.9997474747	1
-0.225	0.9997474747	1
-0.226	0.9997474747	1
-0.227	0.9997474747	1
-0.228	0.9997727273	1
-0.229	0.9997727273	1
-0.23	0.9997727273	1
-0.231	0.9997727273	1
-0.232	0.9998232323	1
-0.233	0.9998484848	1
-0.234	0.9998737374	1
-0.235	0.9998737374	1
-0.236	0.9998737374	1
-0.237	0.9998737374	1
-0.238	0.9998737374	1
-0.239	0.9998737374	1
-0.24	0.9998737374	1
-0.241	0.9998737374	1
-0.242	0.9998989899	1
-0.243	0.9999242424	1
-0.244	0.9999242424	1
-0.245	0.9999242424	1
-0.246	0.9999242424	1
-0.247	0.9999242424	1
-0.248	0.9999494949	1
-0.249	0.9999494949	1
-0.25	0.9999494949	1
-0.251	0.9999494949	1
-0.252	0.9999494949	1
-0.253	0.9999747475	1
-0.254	0.9999747475	1
-0.255	0.9999747475	1
-0.256	0.9999747475	1
-0.257	0.9999747475	1
-0.258	0.9999747475	1
-0.259	0.9999747475	1
-0.26	0.9999747475	1
-0.261	0.9999747475	1
-0.262	0.9999747475	1
-0.263	0.9999747475	1
-0.264	0.9999747475	1
-0.265	1	1
-0.266	1	1
-0.267	1	1
-0.268	1	1
-0.269	1	1
-0.27	1	1
-0.271	1	1
-0.272	1	1
-0.273	1	1
-0.274	1	1
-0.275	1	1
-0.276	1	1
-0.277	1	1
-0.278	1	1
-0.279	1	1
-0.28	1	1
-0.281	1	1
-0.282	1	1
-0.283	1	1
-0.284	1	1
-0.285	1	1
-0.286	1	1
-0.287	1	1
-0.288	1	1
-0.289	1	1
-0.29	1	1
-0.291	1	1
-0.292	1	1
-0.293	1	1
-0.294	1	1
-0.295	1	1
-0.296	1	1
-0.297	1	1
-0.298	1	1
-0.299	1	1
-0.3	1	1
-0.301	1	1
-0.302	1	1
-0.303	1	1
-0.304	1	1
-0.305	1	1
-0.306	1	1
-0.307	1	1
-0.308	1	1
-0.309	1	1
-0.31	1	1
-0.311	1	1
-0.312	1	1
-0.313	1	1
-0.314	1	1
-0.315	1	1
-0.316	1	1
-0.317	1	1
-0.318	1	1
-0.319	1	1
-0.32	1	1
-0.321	1	1
-0.322	1	1
-0.323	1	1
-0.324	1	1
-0.325	1	1
-0.326	1	1
-0.327	1	1
-0.328	1	1
-0.329	1	1
-0.33	1	1
-0.331	1	1
-0.332	1	1
-0.333	1	1
-0.334	1	1
-0.335	1	1
-0.336	1	1
-0.337	1	1
-0.338	1	1
-0.339	1	1
-0.34	1	1
-0.341	1	1
-0.342	1	1
-0.343	1	1
-0.344	1	1
-0.345	1	1
-0.346	1	1
-0.347	1	1
-0.348	1	1
-0.349	1	1
-0.35	1	1
-0.351	1	1
-0.352	1	1
-0.353	1	1
-0.354	1	1
-0.355	1	1
-0.356	1	1
-0.357	1	1
-0.358	1	1
-0.359	1	1
-0.36	1	1
-0.361	1	1
-0.362	1	1
-0.363	1	1
-0.364	1	1
-0.365	1	1
-0.366	1	1
-0.367	1	1
-0.368	1	1
-0.369	1	1
-0.37	1	1
-0.371	1	1
-0.372	1	1
-0.373	1	1
-0.374	1	1
-0.375	1	1
-0.376	1	1
-0.377	1	1
-0.378	1	1
-0.379	1	1
-0.38	1	1
-0.381	1	1
-0.382	1	1
-0.383	1	1
-0.384	1	1
-0.385	1	1
-0.386	1	1
-0.387	1	1
-0.388	1	1
-0.389	1	1
-0.39	1	1
-0.391	1	1
-0.392	1	1
-0.393	1	1
-0.394	1	1
-0.395	1	1
-0.396	1	1
-0.397	1	1
-0.398	1	1
-0.399	1	1
-0.4	1	1
-0.401	1	1
-0.402	1	1
-0.403	1	1
-0.404	1	1
-0.405	1	1
-0.406	1	1
-0.407	1	1
-0.408	1	1
-0.409	1	1
-0.41	1	1
-0.411	1	1
-0.412	1	1
-0.413	1	1
-0.414	1	1
-0.415	1	1
-0.416	1	1
-0.417	1	1
-0.418	1	1
-0.419	1	1
-0.42	1	1
-0.421	1	1
-0.422	1	1
-0.423	1	1
-0.424	1	1
-0.425	1	1
-0.426	1	1
-0.427	1	1
-0.428	1	1
-0.429	1	1
-0.43	1	1
-0.431	1	1
-0.432	1	1
-0.433	1	1
-0.434	1	1
-0.435	1	1
-0.436	1	1
-0.437	1	1
-0.438	1	1
-0.439	1	1
-0.44	1	1
-0.441	1	1
-0.442	1	1
-0.443	1	1
-0.444	1	1
-0.445	1	1
-0.446	1	1
-0.447	1	1
-0.448	1	1
-0.449	1	1
-0.45	1	1
-0.451	1	1
-0.452	1	1
-0.453	1	1
-0.454	1	1
-0.455	1	1
-0.456	1	1
-0.457	1	1
-0.458	1	1
-0.459	1	1
-0.46	1	1
-0.461	1	1
-0.462	1	1
-0.463	1	1
-0.464	1	1
-0.465	1	1
-0.466	1	1
-0.467	1	1
-0.468	1	1
-0.469	1	1
-0.47	1	1
-0.471	1	1
-0.472	1	1
-0.473	1	1
-0.474	1	1
-0.475	1	1
-0.476	1	1
-0.477	1	1
-0.478	1	1
-0.479	1	1
-0.48	1	1
-0.481	1	1
-0.482	1	1
-0.483	1	1
-0.484	1	1
-0.485	1	1
-0.486	1	1
-0.487	1	1
-0.488	1	1
-0.489	1	1
-0.49	1	1
-0.491	1	1
-0.492	1	1
-0.493	1	1
-0.494	1	1
-0.495	1	1
-0.496	1	1
-0.497	1	1
-0.498	1	1
-0.499	1	1
-0.5	1	1
-0.501	1	1
-0.502	1	1
-0.503	1	1
-0.504	1	1
-0.505	1	1
-0.506	1	1
-0.507	1	1
-0.508	1	1
-0.509	1	1
-0.51	1	1
-0.511	1	1
-0.512	1	1
-0.513	1	1
-0.514	1	1
-0.515	1	1
-0.516	1	1
-0.517	1	1
-0.518	1	1
-0.519	1	1
-0.52	1	1
-0.521	1	1
-0.522	1	1
-0.523	1	1
-0.524	1	1
-0.525	1	1
-0.526	1	1
-0.527	1	1
-0.528	1	1
-0.529	1	1
-0.53	1	1
-0.531	1	1
-0.532	1	1
-0.533	1	1
-0.534	1	1
-0.535	1	1
-0.536	1	1
-0.537	1	1
-0.538	1	1
-0.539	1	1
-0.54	1	1
-0.541	1	1
-0.542	1	1
-0.543	1	1
-0.544	1	1
-0.545	1	1
-0.546	1	1
-0.547	1	1
-0.548	1	1
-0.549	1	1
-0.55	1	1
-0.551	1	1
-0.552	1	1
-0.553	1	1
-0.554	1	1
-0.555	1	1
-0.556	1	1
-0.557	1	1
-0.558	1	1
-0.559	1	1
-0.56	1	1
-0.561	1	1
-0.562	1	1
-0.563	1	1
-0.564	1	1
-0.565	1	1
-0.566	1	1
-0.567	1	1
-0.568	1	1
-0.569	1	1
-0.57	1	1
-0.571	1	1
-0.572	1	1
-0.573	1	1
-0.574	1	1
-0.575	1	1
-0.576	1	1
-0.577	1	1
-0.578	1	1
-0.579	1	1
-0.58	1	1
-0.581	1	1
-0.582	1	1
-0.583	1	1
-0.584	1	1
-0.585	1	1
-0.586	1	1
-0.587	1	1
-0.588	1	1
-0.589	1	1
-0.59	1	1
-0.591	1	1
-0.592	1	1
-0.593	1	1
-0.594	1	1
-0.595	1	1
-0.596	1	1
-0.597	1	1
-0.598	1	1
-0.599	1	1
-0.6	1	1
-0.601	1	1
-0.602	1	1
-0.603	1	1
-0.604	1	1
-0.605	1	1
-0.606	1	1
-0.607	1	1
-0.608	1	1
-0.609	1	1
-0.61	1	1
-0.611	1	1
-0.612	1	1
-0.613	1	1
-0.614	1	1
-0.615	1	1
-0.616	1	1
-0.617	1	1
-0.618	1	1
-0.619	1	1
-0.62	1	1
-0.621	1	1
-0.622	1	1
-0.623	1	1
-0.624	1	1
-0.625	1	1
-0.626	1	1
-0.627	1	1
-0.628	1	1
-0.629	1	1
-0.63	1	1
-0.631	1	1
-0.632	1	1
-0.633	1	1
-0.634	1	1
-0.635	1	1
-0.636	1	1
-0.637	1	1
-0.638	1	1
-0.639	1	1
-0.64	1	1
-0.641	1	1
-0.642	1	1
-0.643	1	1
-0.644	1	1
-0.645	1	1
-0.646	1	1
-0.647	1	1
-0.648	1	1
-0.649	1	1
-0.65	1	1
-0.651	1	1
-0.652	1	1
-0.653	1	1
-0.654	1	1
-0.655	1	1
-0.656	1	1
-0.657	1	1
-0.658	1	1
-0.659	1	1
-0.66	1	1
-0.661	1	1
-0.662	1	1
-0.663	1	1
-0.664	1	1
-0.665	1	1
-0.666	1	1
-0.667	1	1
-0.668	1	1
-0.669	1	1
-0.67	1	1
-0.671	1	1
-0.672	1	1
-0.673	1	1
-0.674	1	1
-0.675	1	1
-0.676	1	1
-0.677	1	1
-0.678	1	1
-0.679	1	1
-0.68	1	1
-0.681	1	1
-0.682	1	1
-0.683	1	1
-0.684	1	1
-0.685	1	1
-0.686	1	1
-0.687	1	1
-0.688	1	1
-0.689	1	1
-0.69	1	1
-0.691	1	1
-0.692	1	1
-0.693	1	1
-0.694	1	1
-0.695	1	1
-0.696	1	1
-0.697	1	1
-0.698	1	1
-0.699	1	1
-0.7	1	1
-0.701	1	1
-0.702	1	1
-0.703	1	1
-0.704	1	1
-0.705	1	1
-0.706	1	1
-0.707	1	1
-0.708	1	1
-0.709	1	1
-0.71	1	1
-0.711	1	1
-0.712	1	1
-0.713	1	1
-0.714	1	1
-0.715	1	1
-0.716	1	1
-0.717	1	1
-0.718	1	1
-0.719	1	1
-0.72	1	1
-0.721	1	1
-0.722	1	1
-0.723	1	1
-0.724	1	1
-0.725	1	1
-0.726	1	1
-0.727	1	1
-0.728	1	1
-0.729	1	1
-0.73	1	1
-0.731	1	1
-0.732	1	1
-0.733	1	1
-0.734	1	1
-0.735	1	1
-0.736	1	1
-0.737	1	1
-0.738	1	1
-0.739	1	1
-0.74	1	1
-0.741	1	1
-0.742	1	1
-0.743	1	1
-0.744	1	1
-0.745	1	1
-0.746	1	1
-0.747	1	1
-0.748	1	1
-0.749	1	1
-0.75	1	1
-0.751	1	1
-0.752	1	1
-0.753	1	1
-0.754	1	1
-0.755	1	1
-0.756	1	1
-0.757	1	1
-0.758	1	1
-0.759	1	1
-0.76	1	1
-0.761	1	1
-0.762	1	1
-0.763	1	1
-0.764	1	1
-0.765	1	1
-0.766	1	1
-0.767	1	1
-0.768	1	1
-0.769	1	1
-0.77	1	1
-0.771	1	1
-0.772	1	1
-0.773	1	1
-0.774	1	1
-0.775	1	1
-0.776	1	1
-0.777	1	1
-0.778	1	1
-0.779	1	1
-0.78	1	1
-0.781	1	1
-0.782	1	1
-0.783	1	1
-0.784	1	1
-0.785	1	1
-0.786	1	1
-0.787	1	1
-0.788	1	1
-0.789	1	1
-0.79	1	1
-0.791	1	1
-0.792	1	1
-0.793	1	1
-0.794	1	1
-0.795	1	1
-0.796	1	1
-0.797	1	1
-0.798	1	1
-0.799	1	1
-0.8	1	1
-0.801	1	1
-0.802	1	1
-0.803	1	1
-0.804	1	1
-0.805	1	1
-0.806	1	1
-0.807	1	1
-0.808	1	1
-0.809	1	1
-0.81	1	1
-0.811	1	1
-0.812	1	1
-0.813	1	1
-0.814	1	1
-0.815	1	1
-0.816	1	1
-0.817	1	1
-0.818	1	1
-0.819	1	1
-0.82	1	1
-0.821	1	1
-0.822	1	1
-0.823	1	1
-0.824	1	1
-0.825	1	1
-0.826	1	1
-0.827	1	1
-0.828	1	1
-0.829	1	1
-0.83	1	1
-0.831	1	1
-0.832	1	1
-0.833	1	1
-0.834	1	1
-0.835	1	1
-0.836	1	1
-0.837	1	1
-0.838	1	1
-0.839	1	1
-0.84	1	1
-0.841	1	1
-0.842	1	1
-0.843	1	1
-0.844	1	1
-0.845	1	1
-0.846	1	1
-0.847	1	1
-0.848	1	1
-0.849	1	1
-0.85	1	1
-0.851	1	1
-0.852	1	1
-0.853	1	1
-0.854	1	1
-0.855	1	1
-0.856	1	1
-0.857	1	1
-0.858	1	1
-0.859	1	1
-0.86	1	1
-0.861	1	1
-0.862	1	1
-0.863	1	1
-0.864	1	1
-0.865	1	1
-0.866	1	1
-0.867	1	1
-0.868	1	1
-0.869	1	1
-0.87	1	1
-0.871	1	1
-0.872	1	1
-0.873	1	1
-0.874	1	1
-0.875	1	1
-0.876	1	1
-0.877	1	1
-0.878	1	1
-0.879	1	1
-0.88	1	1
-0.881	1	1
-0.882	1	1
-0.883	1	1
-0.884	1	1
-0.885	1	1
-0.886	1	1
-0.887	1	1
-0.888	1	1
-0.889	1	1
-0.89	1	1
-0.891	1	1
-0.892	1	1
-0.893	1	1
-0.894	1	1
-0.895	1	1
-0.896	1	1
-0.897	1	1
-0.898	1	1
-0.899	1	1
-0.9	1	1
-0.901	1	1
-0.902	1	1
-0.903	1	1
-0.904	1	1
-0.905	1	1
-0.906	1	1
-0.907	1	1
-0.908	1	1
-0.909	1	1
-0.91	1	1
-0.911	1	1
-0.912	1	1
-0.913	1	1
-0.914	1	1
-0.915	1	1
-0.916	1	1
-0.917	1	1
-0.918	1	1
-0.919	1	1
-0.92	1	1
-0.921	1	1
-0.922	1	1
-0.923	1	1
-0.924	1	1
-0.925	1	1
-0.926	1	1
-0.927	1	1
-0.928	1	1
-0.929	1	1
-0.93	1	1
-0.931	1	1
-0.932	1	1
-0.933	1	1
-0.934	1	1
-0.935	1	1
-0.936	1	1
-0.937	1	1
-0.938	1	1
-0.939	1	1
-0.94	1	1
-0.941	1	1
-0.942	1	1
-0.943	1	1
-0.944	1	1
-0.945	1	1
-0.946	1	1
-0.947	1	1
-0.948	1	1
-0.949	1	1
-0.95	1	1
-0.951	1	1
-0.952	1	1
-0.953	1	1
-0.954	1	1
-0.955	1	1
-0.956	1	1
-0.957	1	1
-0.958	1	1
-0.959	1	1
-0.96	1	1
-0.961	1	1
-0.962	1	1
-0.963	1	1
-0.964	1	1
-0.965	1	1
-0.966	1	1
-0.967	1	1
-0.968	1	1
-0.969	1	1
-0.97	1	1
-0.971	1	1
-0.972	1	1
-0.973	1	1
-0.974	1	1
-0.975	1	1
-0.976	1	1
-0.977	1	1
-0.978	1	1
-0.979	1	1
-0.98	1	1
-0.981	1	1
-0.982	1	1
-0.983	1	1
-0.984	1	1
-0.985	1	1
-0.986	1	1
-0.987	1	1
-0.988	1	1
-0.989	1	1
-0.99	1	1
-0.991	1	1
-0.992	1	1
-0.993	1	1
-0.994	1	1
-0.995	1	1
-0.996	1	1
-0.997	1	1
-0.998	1	1
-0.999	1	1
-1	1	1
