threshold	FAR	TAR
0.999	0	0.0001750233364
0.998	0	0.0001750233364
0.997	0	0.0001750233364
0.996	0	0.0001750233364
0.995	0	0.0001750233364
0.994	0	0.0001750233364
0.993	0	0.0001750233364
0.992	0	0.0001750233364
0.991	0	0.0001750233364
0.99	0	0.0001750233364
0.989	0	0.0001750233364
0.988	0	0.0001750233364
0.987	0	0.0002083611148
0.986	0	0.000225030004
0.985	0	0.000266702227
0.984	0	0.0002750366716
0.983	0	0.0003000400053
0.982	0	0.0003250433391
0.981	0	0.0003917188959
0.98	0	0.0004250566742
0.979	0	0.000450060008
0.978	0	0.0004750633418
0.977	0	0.000491732231
0.976	0	0.0005167355647
0.975	0	0.0005250700093
0.974	0	0.0005667422323
0.973	0	0.0005917455661
0.972	8.33416675e-10	0.000633417789
0.971	8.33416675e-10	0.0006500866782
0.97	8.33416675e-10	0.000716762235
0.969	8.33416675e-10	0.0007334311241
0.968	8.33416675e-10	0.0007584344579
0.967	8.33416675e-10	0.0007834377917
0.966	8.33416675e-10	0.0008084411255
0.965	8.33416675e-10	0.0008167755701
0.964	8.33416675e-10	0.0008417789039
0.963	8.33416675e-10	0.000858447793
0.962	8.33416675e-10	0.0008834511268
0.961	8.33416675e-10	0.0008834511268
0.96	8.33416675e-10	0.0008917855714
0.959	8.33416675e-10	0.0009084544606
0.958	8.33416675e-10	0.0009501266836
0.957	8.33416675e-10	0.0009667955727
0.956	8.33416675e-10	0.0009751300173
0.955	8.33416675e-10	0.0009834644619
0.954	8.33416675e-10	0.0009917989065
0.953	8.33416675e-10	0.001000133351
0.952	8.33416675e-10	0.001008467796
0.951	8.33416675e-10	0.001025136685
0.95	8.33416675e-10	0.001075143352
0.949	8.33416675e-10	0.001091812242
0.948	8.33416675e-10	0.001100146686
0.947	8.33416675e-10	0.001108481131
0.946	8.33416675e-10	0.00112515002
0.945	8.33416675e-10	0.001158487798
0.944	8.33416675e-10	0.001191825577
0.943	8.33416675e-10	0.001225163355
0.942	8.33416675e-10	0.001258501133
0.941	8.33416675e-10	0.001300173356
0.94	8.33416675e-10	0.001341845579
0.939	8.33416675e-10	0.001366848913
0.938	8.33416675e-10	0.001391852247
0.937	8.33416675e-10	0.00143352447
0.936	8.33416675e-10	0.001466862248
0.935	8.33416675e-10	0.001475196693
0.934	8.33416675e-10	0.001516868916
0.933	8.33416675e-10	0.00154187225
0.932	8.33416675e-10	0.001575210028
0.931	8.33416675e-10	0.001608547806
0.93	8.33416675e-10	0.001625216696
0.929	8.33416675e-10	0.001691892252
0.928	8.33416675e-10	0.001750233364
0.927	8.33416675e-10	0.001800240032
0.926	8.33416675e-10	0.00183357781
0.925	8.33416675e-10	0.001866915589
0.924	8.33416675e-10	0.001900253367
0.923	8.33416675e-10	0.001933591145
0.922	8.33416675e-10	0.001983597813
0.921	8.33416675e-10	0.002016935591
0.92	8.33416675e-10	0.002058607814
0.919	8.33416675e-10	0.002108614482
0.918	8.33416675e-10	0.002158621149
0.917	8.33416675e-10	0.002225296706
0.916	8.33416675e-10	0.002241965595
0.915	8.33416675e-10	0.002283637818
0.914	8.33416675e-10	0.002316975597
0.913	8.33416675e-10	0.002366982264
0.912	8.33416675e-10	0.002408654487
0.911	8.33416675e-10	0.002441992266
0.91	8.33416675e-10	0.002533671156
0.909	8.33416675e-10	0.002617015602
0.908	8.33416675e-10	0.00265035338
0.907	8.33416675e-10	0.002717028937
0.906	8.33416675e-10	0.002808707828
0.905	8.33416675e-10	0.002883717829
0.904	8.33416675e-10	0.002933724497
0.903	8.33416675e-10	0.002992065609
0.902	8.33416675e-10	0.003025403387
0.901	8.33416675e-10	0.003125416722
0.9	8.33416675e-10	0.00317542339
0.899	8.33416675e-10	0.003233764502
0.898	8.33416675e-10	0.003342112282
0.897	8.33416675e-10	0.003400453394
0.896	8.33416675e-10	0.003458794506
0.895	8.33416675e-10	0.003550473396
0.894	8.33416675e-10	0.003633817842
0.893	8.33416675e-10	0.003717162288
0.892	8.33416675e-10	0.003800506734
0.891	8.33416675e-10	0.00388385118
0.89	8.33416675e-10	0.003942192292
0.889	8.33416675e-10	0.004058874517
0.888	8.33416675e-10	0.004108881184
0.887	8.33416675e-10	0.004183891185
0.886	8.33416675e-10	0.004242232298
0.885	8.33416675e-10	0.004358914522
0.884	8.33416675e-10	0.004450593412
0.883	8.33416675e-10	0.004592278971
0.882	8.33416675e-10	0.004683957861
0.881	8.33416675e-10	0.004792305641
0.88	8.33416675e-10	0.004967328977
0.879	1.66683335e-09	0.005067342312
0.878	1.66683335e-09	0.005200693426
0.877	1.66683335e-09	0.005342378984
0.876	1.66683335e-09	0.005450726764
0.875	1.66683335e-09	0.005575743432
0.874	1.66683335e-09	0.005775770103
0.873	1.66683335e-09	0.005959127884
0.872	1.66683335e-09	0.006150820109
0.871	1.66683335e-09	0.00633417789
0.87	1.66683335e-09	0.006484197893
0.869	1.66683335e-09	0.006675890119
0.868	1.66683335e-09	0.006817575677
0.867	1.66683335e-09	0.006917589012
0.866	1.66683335e-09	0.007117615682
0.865	1.66683335e-09	0.007234297906
0.864	1.66683335e-09	0.007417655687
0.863	1.66683335e-09	0.007601013468
0.862	1.66683335e-09	0.007784371249
0.861	1.66683335e-09	0.008017735698
0.86	2.500250025e-09	0.008226096813
0.859	2.500250025e-09	0.008426123483
0.858	2.500250025e-09	0.008609481264
0.857	2.500250025e-09	0.008784504601
0.856	2.500250025e-09	0.008984531271
0.855	2.500250025e-09	0.009159554607
0.854	2.500250025e-09	0.009367915722
0.853	3.3336667e-09	0.009576276837
0.852	3.3336667e-09	0.009801306841
0.851	3.3336667e-09	0.009984664622
0.85	3.3336667e-09	0.01021802907
0.849	3.3336667e-09	0.0104847313
0.848	3.3336667e-09	0.01072643019
0.847	4.167083375e-09	0.01096812908
0.846	4.167083375e-09	0.01122649687
0.845	4.167083375e-09	0.01141818909
0.844	4.167083375e-09	0.01169322576
0.843	4.167083375e-09	0.01195159355
0.842	4.167083375e-09	0.01221829577
0.841	4.167083375e-09	0.01246832911
0.84	4.167083375e-09	0.012710028
0.839	5.00050005e-09	0.01300173356
0.838	5.00050005e-09	0.01331844246
0.837	5.00050005e-09	0.0135684758
0.836	5.00050005e-09	0.01388518469
0.835	5.833916725e-09	0.01421022803
0.834	5.833916725e-09	0.01451026804
0.833	5.833916725e-09	0.01486031471
0.832	5.833916725e-09	0.01511868249
0.831	5.833916725e-09	0.01544372583
0.83	6.6673334e-09	0.01575210028
0.829	6.6673334e-09	0.01610214695
0.828	6.6673334e-09	0.01651053474
0.827	6.6673334e-09	0.01692725697
0.826	6.6673334e-09	0.0173439792
0.825	6.6673334e-09	0.01763568476
0.824	6.6673334e-09	0.01799406588
0.823	6.6673334e-09	0.01843579144
0.822	6.6673334e-09	0.01876916922
0.821	6.6673334e-09	0.01906920923
0.82	6.6673334e-09	0.01941092146
0.819	6.6673334e-09	0.01981930924
0.818	6.6673334e-09	0.02017769036
0.817	6.6673334e-09	0.02060274703
0.816	6.6673334e-09	0.02101113482
0.815	6.6673334e-09	0.02143619149
0.814	6.6673334e-09	0.0218862515
0.813	6.6673334e-09	0.0223529804
0.812	7.500750075e-09	0.02278637152
0.811	7.500750075e-09	0.0232697693
0.81	7.500750075e-09	0.02379483931
0.809	7.500750075e-09	0.02434491266
0.808	7.500750075e-09	0.02476163488
0.807	8.33416675e-09	0.02524503267
0.806	8.33416675e-09	0.02582844379
0.805	8.33416675e-09	0.02634517936
0.804	8.33416675e-09	0.02696192826
0.803	9.167583425e-09	0.0274369916
0.802	1.00010001e-08	0.02797039605
0.801	1.00010001e-08	0.0285204694
0.8	1.00010001e-08	0.02903720496
0.799	1.00010001e-08	0.02957060941
0.798	1.00010001e-08	0.0302040272
0.797	1.00010001e-08	0.0306707561
0.796	1.083441678e-08	0.03116248833
0.795	1.083441678e-08	0.03171256167
0.794	1.083441678e-08	0.03225430057
0.793	1.083441678e-08	0.03278770503
0.792	1.250125013e-08	0.03341278837
0.791	1.250125013e-08	0.03396286171
0.79	1.250125013e-08	0.03451293506
0.789	1.250125013e-08	0.03511301507
0.788	1.250125013e-08	0.03577977064
0.787	1.250125013e-08	0.03633817842
0.786	1.250125013e-08	0.03694659288
0.785	1.33346668e-08	0.03773003067
0.784	1.416808348e-08	0.03843845846
0.783	1.416808348e-08	0.03913021736
0.782	1.416808348e-08	0.03995532738
0.781	1.416808348e-08	0.04073043072
0.78	1.416808348e-08	0.04146386185
0.779	1.416808348e-08	0.04224729964
0.778	1.416808348e-08	0.0429307241
0.777	1.416808348e-08	0.04363081744
0.776	1.416808348e-08	0.04432257634
0.775	1.500150015e-08	0.04503100413
0.774	1.500150015e-08	0.04580610748
0.773	1.583491683e-08	0.04645619416
0.772	1.66683335e-08	0.04717295639
0.771	1.750175018e-08	0.04784804641
0.77	1.833516685e-08	0.04866482198
0.769	1.916858353e-08	0.04958161088
0.768	2.083541688e-08	0.05045672756
0.767	2.083541688e-08	0.05133184425
0.766	2.083541688e-08	0.05200693426
0.765	2.083541688e-08	0.05285704761
0.764	2.083541688e-08	0.05369049207
0.763	2.083541688e-08	0.05446559541
0.762	2.083541688e-08	0.05539905321
0.761	2.083541688e-08	0.05613248433
0.76	2.083541688e-08	0.0570242699
0.759	2.166883355e-08	0.05808274437
0.758	2.250225023e-08	0.05899953327
0.757	2.33356669e-08	0.05990798773
0.756	2.33356669e-08	0.06089978664
0.755	2.33356669e-08	0.0618082411
0.754	2.416908358e-08	0.06260834778
0.753	2.416908358e-08	0.06364181891
0.752	2.583591693e-08	0.06460028004
0.751	2.583591693e-08	0.06567542339
0.75	2.66693336e-08	0.06672556341
0.749	2.66693336e-08	0.06784237898
0.748	2.916958363e-08	0.06892585678
0.747	3.00030003e-08	0.07006767569
0.746	3.166983365e-08	0.07131784238
0.745	3.250325033e-08	0.07225963462
0.744	3.250325033e-08	0.07360981464
0.743	3.417008368e-08	0.07471829577
0.742	3.417008368e-08	0.07591845579
0.741	3.500350035e-08	0.07702693692
0.74	3.500350035e-08	0.07812708361
0.739	3.66703337e-08	0.07927723696
0.738	3.750375038e-08	0.08066908921
0.737	4.00040004e-08	0.08189425257
0.736	4.083741708e-08	0.08302773703
0.735	4.500450045e-08	0.08425290039
0.734	4.750475048e-08	0.08546139485
0.733	4.833816715e-08	0.0867032271
0.732	5.083841718e-08	0.0879367249
0.731	5.083841718e-08	0.08906187492
0.73	5.167183385e-08	0.09044539272
0.729	5.33386672e-08	0.09146219496
0.728	5.417208388e-08	0.09272069609
0.727	5.417208388e-08	0.09398753167
0.726	5.417208388e-08	0.09512935058
0.725	5.417208388e-08	0.0964795306
0.724	5.583891723e-08	0.09768802507
0.723	5.583891723e-08	0.09910488065
0.722	5.833916725e-08	0.1002383651
0.721	6.083941728e-08	0.1017218963
0.72	6.083941728e-08	0.1031470863
0.719	6.083941728e-08	0.104622283
0.718	6.167283395e-08	0.1060224697
0.717	6.167283395e-08	0.1074476597
0.716	6.250625063e-08	0.1087895053
0.715	6.6673334e-08	0.1101813575
0.714	6.917358403e-08	0.1116482198
0.713	7.00070007e-08	0.1130734098
0.712	7.167383405e-08	0.1146319509
0.711	7.33406674e-08	0.1161821576
0.71	7.417408408e-08	0.1178240432
0.709	7.500750075e-08	0.1192492332
0.708	7.584091743e-08	0.1207160955
0.707	7.66743341e-08	0.1225580077
0.706	7.750775078e-08	0.1242165622
0.705	8.00080008e-08	0.1260751434
0.704	8.00080008e-08	0.1276003467
0.703	8.167483415e-08	0.1292088945
0.702	8.250825083e-08	0.1308007734
0.701	8.33416675e-08	0.1322843046
0.7	8.500850085e-08	0.1338845179
0.699	8.500850085e-08	0.1354930657
0.698	8.750875088e-08	0.1370266035
0.697	9.00090009e-08	0.1388851847
0.696	9.250925093e-08	0.1407937725
0.695	9.417608428e-08	0.142677357
0.694	9.500950095e-08	0.1442025603
0.693	9.500950095e-08	0.1460028004
0.692	9.500950095e-08	0.1479780637
0.691	9.834316765e-08	0.1498116416
0.69	1.00010001e-07	0.1515035338
0.689	1.016768344e-07	0.1532704361
0.688	1.050105011e-07	0.1549289905
0.687	1.075107511e-07	0.1568542472
0.686	1.100110011e-07	0.1587711695
0.685	1.116778345e-07	0.1606880917
0.684	1.133446678e-07	0.1624966662
0.683	1.150115012e-07	0.1643885851
0.682	1.200120012e-07	0.1663221763
0.681	1.233456679e-07	0.1683807841
0.68	1.250125013e-07	0.1703393786
0.679	1.266793346e-07	0.1720812775
0.678	1.291795846e-07	0.1739565275
0.677	1.316798347e-07	0.1759234565
0.676	1.341800847e-07	0.1779820643
0.675	1.383471681e-07	0.1799573276
0.674	1.400140014e-07	0.1819492599
0.673	1.416808348e-07	0.184032871
0.672	1.416808348e-07	0.1860331378
0.671	1.441810848e-07	0.1880417389
0.67	1.466813348e-07	0.1900670089
0.669	1.508484182e-07	0.1923589812
0.668	1.533486682e-07	0.1943592479
0.667	1.566823349e-07	0.1965095346
0.666	1.583491683e-07	0.1985098013
0.665	1.625162516e-07	0.2003100413
0.664	1.650165017e-07	0.2024353247
0.663	1.66683335e-07	0.2045689425
0.662	1.683501684e-07	0.2064941992
0.661	1.733506684e-07	0.2085778104
0.66	1.766843351e-07	0.2105614082
0.659	1.791845851e-07	0.2129283905
0.658	1.808514185e-07	0.2149869983
0.657	1.833516685e-07	0.2172039605
0.656	1.875187519e-07	0.2193459128
0.655	1.908524186e-07	0.2214545273
0.654	1.941860853e-07	0.2236881584
0.653	1.991865853e-07	0.2256050807
0.652	2.008534187e-07	0.2275720096
0.651	2.033536687e-07	0.2299889985
0.65	2.075207521e-07	0.2322392986
0.649	2.125212521e-07	0.2344645953
0.648	2.200220022e-07	0.2369065875
0.647	2.241890856e-07	0.2391818909
0.646	2.266893356e-07	0.2415405387
0.645	2.275227523e-07	0.2435491399
0.644	2.30856419e-07	0.2458827844
0.643	2.35856919e-07	0.2481164155
0.642	2.391905857e-07	0.25060008
0.641	2.416908358e-07	0.2527336978
0.64	2.441910858e-07	0.254817309
0.639	2.466913358e-07	0.2571842912
0.638	2.483581692e-07	0.2596596213
0.637	2.508584192e-07	0.2617515669
0.636	2.525252525e-07	0.2640185358
0.635	2.550255026e-07	0.2662771703
0.634	2.600260026e-07	0.268502467
0.633	2.64193086e-07	0.2708944526
0.632	2.66693336e-07	0.2733447793
0.631	2.69193586e-07	0.2760451394
0.63	2.716938361e-07	0.2785288038
0.629	2.783611695e-07	0.2806374183
0.628	2.808614195e-07	0.2829460595
0.627	2.825282528e-07	0.2852296973
0.626	2.858619195e-07	0.2874383251
0.625	2.900290029e-07	0.2897969729
0.624	2.925292529e-07	0.2922556341
0.623	2.966963363e-07	0.2946059475
0.622	3.008634197e-07	0.2969395919
0.621	3.033636697e-07	0.2992065609
0.62	3.108644198e-07	0.3015402054
0.619	3.150315032e-07	0.3039821976
0.618	3.175317532e-07	0.3063991866
0.617	3.225322532e-07	0.3088245099
0.616	3.275327533e-07	0.31122483
0.615	3.342000867e-07	0.3136001467
0.614	3.375337534e-07	0.316042139
0.613	3.392005867e-07	0.318592479
0.612	3.458679201e-07	0.3212094946
0.611	3.467013368e-07	0.3237765035
0.61	3.517018369e-07	0.3260518069
0.609	3.558689202e-07	0.3284437925
0.608	3.608694203e-07	0.3309024537
0.607	3.650365037e-07	0.3334277904
0.606	3.717038371e-07	0.3362364982
0.605	3.750375038e-07	0.338595146
0.604	3.792045871e-07	0.3408621149
0.603	3.825382538e-07	0.3431957594
0.602	3.875387539e-07	0.3457127617
0.601	3.892055872e-07	0.3480380717
0.6	3.942060873e-07	0.350405054
0.599	4.00040004e-07	0.3529637285
0.598	4.033736707e-07	0.355372383
0.597	4.108744208e-07	0.3577476997
0.596	4.150415042e-07	0.3604313909
0.595	4.183751709e-07	0.362890052
0.594	4.242090876e-07	0.3652987065
0.593	4.28376171e-07	0.3681657554
0.592	4.33376671e-07	0.3706410855
0.591	4.383771711e-07	0.3729080544
0.59	4.417108378e-07	0.3757000933
0.589	4.458779211e-07	0.3782504334
0.588	4.508784212e-07	0.3807340979
0.587	4.533786712e-07	0.3835594746
0.586	4.575457546e-07	0.3863931858
0.585	4.658799213e-07	0.3890185358
0.584	4.750475048e-07	0.3915355381
0.583	4.792145881e-07	0.3940858781
0.582	4.825482548e-07	0.3965112015
0.581	4.858819215e-07	0.3991115482
0.58	4.958829216e-07	0.401470196
0.579	5.02550255e-07	0.4037038272
0.578	5.117178385e-07	0.4061458194
0.577	5.167183385e-07	0.4087878384
0.576	5.250525053e-07	0.4112965062
0.575	5.325532553e-07	0.4135968129
0.574	5.367203387e-07	0.4160054674
0.573	5.383871721e-07	0.4185391386
0.572	5.417208388e-07	0.4212311642
0.571	5.492215888e-07	0.4237731698
0.57	5.517218389e-07	0.4262484998
0.569	5.542220889e-07	0.428707161
0.568	5.633896723e-07	0.431182491
0.567	5.658899223e-07	0.4337828377
0.566	5.750575058e-07	0.4362748366
0.565	5.825582558e-07	0.4388335111
0.564	5.925592559e-07	0.4415505401
0.563	5.967263393e-07	0.4439008534
0.562	6.017268394e-07	0.4463845179
0.561	6.067273394e-07	0.4488931858
0.56	6.150615062e-07	0.4514768636
0.559	6.208954229e-07	0.4540605414
0.558	6.292295896e-07	0.4565692092
0.557	6.408974231e-07	0.4591445526
0.556	6.467313398e-07	0.4618282438
0.555	6.533986732e-07	0.4640118682
0.554	6.600660066e-07	0.4665705427
0.553	6.6673334e-07	0.4690792106
0.552	6.759009234e-07	0.4716712228
0.551	6.825682568e-07	0.4742715695
0.55	6.900690069e-07	0.4766302174
0.549	6.959029236e-07	0.4790638752
0.548	6.984031737e-07	0.4813891852
0.547	7.02570257e-07	0.4838645153
0.546	7.092375904e-07	0.4863481798
0.545	7.159049238e-07	0.488790172
0.544	7.200720072e-07	0.4913655154
0.543	7.267393406e-07	0.493832511
0.542	7.35906924e-07	0.4963245099
0.541	7.442410908e-07	0.4985248033
0.54	7.492415908e-07	0.5010001334
0.539	7.575757576e-07	0.5034004534
0.538	7.634096743e-07	0.506017469
0.537	7.767443411e-07	0.5085594746
0.536	7.867453412e-07	0.5107764369
0.535	7.95079508e-07	0.5129017202
0.534	8.00080008e-07	0.5153270436
0.533	8.075807581e-07	0.5177940392
0.532	8.117478415e-07	0.520152687
0.531	8.167483415e-07	0.5224363248
0.53	8.275827583e-07	0.5249116549
0.529	8.350835084e-07	0.5271952927
0.528	8.450845085e-07	0.5294622616
0.527	8.534186752e-07	0.5318209095
0.526	8.575857586e-07	0.5341712228
0.525	8.659199253e-07	0.5369215895
0.524	8.767543421e-07	0.5394385918
0.523	8.850885089e-07	0.5418889185
0.522	8.959229256e-07	0.5441225497
0.521	8.992565923e-07	0.5464895319
0.52	9.092575924e-07	0.5486398186
0.519	9.184251759e-07	0.5510318042
0.518	9.267593426e-07	0.5533821176
0.517	9.342600927e-07	0.5554740632
0.516	9.409274261e-07	0.557532671
0.515	9.500950095e-07	0.5597579677
0.514	9.559289262e-07	0.5623249767
0.513	9.69263593e-07	0.5644419256
0.512	9.775977598e-07	0.5667589012
0.511	9.867653432e-07	0.5692925723
0.51	9.934326766e-07	0.5716345513
0.509	1.004267093e-06	0.5738348446
0.508	1.011767843e-06	0.5760434725
0.507	1.024269094e-06	0.5787354981
0.506	1.031769844e-06	0.5811274837
0.505	1.038437177e-06	0.5833027737
0.504	1.045937927e-06	0.5854697293
0.503	1.053438677e-06	0.5877033604
0.502	1.065106511e-06	0.5899203227
0.501	1.076774344e-06	0.5920289372
0.5	1.090942428e-06	0.5942875717
0.499	1.098443178e-06	0.5966545539
0.498	1.103443678e-06	0.5988465129
0.497	1.110944428e-06	0.6007717696
0.496	1.117611761e-06	0.6031387518
0.495	1.127612761e-06	0.605297373
0.494	1.137613761e-06	0.6074643286
0.493	1.145947928e-06	0.6096729564
0.492	1.157615762e-06	0.6118315775
0.491	1.162616262e-06	0.6144319243
0.49	1.172617262e-06	0.6166655554
0.489	1.184285095e-06	0.618682491
0.488	1.190952429e-06	0.6206744233
0.487	1.204287095e-06	0.62282471
0.486	1.212621262e-06	0.6248916522
0.485	1.220122012e-06	0.62702527
0.484	1.228456179e-06	0.6291338845
0.483	1.241790846e-06	0.631242499
0.482	1.255125513e-06	0.6332927724
0.481	1.260959429e-06	0.6355097346
0.48	1.269293596e-06	0.6375183358
0.479	1.279294596e-06	0.639510268
0.478	1.290129013e-06	0.6415438725
0.477	1.29846318e-06	0.6434857981
0.476	1.310131013e-06	0.6456444193
0.475	1.31846518e-06	0.647569676
0.474	1.325132513e-06	0.6494949327
0.473	1.336800347e-06	0.6512785038
0.472	1.345134513e-06	0.6535538072
0.471	1.35346868e-06	0.6555207361
0.47	1.36096943e-06	0.6575376717
0.469	1.369303597e-06	0.6596379517
0.468	1.381804847e-06	0.661554874
0.467	1.390972431e-06	0.6636384851
0.466	1.400973431e-06	0.6656554207
0.465	1.406807347e-06	0.667422323
0.464	1.417641764e-06	0.6692892386
0.463	1.425975931e-06	0.6709977997
0.462	1.442644264e-06	0.6729230564
0.461	1.450145015e-06	0.6748983198
0.46	1.457645765e-06	0.676515202
0.459	1.462646265e-06	0.6781654221
0.458	1.472647265e-06	0.6800906788
0.457	1.485981932e-06	0.6816492199
0.456	1.500150015e-06	0.683507801
0.455	1.510984432e-06	0.6852163622
0.454	1.519318599e-06	0.6869999333
0.453	1.534320099e-06	0.6886918256
0.452	1.545987932e-06	0.6903253767
0.451	1.555988932e-06	0.6920256034
0.45	1.562656266e-06	0.693667489
0.449	1.571823849e-06	0.6954927324
0.448	1.580991432e-06	0.6970262702
0.447	1.591825849e-06	0.6988765169
0.446	1.600993433e-06	0.7005767436
0.445	1.612661266e-06	0.7022936392
0.444	1.622662266e-06	0.7038188425
0.443	1.630996433e-06	0.7054690625
0.442	1.640997433e-06	0.7072609681
0.441	1.650998433e-06	0.7088861848
0.44	1.660999433e-06	0.7106197493
0.439	1.6693336e-06	0.7121282838
0.438	1.682668267e-06	0.7138035071
0.437	1.691002434e-06	0.7156287505
0.436	1.698503184e-06	0.7173539805
0.435	1.708504184e-06	0.7188958528
0.434	1.716004934e-06	0.7205460728
0.433	1.728506184e-06	0.7219212562
0.432	1.738507184e-06	0.7235964795
0.431	1.751841851e-06	0.7251466862
0.43	1.759342601e-06	0.7266468863
0.429	1.766843351e-06	0.7280470729
0.428	1.776844351e-06	0.7296806241
0.427	1.785178518e-06	0.7311641552
0.426	1.799346601e-06	0.7328810508
0.425	1.806013935e-06	0.7344479264
0.424	1.816014935e-06	0.7358397786
0.423	1.828516185e-06	0.7372816376
0.422	1.839350602e-06	0.7387068276
0.421	1.855185519e-06	0.7402236965
0.42	1.866853352e-06	0.7416905587
0.419	1.874354102e-06	0.7431740899
0.418	1.881021435e-06	0.7446409521
0.417	1.895189519e-06	0.7461328177
0.416	1.902690269e-06	0.7475496733
0.415	1.915191519e-06	0.74894986
0.414	1.929359603e-06	0.7506667556
0.413	1.940194019e-06	0.7520669423
0.412	1.95269527e-06	0.7533671156
0.411	1.961029436e-06	0.754817309
0.41	1.968530186e-06	0.7562258301
0.409	1.979364603e-06	0.757592679
0.408	1.994366103e-06	0.7590512068
0.407	2.001866853e-06	0.7605430724
0.406	2.016034937e-06	0.7616015469
0.405	2.029369604e-06	0.7630434058
0.404	2.041870854e-06	0.7643019069
0.403	2.056872354e-06	0.7656437525
0.402	2.070207021e-06	0.7670522736
0.401	2.081874854e-06	0.7684107881
0.4	2.098543188e-06	0.769627617
0.399	2.112711271e-06	0.7711028137
0.398	2.126045938e-06	0.7722613015
0.397	2.142714271e-06	0.7733864515
0.396	2.156048938e-06	0.7747866382
0.395	2.172717272e-06	0.7760368049
0.394	2.189385605e-06	0.7771202827
0.393	2.201053439e-06	0.7784037872
0.392	2.221055439e-06	0.7795122683
0.391	2.239390606e-06	0.7806207494
0.39	2.255225523e-06	0.7817792372
0.389	2.271893856e-06	0.7828960528
0.388	2.291895856e-06	0.7839545273
0.387	2.30856419e-06	0.7851463528
0.386	2.331899857e-06	0.7861964929
0.385	2.354402107e-06	0.787379984
0.384	2.37357069e-06	0.7884384585
0.383	2.391905857e-06	0.7894302574
0.382	2.413574691e-06	0.7904720629
0.381	2.438577191e-06	0.7916638885
0.38	2.454412108e-06	0.7928557141
0.379	2.476914358e-06	0.7940558741
0.378	2.506917358e-06	0.7952476997
0.377	2.530253025e-06	0.7961894919
0.376	2.548588192e-06	0.7972729697
0.375	2.572757276e-06	0.7984064542
0.374	2.609427609e-06	0.7995399387
0.373	2.64693136e-06	0.8005150687
0.372	2.680268027e-06	0.8015985465
0.371	2.71443811e-06	0.8027570343
0.37	2.751941861e-06	0.8036821576
0.369	2.773610694e-06	0.804682291
0.368	2.810281028e-06	0.8056074143
0.367	2.845284528e-06	0.8066908921
0.366	2.881121445e-06	0.8074659955
0.365	2.913624696e-06	0.808582811
0.364	2.95029503e-06	0.8095246033
0.363	3.006133947e-06	0.8104663955
0.362	3.054472114e-06	0.8114248566
0.361	3.109477614e-06	0.8123166422
0.36	3.163649698e-06	0.8132334311
0.359	3.224489116e-06	0.8141252167
0.358	3.280328033e-06	0.8150086678
0.357	3.33116645e-06	0.816042139
0.356	3.393672701e-06	0.816867249
0.355	3.453678701e-06	0.8178673823
0.354	3.515351535e-06	0.8189341912
0.353	3.575357536e-06	0.8198009735
0.352	3.656198953e-06	0.8208177757
0.351	3.716204954e-06	0.8217345646
0.35	3.797046371e-06	0.8227680357
0.349	3.871220455e-06	0.8237348313
0.348	3.96039604e-06	0.8245599413
0.347	4.053738707e-06	0.8254517269
0.346	4.128746208e-06	0.8264435258
0.345	4.245424542e-06	0.8270769436
0.344	4.34626796e-06	0.8279770636
0.343	4.448778211e-06	0.8287771703
0.342	4.558789212e-06	0.8295356047
0.341	4.675467547e-06	0.8302690359
0.34	4.790479048e-06	0.8310524737
0.339	4.905490549e-06	0.8318109081
0.338	5.03550355e-06	0.8324859981
0.337	5.162182885e-06	0.8332110948
0.336	5.29636297e-06	0.8339028537
0.335	5.455545555e-06	0.8347613015
0.334	5.618895223e-06	0.8354613949
0.333	5.789745641e-06	0.8360198026
0.332	5.958929226e-06	0.8368282438
0.331	6.135613561e-06	0.8376033471
0.33	6.313131313e-06	0.8382784371
0.329	6.518151815e-06	0.8388701827
0.328	6.717338401e-06	0.8394869316
0.327	6.96319632e-06	0.8401786905
0.326	7.177384405e-06	0.8408371116
0.325	7.442410908e-06	0.8414871983
0.324	7.713271327e-06	0.842212295
0.323	8.011634497e-06	0.8429040539
0.322	8.277494416e-06	0.8435541406
0.321	8.589192253e-06	0.844312575
0.32	8.875887589e-06	0.8449043206
0.319	9.185085175e-06	0.8455794106
0.318	9.532619929e-06	0.846112815
0.317	9.878487849e-06	0.8467462328
0.316	1.024019069e-05	0.8473129751
0.315	1.062022869e-05	0.8479630617
0.314	1.102026869e-05	0.8486298173
0.313	1.144447778e-05	0.8492632351
0.312	1.185368537e-05	0.8498633151
0.311	1.231706504e-05	0.8505134018
0.31	1.281878188e-05	0.8511051474
0.309	1.333800047e-05	0.8517719029
0.308	1.386388639e-05	0.8524469929
0.307	1.442644264e-05	0.8530220696
0.306	1.499733307e-05	0.8535638085
0.305	1.560072674e-05	0.8541055474
0.304	1.619411941e-05	0.8546139485
0.303	1.68583525e-05	0.8551556874
0.302	1.754592126e-05	0.8555557408
0.301	1.824099077e-05	0.8560891452
0.3	1.899856652e-05	0.8565058674
0.299	1.975864253e-05	0.8570809441
0.298	2.060372704e-05	0.8576476864
0.297	2.15063173e-05	0.8581810908
0.296	2.239890656e-05	0.8587144953
0.295	2.336150282e-05	0.8593312442
0.294	2.433326666e-05	0.8597979731
0.293	2.537170384e-05	0.8603230431
0.292	2.643180985e-05	0.8608397786
0.291	2.759442611e-05	0.8613315109
0.29	2.874287429e-05	0.8617315642
0.289	2.997049705e-05	0.8623399787
0.288	3.129646298e-05	0.8627650353
0.287	3.263076308e-05	0.8633067742
0.286	3.406340634e-05	0.8636984931
0.285	3.552605261e-05	0.8641902254
0.284	3.700453379e-05	0.8645736098
0.283	3.861302797e-05	0.8651070143
0.282	4.027069374e-05	0.8655820776
0.281	4.205253859e-05	0.866057141
0.28	4.385771911e-05	0.8664488598
0.279	4.572707271e-05	0.8668405787
0.278	4.771143781e-05	0.8673156421
0.277	4.97349735e-05	0.8677990399
0.276	5.18893556e-05	0.8682824377
0.275	5.405123846e-05	0.868682491
0.274	5.64373104e-05	0.8690908788
0.273	5.882588259e-05	0.869507601
0.272	6.135946928e-05	0.8698493132
0.271	6.397806447e-05	0.8702910388
0.27	6.676000933e-05	0.8707410988
0.269	6.958362503e-05	0.8710578077
0.268	7.251391806e-05	0.8714161888
0.267	7.563172984e-05	0.8718079077
0.266	7.884538454e-05	0.8721662888
0.265	8.229072907e-05	0.8725663422
0.264	8.597109711e-05	0.8729997333
0.263	8.970230356e-05	0.8733747833
0.262	9.35876921e-05	0.8736914922
0.261	9.766726673e-05	0.8741832244
0.26	0.0001019110244	0.8744832644
0.259	0.0001062706271	0.8747916389
0.258	0.0001109160916	0.8751166822
0.257	0.0001158115812	0.8754667289
0.256	0.0001209587625	0.8758001067
0.255	0.0001262226223	0.8760418056
0.254	0.000131606494	0.8763668489
0.253	0.0001373754042	0.87680024
0.252	0.0001433901724	0.8771586211
0.251	0.0001495882922	0.8775336712
0.25	0.0001560922759	0.8779003867
0.249	0.000163012968	0.8782420989
0.248	0.0001699953329	0.8785338045
0.247	0.0001774110744	0.8788588478
0.246	0.0001851226789	0.8791588879
0.245	0.0001932159883	0.8794672623
0.244	0.0002014418108	0.8797172956
0.243	0.0002101343468	0.879967329
0.242	0.0002191310798	0.8802340312
0.241	0.0002284111745	0.8805424057
0.24	0.0002383388339	0.8808757834
0.239	0.0002484323432	0.8811841579
0.238	0.0002591459146	0.8815092012
0.237	0.0002701861853	0.8818175757
0.236	0.0002816973364	0.8821592879
0.235	0.0002936668667	0.8823759835
0.234	0.0003064548121	0.8826176824
0.233	0.0003196627996	0.8828427124
0.232	0.0003333283328	0.8830844113
0.231	0.0003473572357	0.883267769
0.23	0.0003621695503	0.8836094813
0.229	0.0003776194286	0.8838095079
0.228	0.0003936727006	0.8840428724
0.227	0.0004103418675	0.8842512335
0.226	0.0004277344401	0.8844845979
0.225	0.0004460821082	0.8847763035
0.224	0.0004648539854	0.8849429924
0.223	0.0004845159516	0.8851763568
0.222	0.0005050555056	0.8854513935
0.221	0.0005263026303	0.8856597546
0.22	0.0005483840051	0.8859764635
0.219	0.0005718038471	0.886209828
0.218	0.0005958045805	0.8864431924
0.217	0.0006208904224	0.8866682224
0.216	0.0006470647065	0.8870016002
0.215	0.0006744241091	0.887259968
0.214	0.0007029836317	0.8875266702
0.213	0.0007320490382	0.8877016936
0.212	0.0007626262626	0.8878767169
0.211	0.000794853652	0.8880934125
0.21	0.0008281453145	0.888310108
0.209	0.0008626312631	0.8884684625
0.208	0.0008986873687	0.8887018269
0.207	0.0009364153082	0.8890102014
0.206	0.0009754308764	0.889210228
0.205	0.00101640414	0.8894685958
0.204	0.001058751709	0.8896352847
0.203	0.001102964463	0.8897769703
0.202	0.001149092409	0.8900020003
0.201	0.001196944694	0.8901436858
0.2	0.001246716338	0.8903770503
0.199	0.001298879888	0.8905187358
0.198	0.001352906957	0.8906770903
0.197	0.001408568357	0.8908271103
0.196	0.001466994199	0.890952127
0.195	0.00152760026	0.8911688225
0.194	0.001591054939	0.8912938392
0.193	0.001656828183	0.8914855314
0.192	0.001725377538	0.8916772236
0.191	0.001796985532	0.8918605814
0.19	0.001870935427	0.8920189359
0.189	0.001947698937	0.8922106281
0.188	0.002027679435	0.8923439792
0.187	0.002111141114	0.8925940125
0.186	0.002197427243	0.8928523803
0.185	0.002287384572	0.8930024003
0.184	0.002381316465	0.8931107481
0.183	0.002478807881	0.8933024403
0.182	0.00258023219	0.8934441259
0.181	0.002685283528	0.8935691426
0.18	0.002794626129	0.8937441659
0.179	0.002908283328	0.8938691826
0.178	0.003026498483	0.8940525403
0.177	0.003148796546	0.8942358981
0.176	0.003276686002	0.8943859181
0.175	0.003409545955	0.8945609415
0.174	0.003547488916	0.8947359648
0.173	0.0036909991	0.8949609948
0.172	0.003839928993	0.8952360315
0.171	0.003994809481	0.8953443793
0.17	0.004155948095	0.8955027337
0.169	0.004323127313	0.8957110948
0.168	0.004496467147	0.8958694493
0.167	0.004676524319	0.896127817
0.166	0.00486423309	0.8963361782
0.165	0.005058980065	0.896502867
0.164	0.005260974431	0.8966778904
0.163	0.005470378705	0.8968445793
0.162	0.005688661366	0.8969862648
0.161	0.005914425609	0.8971446193
0.16	0.006149325766	0.8972529671
0.159	0.006392300063	0.8974113215
0.158	0.006645064506	0.8976030137
0.157	0.00690686402	0.8977030271
0.156	0.007177582758	0.8979197226
0.155	0.007459460946	0.8981447526
0.154	0.007752623596	0.8983614482
0.153	0.008054989666	0.8986698226
0.152	0.008369160249	0.8988698493
0.151	0.008695635397	0.8990532071
0.15	0.009034043404	0.8992865715
0.149	0.009384170084	0.8994615949
0.148	0.009748612361	0.8996199493
0.147	0.01012545755	0.8997949727
0.146	0.01051592326	0.8999449927
0.145	0.01092101543	0.9000700093
0.144	0.01134155582	0.900270036
0.143	0.01177657432	0.9003950527
0.142	0.0122263468	0.9005450727
0.141	0.01269227089	0.9007034271
0.14	0.01317589592	0.9009117882
0.139	0.01367585842	0.9011118149
0.138	0.01419339934	0.9013535138
0.137	0.01472906707	0.9015535405
0.136	0.01528395006	0.9017452327
0.135	0.01585676984	0.9019119216
0.134	0.01644996083	0.9021369516
0.133	0.01706381888	0.9023036405
0.132	0.0176989724	0.9025453394
0.131	0.01835510634	0.9027537005
0.13	0.01903218322	0.9029037205
0.129	0.01973420009	0.9031120816
0.128	0.02045917758	0.9032954394
0.127	0.02120964096	0.9035038005
0.126	0.02198395173	0.9036788238
0.125	0.02278373337	0.9039121883
0.124	0.02360982932	0.9040955461
0.123	0.02446339467	0.904262235
0.122	0.02534434277	0.9045039339
0.121	0.02625252942	0.9047623016
0.12	0.02719070574	0.9049623283
0.119	0.02815914258	0.9052623683
0.118	0.02915548221	0.9056374183
0.117	0.03018511018	0.9059291239
0.116	0.03124947661	0.9061291506
0.115	0.03234483448	0.906362515
0.114	0.0334740449	0.9066125483
0.113	0.03463769794	0.9069292572
0.112	0.03583726373	0.9071959595
0.111	0.03707440327	0.9074376584
0.11	0.03834632047	0.9076876917
0.109	0.03965892339	0.908012735
0.108	0.04100882838	0.9082627684
0.107	0.04239739807	0.9084711295
0.106	0.04382794613	0.9087545006
0.105	0.04529896906	0.9089961995
0.104	0.04681443811	0.9092962395
0.103	0.04837056706	0.9095629417
0.102	0.04997560173	0.9098963195
0.101	0.05162151715	0.910204694
0.1	0.0533163358	0.9105630751
0.099	0.05505665233	0.9109131217
0.098	0.05684686802	0.9112214962
0.097	0.05868244324	0.9115965462
0.096	0.06056760676	0.911929924
0.095	0.06250294529	0.9122549673
0.094	0.06448996983	0.9125966796
0.093	0.06652792446	0.9128967196
0.092	0.06861955612	0.913205094
0.091	0.07076524319	0.9135718096
0.09	0.07296274544	0.9139468596
0.089	0.07521751008	0.9142802374
0.088	0.07752882038	0.9146719563
0.087	0.07989646548	0.915080344
0.086	0.08232437327	0.9155387385
0.085	0.08480916258	0.9158721163
0.084	0.08735289529	0.9162638352
0.083	0.08996202954	0.9166138819
0.082	0.09262907207	0.9170722763
0.081	0.09536127863	0.9175223363
0.08	0.09815213188	0.917872383
0.079	0.1010087384	0.9182807708
0.078	0.1039298472	0.9186724897
0.077	0.1069129338	0.9190892119
0.076	0.1099654907	0.9195892786
0.075	0.1130823332	0.9200560075
0.074	0.116268501	0.9203977197
0.073	0.1195190777	0.9208644486
0.072	0.1228394423	0.9213561808
0.071	0.1262322441	0.9218312442
0.07	0.1296891014	0.9222979731
0.069	0.1332157949	0.922764702
0.068	0.1368115362	0.9232230964
0.067	0.140476261	0.9236564875
0.066	0.1442141006	0.9241398853
0.065	0.1480212305	0.9245899453
0.064	0.1519012301	0.9250066676
0.063	0.155856924	0.9255484065
0.062	0.1598800813	0.9259567942
0.061	0.1639725231	0.9263985198
0.06	0.1681426126	0.9268819176
0.059	0.1723840067	0.9274569943
0.058	0.1766983023	0.9280320709
0.057	0.1810823424	0.928632151
0.056	0.1855407607	0.9293239099
0.055	0.1900712105	0.9298739832
0.054	0.1946726531	0.9303823843
0.053	0.1993413358	0.9309074543
0.052	0.2040838567	0.9315408721
0.051	0.2089032745	0.9319825977
0.05	0.213790219	0.932532671
0.049	0.218753042	0.9330910788
0.048	0.2237825958	0.9336661555
0.047	0.228885316	0.9341245499
0.046	0.2340518702	0.9345912788
0.045	0.2392962513	0.9351246833
0.044	0.2446006342	0.9357831044
0.043	0.2499747633	0.9364248566
0.042	0.2554173626	0.9369415922
0.041	0.2609224814	0.9375500067
0.04	0.2664901132	0.9380917456
0.039	0.272126526	0.9386751567
0.038	0.2778272952	0.9393085745
0.037	0.2835858628	0.9397919723
0.036	0.2894092243	0.9403503801
0.035	0.295286887	0.9410088012
0.034	0.3012294721	0.9417755701
0.033	0.3072333567	0.9424339912
0.032	0.3132910066	0.943067409
0.031	0.3194051305	0.9434841312
0.03	0.325571723	0.9440008668
0.029	0.3317924267	0.9446509535
0.028	0.3380635139	0.9452260301
0.027	0.34438337	0.9458011068
0.026	0.3507520619	0.9463928524
0.025	0.3571660766	0.9471596213
0.024	0.3636226439	0.9477513668
0.023	0.3701254967	0.9484597946
0.022	0.3766750508	0.9490015335
0.021	0.3832643339	0.9496932924
0.02	0.3898888864	0.9502933724
0.019	0.3965458388	0.9510268036
0.018	0.403240259	0.9517769036
0.017	0.4099661324	0.9523019736
0.016	0.4167253884	0.9528353781
0.015	0.4235101385	0.9533771169
0.014	0.4303244391	0.9540272036
0.013	0.4371607361	0.9546772903
0.012	0.4440240832	0.9552356981
0.011	0.4509060239	0.9559191225
0.01	0.4578069024	0.956602547
0.009	0.464721363	0.9571942926
0.008	0.4716494916	0.9578443793
0.007	0.4785926409	0.9584277904
0.006	0.4855507217	0.9590445393
0.005	0.4925090167	0.9597362982
0.004	0.4994734415	0.9603780504
0.003	0.5064393206	0.9610364715
0.002	0.5134130788	0.9616865582
0.001	0.5203837909	0.9623783171
0	0.5273556264	0.9630367382
-0.001	0.5343132455	0.9636534871
-0.002	0.5412664433	0.9641868916
-0.003	0.5482103502	0.964720296
-0.004	0.5551468505	0.9653620483
-0.005	0.5620623021	0.9659954661
-0.006	0.5689636255	0.966537205
-0.007	0.5758473556	0.9670539405
-0.008	0.5827122246	0.9677206961
-0.009	0.58955036	0.9682707694
-0.01	0.5963700895	0.9688708494
-0.011	0.6031589901	0.9694125883
-0.012	0.6099184602	0.9699293239
-0.013	0.6166507934	0.9704293906
-0.014	0.6233483815	0.971112815
-0.015	0.6300096735	0.9716212162
-0.016	0.6366284987	0.9721379517
-0.017	0.6432174817	0.972704694
-0.018	0.649764629	0.9732964395
-0.019	0.6562677909	0.9738715162
-0.02	0.6627272536	0.9743632484
-0.021	0.6691402832	0.9748466462
-0.022	0.6755045388	0.9753550473
-0.023	0.6818253284	0.9758801173
-0.024	0.6880880288	0.976455194
-0.025	0.6943012201	0.9768469129
-0.026	0.700463263	0.9772719696
-0.027	0.7065664966	0.9777136952
-0.028	0.7126144123	0.9783221096
-0.029	0.7186028203	0.9788305107
-0.03	0.7245322066	0.9792722363
-0.031	0.7304007751	0.9797139619
-0.032	0.7362059798	0.9801223496
-0.033	0.7419485257	0.9806057474
-0.034	0.7476277578	0.9809641286
-0.035	0.7532404507	0.9813641819
-0.036	0.7587810298	0.9818559141
-0.037	0.7642577399	0.9823559808
-0.038	0.7696681802	0.982847713
-0.039	0.7750091943	0.9832394319
-0.04	0.7802805131	0.9836478197
-0.041	0.7854806647	0.9840145353
-0.042	0.7906130363	0.9843812508
-0.043	0.7956680243	0.9847479664
-0.044	0.8006515868	0.9851646886
-0.045	0.8055621279	0.9855397386
-0.046	0.8103983065	0.9858481131
-0.047	0.8151604535	0.9862648353
-0.048	0.8198442278	0.9866398853
-0.049	0.8244536604	0.9869565942
-0.05	0.8289941652	0.987439992
-0.051	0.8334526544	0.9877567009
-0.052	0.8378394973	0.988040072
-0.053	0.8421467772	0.9883234431
-0.054	0.8463803872	0.9886318176
-0.055	0.8505360636	0.9889151887
-0.056	0.8546167492	0.9892485665
-0.057	0.8586216455	0.9894902654
-0.058	0.8625527928	0.9897819709
-0.059	0.8664076366	0.9900320043
-0.06	0.8701846493	0.9903403787
-0.061	0.873891855	0.9906487532
-0.062	0.8775234548	0.9909487932
-0.063	0.8810822566	0.9912488332
-0.064	0.884568456	0.9913988532
-0.065	0.8879769594	0.9917572343
-0.066	0.8913145873	0.9921322843
-0.067	0.894580418	0.9923656488
-0.068	0.8977751242	0.9925490065
-0.069	0.9008936177	0.992782371
-0.07	0.9039447511	0.993007401
-0.071	0.9069266327	0.9932240965
-0.072	0.9098376713	0.9934907988
-0.073	0.9126818257	0.9936658221
-0.074	0.9154598226	0.9938575143
-0.075	0.9181681968	0.9941075477
-0.076	0.9208092293	0.9943075743
-0.077	0.9233878346	0.9945492732
-0.078	0.9259024886	0.9946742899
-0.079	0.928351801	0.9948576477
-0.08	0.9307375271	0.9950243366
-0.081	0.9330635489	0.9951910255
-0.082	0.9353280053	0.9953743833
-0.083	0.9375297805	0.9955827444
-0.084	0.939672839	0.9957911055
-0.085	0.9417602869	0.9958911188
-0.086	0.9437886255	0.9960244699
-0.087	0.9457602377	0.9961744899
-0.088	0.9476771244	0.9962911722
-0.089	0.9495374346	0.996382851
-0.09	0.9513462371	0.9964995333
-0.091	0.9531016102	0.9966078811
-0.092	0.9548058756	0.9967579011
-0.093	0.9564584383	0.9968829177
-0.094	0.958062948	0.9969579277
-0.095	0.9596198937	0.9971079477
-0.096	0.961126256	0.9972162955
-0.097	0.9625877438	0.9973579811
-0.098	0.9640030395	0.9974829977
-0.099	0.9653747741	0.9975496733
-0.1	0.966703577	0.9976413522
-0.101	0.9679882888	0.9977163622
-0.102	0.9692312898	0.9977663688
-0.103	0.9704343443	0.9978663822
-0.104	0.9715965905	0.9979830644
-0.105	0.9727215863	0.99804974
-0.106	0.9738098176	0.9981080811
-0.107	0.9748599193	0.9981330844
-0.108	0.9758748767	0.9982164289
-0.109	0.9768555806	0.9982831044
-0.11	0.9778009059	0.9983247766
-0.111	0.9787132413	0.9983914522
-0.112	0.9795942569	0.99842479
-0.113	0.9804425759	0.9984831311
-0.114	0.9812610544	0.9985414722
-0.115	0.9820497475	0.9986331511
-0.116	0.9828098643	0.9986998266
-0.117	0.9835404415	0.99872483
-0.118	0.9842457446	0.9987581678
-0.119	0.9849253317	0.9987915055
-0.12	0.9855799263	0.9989081878
-0.121	0.9862077516	0.9990082011
-0.122	0.9868132797	0.9990665422
-0.123	0.9873946928	0.9991332178
-0.124	0.9879534237	0.9991582211
-0.125	0.9884897615	0.9991998933
-0.126	0.9890062965	0.9992165622
-0.127	0.9895022411	0.9992248967
-0.128	0.9899783537	0.9992749033
-0.129	0.9904346818	0.99932491
-0.13	0.9908724231	0.9993499133
-0.131	0.9912925309	0.9993832511
-0.132	0.9916955929	0.9994082544
-0.133	0.9920812665	0.9994249233
-0.134	0.9924521819	0.9994582611
-0.135	0.9928062748	0.9994665955
-0.136	0.9931461413	0.9994999333
-0.137	0.9934714305	0.9995166022
-0.138	0.9937825591	0.9995416055
-0.139	0.9940814131	0.99954994
-0.14	0.9943664091	0.9995666089
-0.141	0.9946392873	0.9995916122
-0.142	0.9949008401	0.99962495
-0.143	0.9951510901	0.9996499533
-0.144	0.9953894606	0.9996582878
-0.145	0.9956172867	0.9996666222
-0.146	0.9958350085	0.9996916256
-0.147	0.9960420659	0.9996916256
-0.148	0.9962399757	0.9997166289
-0.149	0.9964296246	0.9997166289
-0.15	0.9966106811	0.9997249633
-0.151	0.9967833017	0.9997666356
-0.152	0.9969473189	0.9997916389
-0.153	0.9971039929	0.9997999733
-0.154	0.9972533978	0.9998166422
-0.155	0.997395477	0.9998333111
-0.156	0.9975303647	0.9998416456
-0.157	0.9976594284	0.9998583144
-0.158	0.9977828074	0.9998749833
-0.159	0.9978995516	0.9998749833
-0.16	0.9980104494	0.9998749833
-0.161	0.9981160766	0.9998749833
-0.162	0.9982168125	0.9998833178
-0.163	0.9983127329	0.9998916522
-0.164	0.998403712	0.9999166556
-0.165	0.9984900598	0.9999333244
-0.166	0.9985723881	0.9999333244
-0.167	0.998650065	0.9999416589
-0.168	0.9987238741	0.9999416589
-0.169	0.9987941911	0.9999416589
-0.17	0.9988605219	0.9999416589
-0.171	0.9989236457	0.9999416589
-0.172	0.9989836542	0.9999416589
-0.173	0.9990403565	0.9999499933
-0.174	0.9990941561	0.9999499933
-0.175	0.9991451645	0.9999499933
-0.176	0.9991935785	0.9999499933
-0.177	0.9992393448	0.9999499933
-0.178	0.9992827333	0.9999499933
-0.179	0.9993239824	0.9999499933
-0.18	0.9993629563	0.9999583278
-0.181	0.9993998175	0.9999666622
-0.182	0.9994344843	0.9999749967
-0.183	0.9994677343	0.9999749967
-0.184	0.999498744	0.9999749967
-0.185	0.999528217	0.9999749967
-0.186	0.9995559723	0.9999749967
-0.187	0.9995823024	0.9999833311
-0.188	0.9996069307	0.9999833311
-0.189	0.9996304339	0.9999916656
-0.19	0.9996528269	0.9999916656
-0.191	0.9996737199	0.9999916656
-0.192	0.9996934302	0.9999916656
-0.193	0.9997121054	0.9999916656
-0.194	0.9997294788	0.9999916656
-0.195	0.9997458921	0.9999916656
-0.196	0.9997615045	0.9999916656
-0.197	0.9997761801	0.9999916656
-0.198	0.9997900348	0.9999916656
-0.199	0.9998029703	0.9999916656
-0.2	0.9998152182	0.9999916656
-0.201	0.9998267402	0.9999916656
-0.202	0.9998374087	0.9999916656
-0.203	0.9998475364	0.9999916656
-0.204	0.9998571624	1
-0.205	0.9998661174	1
-0.206	0.9998747141	1
-0.207	0.9998826316	1
-0.208	0.9998901965	1
-0.209	0.9998973189	1
-0.21	0.9999038245	1
-0.211	0.9999101052	1
-0.212	0.9999159291	1
-0.213	0.9999213296	1
-0.214	0.9999264218	1
-0.215	0.9999313915	1
-0.216	0.9999359586	1
-0.217	0.9999400865	1
-0.218	0.9999441594	1
-0.219	0.9999479006	1
-0.22	0.9999514451	1
-0.221	0.9999546671	1
-0.222	0.9999577424	1
-0.223	0.9999605561	1
-0.224	0.9999631972	1
-0.225	0.9999656732	1
-0.226	0.9999680393	1
-0.227	0.9999702345	1
-0.228	0.9999722064	1
-0.229	0.9999741082	1
-0.23	0.9999759076	1
-0.231	0.9999775919	1
-0.232	0.9999791587	1
-0.233	0.9999805806	1
-0.234	0.9999818899	1
-0.235	0.9999831933	1
-0.236	0.9999843526	1
-0.237	0.9999854544	1
-0.238	0.999986462	1
-0.239	0.9999874421	1
-0.24	0.9999883297	1
-0.241	0.9999891973	1
-0.242	0.9999899423	1
-0.243	0.9999906591	1
-0.244	0.999991325	1
-0.245	0.9999920042	1
-0.246	0.9999925384	1
-0.247	0.9999931076	1
-0.248	0.999993651	1
-0.249	0.9999941002	1
-0.25	0.9999945295	1
-0.251	0.9999949445	1
-0.252	0.9999953279	1
-0.253	0.9999956987	1
-0.254	0.9999960046	1
-0.255	0.9999963305	1
-0.256	0.9999966372	1
-0.257	0.9999968964	1
-0.258	0.9999971255	1
-0.259	0.9999973606	1
-0.26	0.9999975731	1
-0.261	0.9999977589	1
-0.262	0.9999979265	1
-0.263	0.9999981006	1
-0.264	0.9999982457	1
-0.265	0.9999983848	1
-0.266	0.9999985057	1
-0.267	0.9999986265	1
-0.268	0.999998724	1
-0.269	0.9999988049	1
-0.27	0.9999988949	1
-0.271	0.9999989907	1
-0.272	0.9999990849	1
-0.273	0.9999991657	1
-0.274	0.9999992349	1
-0.275	0.9999992983	1
-0.276	0.9999993616	1
-0.277	0.9999994283	1
-0.278	0.9999994674	1
-0.279	0.9999995041	1
-0.28	0.9999995358	1
-0.281	0.999999585	1
-0.282	0.9999996191	1
-0.283	0.9999996516	1
-0.284	0.9999996825	1
-0.285	0.9999997091	1
-0.286	0.99999973	1
-0.287	0.9999997525	1
-0.288	0.999999775	1
-0.289	0.99999979	1
-0.29	0.9999998075	1
-0.291	0.9999998225	1
-0.292	0.9999998375	1
-0.293	0.9999998458	1
-0.294	0.9999998567	1
-0.295	0.9999998667	1
-0.296	0.9999998817	1
-0.297	0.9999998883	1
-0.298	0.9999998983	1
-0.299	0.9999999075	1
-0.3	0.999999915	1
-0.301	0.9999999225	1
-0.302	0.9999999317	1
-0.303	0.9999999383	1
-0.304	0.9999999458	1
-0.305	0.9999999508	1
-0.306	0.9999999558	1
-0.307	0.99999996	1
-0.308	0.9999999625	1
-0.309	0.9999999625	1
-0.31	0.9999999675	1
-0.311	0.99999997	1
-0.312	0.9999999717	1
-0.313	0.999999975	1
-0.314	0.9999999775	1
-0.315	0.9999999792	1
-0.316	0.9999999817	1
-0.317	0.9999999842	1
-0.318	0.9999999875	1
-0.319	0.9999999883	1
-0.32	0.9999999883	1
-0.321	0.9999999908	1
-0.322	0.9999999908	1
-0.323	0.9999999917	1
-0.324	0.9999999917	1
-0.325	0.9999999925	1
-0.326	0.9999999933	1
-0.327	0.9999999933	1
-0.328	0.9999999933	1
-0.329	0.999999995	1
-0.33	0.9999999958	1
-0.331	0.9999999958	1
-0.332	0.9999999967	1
-0.333	0.9999999975	1
-0.334	0.9999999975	1
-0.335	0.9999999983	1
-0.336	0.9999999983	1
-0.337	0.9999999983	1
-0.338	0.9999999983	1
-0.339	0.9999999992	1
-0.34	0.9999999992	1
-0.341	0.9999999992	1
-0.342	0.9999999992	1
-0.343	0.9999999992	1
-0.344	0.9999999992	1
-0.345	0.9999999992	1
-0.346	1	1
-0.347	1	1
-0.348	1	1
-0.349	1	1
-0.35	1	1
-0.351	1	1
-0.352	1	1
-0.353	1	1
-0.354	1	1
-0.355	1	1
-0.356	1	1
-0.357	1	1
-0.358	1	1
-0.359	1	1
-0.36	1	1
-0.361	1	1
-0.362	1	1
-0.363	1	1
-0.364	1	1
-0.365	1	1
-0.366	1	1
-0.367	1	1
-0.368	1	1
-0.369	1	1
-0.37	1	1
-0.371	1	1
-0.372	1	1
-0.373	1	1
-0.374	1	1
-0.375	1	1
-0.376	1	1
-0.377	1	1
-0.378	1	1
-0.379	1	1
-0.38	1	1
-0.381	1	1
-0.382	1	1
-0.383	1	1
-0.384	1	1
-0.385	1	1
-0.386	1	1
-0.387	1	1
-0.388	1	1
-0.389	1	1
-0.39	1	1
-0.391	1	1
-0.392	1	1
-0.393	1	1
-0.394	1	1
-0.395	1	1
-0.396	1	1
-0.397	1	1
-0.398	1	1
-0.399	1	1
-0.4	1	1
-0.401	1	1
-0.402	1	1
-0.403	1	1
-0.404	1	1
-0.405	1	1
-0.406	1	1
-0.407	1	1
-0.408	1	1
-0.409	1	1
-0.41	1	1
-0.411	1	1
-0.412	1	1
-0.413	1	1
-0.414	1	1
-0.415	1	1
-0.416	1	1
-0.417	1	1
-0.418	1	1
-0.419	1	1
-0.42	1	1
-0.421	1	1
-0.422	1	1
-0.423	1	1
-0.424	1	1
-0.425	1	1
-0.426	1	1
-0.427	1	1
-0.428	1	1
-0.429	1	1
-0.43	1	1
-0.431	1	1
-0.432	1	1
-0.433	1	1
-0.434	1	1
-0.435	1	1
-0.436	1	1
-0.437	1	1
-0.438	1	1
-0.439	1	1
-0.44	1	1
-0.441	1	1
-0.442	1	1
-0.443	1	1
-0.444	1	1
-0.445	1	1
-0.446	1	1
-0.447	1	1
-0.448	1	1
-0.449	1	1
-0.45	1	1
-0.451	1	1
-0.452	1	1
-0.453	1	1
-0.454	1	1
-0.455	1	1
-0.456	1	1
-0.457	1	1
-0.458	1	1
-0.459	1	1
-0.46	1	1
-0.461	1	1
-0.462	1	1
-0.463	1	1
-0.464	1	1
-0.465	1	1
-0.466	1	1
-0.467	1	1
-0.468	1	1
-0.469	1	1
-0.47	1	1
-0.471	1	1
-0.472	1	1
-0.473	1	1
-0.474	1	1
-0.475	1	1
-0.476	1	1
-0.477	1	1
-0.478	1	1
-0.479	1	1
-0.48	1	1
-0.481	1	1
-0.482	1	1
-0.483	1	1
-0.484	1	1
-0.485	1	1
-0.486	1	1
-0.487	1	1
-0.488	1	1
-0.489	1	1
-0.49	1	1
-0.491	1	1
-0.492	1	1
-0.493	1	1
-0.494	1	1
-0.495	1	1
-0.496	1	1
-0.497	1	1
-0.498	1	1
-0.499	1	1
-0.5	1	1
-0.501	1	1
-0.502	1	1
-0.503	1	1
-0.504	1	1
-0.505	1	1
-0.506	1	1
-0.507	1	1
-0.508	1	1
-0.509	1	1
-0.51	1	1
-0.511	1	1
-0.512	1	1
-0.513	1	1
-0.514	1	1
-0.515	1	1
-0.516	1	1
-0.517	1	1
-0.518	1	1
-0.519	1	1
-0.52	1	1
-0.521	1	1
-0.522	1	1
-0.523	1	1
-0.524	1	1
-0.525	1	1
-0.526	1	1
-0.527	1	1
-0.528	1	1
-0.529	1	1
-0.53	1	1
-0.531	1	1
-0.532	1	1
-0.533	1	1
-0.534	1	1
-0.535	1	1
-0.536	1	1
-0.537	1	1
-0.538	1	1
-0.539	1	1
-0.54	1	1
-0.541	1	1
-0.542	1	1
-0.543	1	1
-0.544	1	1
-0.545	1	1
-0.546	1	1
-0.547	1	1
-0.548	1	1
-0.549	1	1
-0.55	1	1
-0.551	1	1
-0.552	1	1
-0.553	1	1
-0.554	1	1
-0.555	1	1
-0.556	1	1
-0.557	1	1
-0.558	1	1
-0.559	1	1
-0.56	1	1
-0.561	1	1
-0.562	1	1
-0.563	1	1
-0.564	1	1
-0.565	1	1
-0.566	1	1
-0.567	1	1
-0.568	1	1
-0.569	1	1
-0.57	1	1
-0.571	1	1
-0.572	1	1
-0.573	1	1
-0.574	1	1
-0.575	1	1
-0.576	1	1
-0.577	1	1
-0.578	1	1
-0.579	1	1
-0.58	1	1
-0.581	1	1
-0.582	1	1
-0.583	1	1
-0.584	1	1
-0.585	1	1
-0.586	1	1
-0.587	1	1
-0.588	1	1
-0.589	1	1
-0.59	1	1
-0.591	1	1
-0.592	1	1
-0.593	1	1
-0.594	1	1
-0.595	1	1
-0.596	1	1
-0.597	1	1
-0.598	1	1
-0.599	1	1
-0.6	1	1
-0.601	1	1
-0.602	1	1
-0.603	1	1
-0.604	1	1
-0.605	1	1
-0.606	1	1
-0.607	1	1
-0.608	1	1
-0.609	1	1
-0.61	1	1
-0.611	1	1
-0.612	1	1
-0.613	1	1
-0.614	1	1
-0.615	1	1
-0.616	1	1
-0.617	1	1
-0.618	1	1
-0.619	1	1
-0.62	1	1
-0.621	1	1
-0.622	1	1
-0.623	1	1
-0.624	1	1
-0.625	1	1
-0.626	1	1
-0.627	1	1
-0.628	1	1
-0.629	1	1
-0.63	1	1
-0.631	1	1
-0.632	1	1
-0.633	1	1
-0.634	1	1
-0.635	1	1
-0.636	1	1
-0.637	1	1
-0.638	1	1
-0.639	1	1
-0.64	1	1
-0.641	1	1
-0.642	1	1
-0.643	1	1
-0.644	1	1
-0.645	1	1
-0.646	1	1
-0.647	1	1
-0.648	1	1
-0.649	1	1
-0.65	1	1
-0.651	1	1
-0.652	1	1
-0.653	1	1
-0.654	1	1
-0.655	1	1
-0.656	1	1
-0.657	1	1
-0.658	1	1
-0.659	1	1
-0.66	1	1
-0.661	1	1
-0.662	1	1
-0.663	1	1
-0.664	1	1
-0.665	1	1
-0.666	1	1
-0.667	1	1
-0.668	1	1
-0.669	1	1
-0.67	1	1
-0.671	1	1
-0.672	1	1
-0.673	1	1
-0.674	1	1
-0.675	1	1
-0.676	1	1
-0.677	1	1
-0.678	1	1
-0.679	1	1
-0.68	1	1
-0.681	1	1
-0.682	1	1
-0.683	1	1
-0.684	1	1
-0.685	1	1
-0.686	1	1
-0.687	1	1
-0.688	1	1
-0.689	1	1
-0.69	1	1
-0.691	1	1
-0.692	1	1
-0.693	1	1
-0.694	1	1
-0.695	1	1
-0.696	1	1
-0.697	1	1
-0.698	1	1
-0.699	1	1
-0.7	1	1
-0.701	1	1
-0.702	1	1
-0.703	1	1
-0.704	1	1
-0.705	1	1
-0.706	1	1
-0.707	1	1
-0.708	1	1
-0.709	1	1
-0.71	1	1
-0.711	1	1
-0.712	1	1
-0.713	1	1
-0.714	1	1
-0.715	1	1
-0.716	1	1
-0.717	1	1
-0.718	1	1
-0.719	1	1
-0.72	1	1
-0.721	1	1
-0.722	1	1
-0.723	1	1
-0.724	1	1
-0.725	1	1
-0.726	1	1
-0.727	1	1
-0.728	1	1
-0.729	1	1
-0.73	1	1
-0.731	1	1
-0.732	1	1
-0.733	1	1
-0.734	1	1
-0.735	1	1
-0.736	1	1
-0.737	1	1
-0.738	1	1
-0.739	1	1
-0.74	1	1
-0.741	1	1
-0.742	1	1
-0.743	1	1
-0.744	1	1
-0.745	1	1
-0.746	1	1
-0.747	1	1
-0.748	1	1
-0.749	1	1
-0.75	1	1
-0.751	1	1
-0.752	1	1
-0.753	1	1
-0.754	1	1
-0.755	1	1
-0.756	1	1
-0.757	1	1
-0.758	1	1
-0.759	1	1
-0.76	1	1
-0.761	1	1
-0.762	1	1
-0.763	1	1
-0.764	1	1
-0.765	1	1
-0.766	1	1
-0.767	1	1
-0.768	1	1
-0.769	1	1
-0.77	1	1
-0.771	1	1
-0.772	1	1
-0.773	1	1
-0.774	1	1
-0.775	1	1
-0.776	1	1
-0.777	1	1
-0.778	1	1
-0.779	1	1
-0.78	1	1
-0.781	1	1
-0.782	1	1
-0.783	1	1
-0.784	1	1
-0.785	1	1
-0.786	1	1
-0.787	1	1
-0.788	1	1
-0.789	1	1
-0.79	1	1
-0.791	1	1
-0.792	1	1
-0.793	1	1
-0.794	1	1
-0.795	1	1
-0.796	1	1
-0.797	1	1
-0.798	1	1
-0.799	1	1
-0.8	1	1
-0.801	1	1
-0.802	1	1
-0.803	1	1
-0.804	1	1
-0.805	1	1
-0.806	1	1
-0.807	1	1
-0.808	1	1
-0.809	1	1
-0.81	1	1
-0.811	1	1
-0.812	1	1
-0.813	1	1
-0.814	1	1
-0.815	1	1
-0.816	1	1
-0.817	1	1
-0.818	1	1
-0.819	1	1
-0.82	1	1
-0.821	1	1
-0.822	1	1
-0.823	1	1
-0.824	1	1
-0.825	1	1
-0.826	1	1
-0.827	1	1
-0.828	1	1
-0.829	1	1
-0.83	1	1
-0.831	1	1
-0.832	1	1
-0.833	1	1
-0.834	1	1
-0.835	1	1
-0.836	1	1
-0.837	1	1
-0.838	1	1
-0.839	1	1
-0.84	1	1
-0.841	1	1
-0.842	1	1
-0.843	1	1
-0.844	1	1
-0.845	1	1
-0.846	1	1
-0.847	1	1
-0.848	1	1
-0.849	1	1
-0.85	1	1
-0.851	1	1
-0.852	1	1
-0.853	1	1
-0.854	1	1
-0.855	1	1
-0.856	1	1
-0.857	1	1
-0.858	1	1
-0.859	1	1
-0.86	1	1
-0.861	1	1
-0.862	1	1
-0.863	1	1
-0.864	1	1
-0.865	1	1
-0.866	1	1
-0.867	1	1
-0.868	1	1
-0.869	1	1
-0.87	1	1
-0.871	1	1
-0.872	1	1
-0.873	1	1
-0.874	1	1
-0.875	1	1
-0.876	1	1
-0.877	1	1
-0.878	1	1
-0.879	1	1
-0.88	1	1
-0.881	1	1
-0.882	1	1
-0.883	1	1
-0.884	1	1
-0.885	1	1
-0.886	1	1
-0.887	1	1
-0.888	1	1
-0.889	1	1
-0.89	1	1
-0.891	1	1
-0.892	1	1
-0.893	1	1
-0.894	1	1
-0.895	1	1
-0.896	1	1
-0.897	1	1
-0.898	1	1
-0.899	1	1
-0.9	1	1
-0.901	1	1
-0.902	1	1
-0.903	1	1
-0.904	1	1
-0.905	1	1
-0.906	1	1
-0.907	1	1
-0.908	1	1
-0.909	1	1
-0.91	1	1
-0.911	1	1
-0.912	1	1
-0.913	1	1
-0.914	1	1
-0.915	1	1
-0.916	1	1
-0.917	1	1
-0.918	1	1
-0.919	1	1
-0.92	1	1
-0.921	1	1
-0.922	1	1
-0.923	1	1
-0.924	1	1
-0.925	1	1
-0.926	1	1
-0.927	1	1
-0.928	1	1
-0.929	1	1
-0.93	1	1
-0.931	1	1
-0.932	1	1
-0.933	1	1
-0.934	1	1
-0.935	1	1
-0.936	1	1
-0.937	1	1
-0.938	1	1
-0.939	1	1
-0.94	1	1
-0.941	1	1
-0.942	1	1
-0.943	1	1
-0.944	1	1
-0.945	1	1
-0.946	1	1
-0.947	1	1
-0.948	1	1
-0.949	1	1
-0.95	1	1
-0.951	1	1
-0.952	1	1
-0.953	1	1
-0.954	1	1
-0.955	1	1
-0.956	1	1
-0.957	1	1
-0.958	1	1
-0.959	1	1
-0.96	1	1
-0.961	1	1
-0.962	1	1
-0.963	1	1
-0.964	1	1
-0.965	1	1
-0.966	1	1
-0.967	1	1
-0.968	1	1
-0.969	1	1
-0.97	1	1
-0.971	1	1
-0.972	1	1
-0.973	1	1
-0.974	1	1
-0.975	1	1
-0.976	1	1
-0.977	1	1
-0.978	1	1
-0.979	1	1
-0.98	1	1
-0.981	1	1
-0.982	1	1
-0.983	1	1
-0.984	1	1
-0.985	1	1
-0.986	1	1
-0.987	1	1
-0.988	1	1
-0.989	1	1
-0.99	1	1
-0.991	1	1
-0.992	1	1
-0.993	1	1
-0.994	1	1
-0.995	1	1
-0.996	1	1
-0.997	1	1
-0.998	1	1
-0.999	1	1
-1	1	1
