threshold	FAR	TAR
0.999	0	0.0001052631579
0.998	0	0.0001052631579
0.997	0	0.0001052631579
0.996	0	0.0001052631579
0.995	0	0.0001052631579
0.994	0	0.0001052631579
0.993	0	0.0001052631579
0.992	0	0.0001052631579
0.991	0	0.0001052631579
0.99	0	0.0001052631579
0.989	0	0.0001052631579
0.988	0	0.0001052631579
0.987	0	0.0001052631579
0.986	0	0.0001052631579
0.985	0	0.0001052631579
0.984	0	0.0001052631579
0.983	0	0.0001052631579
0.982	0	0.0001052631579
0.981	0	0.0001052631579
0.98	0	0.0001052631579
0.979	0	0.0002105263158
0.978	0	0.0002105263158
0.977	0	0.0003157894737
0.976	0	0.0003157894737
0.975	0	0.0003157894737
0.974	0	0.0003157894737
0.973	0	0.0003157894737
0.972	0	0.0003157894737
0.971	0	0.0003157894737
0.97	0	0.0003157894737
0.969	0	0.0003157894737
0.968	0	0.0003157894737
0.967	0	0.0003157894737
0.966	0	0.0003157894737
0.965	0	0.0003157894737
0.964	0	0.0004210526316
0.963	0	0.0004210526316
0.962	0	0.0004210526316
0.961	0	0.0005263157895
0.96	0	0.0005263157895
0.959	0	0.0005263157895
0.958	0	0.0005263157895
0.957	0	0.0005263157895
0.956	0	0.0005263157895
0.955	0	0.0006315789474
0.954	0	0.0006315789474
0.953	0	0.0006315789474
0.952	0	0.0006315789474
0.951	0	0.0006315789474
0.95	0	0.0006315789474
0.949	0	0.0006315789474
0.948	0	0.0006315789474
0.947	0	0.0006315789474
0.946	0	0.0006315789474
0.945	0	0.0006315789474
0.944	0	0.0007368421053
0.943	0	0.0007368421053
0.942	0	0.0007368421053
0.941	0	0.0007368421053
0.94	0	0.0008421052632
0.939	0	0.0008421052632
0.938	0	0.0008421052632
0.937	0	0.0008421052632
0.936	0	0.0008421052632
0.935	0	0.0008421052632
0.934	0	0.0008421052632
0.933	0	0.0008421052632
0.932	0	0.0009473684211
0.931	0	0.001052631579
0.93	0	0.001052631579
0.929	0	0.001052631579
0.928	0	0.001157894737
0.927	0	0.001263157895
0.926	0	0.001263157895
0.925	0	0.001263157895
0.924	0	0.001578947368
0.923	0	0.001684210526
0.922	0	0.001684210526
0.921	0	0.001684210526
0.92	0	0.001789473684
0.919	0	0.001789473684
0.918	0	0.001789473684
0.917	0	0.001789473684
0.916	0	0.001789473684
0.915	0	0.001894736842
0.914	0	0.001894736842
0.913	0	0.001894736842
0.912	0	0.002105263158
0.911	0	0.002105263158
0.91	0	0.002210526316
0.909	0	0.002210526316
0.908	0	0.002210526316
0.907	0	0.002421052632
0.906	0	0.002421052632
0.905	0	0.002421052632
0.904	0	0.002421052632
0.903	0	0.002421052632
0.902	0	0.002421052632
0.901	0	0.002526315789
0.9	0	0.002631578947
0.899	0	0.002736842105
0.898	0	0.002842105263
0.897	0	0.002842105263
0.896	0	0.002842105263
0.895	0	0.002947368421
0.894	0	0.003052631579
0.893	0	0.003157894737
0.892	0	0.003263157895
0.891	0	0.003368421053
0.89	0	0.003473684211
0.889	0	0.003578947368
0.888	0	0.003684210526
0.887	0	0.003789473684
0.886	0	0.003789473684
0.885	0	0.003894736842
0.884	0	0.004105263158
0.883	0	0.004210526316
0.882	0	0.004315789474
0.881	0	0.004526315789
0.88	0	0.004736842105
0.879	0	0.004947368421
0.878	0	0.004947368421
0.877	0	0.005052631579
0.876	0	0.005052631579
0.875	0	0.005157894737
0.874	0	0.005473684211
0.873	0	0.005473684211
0.872	0	0.005684210526
0.871	0	0.006105263158
0.87	0	0.006315789474
0.869	0	0.006315789474
0.868	0	0.006315789474
0.867	0	0.006631578947
0.866	0	0.006631578947
0.865	0	0.006736842105
0.864	0	0.007052631579
0.863	0	0.007368421053
0.862	0	0.007473684211
0.861	0	0.007894736842
0.86	0	0.008
0.859	0	0.008
0.858	0	0.008
0.857	0	0.008210526316
0.856	0	0.008315789474
0.855	0	0.008421052632
0.854	0	0.008526315789
0.853	0	0.008631578947
0.852	0	0.008736842105
0.851	0	0.008736842105
0.85	0	0.008842105263
0.849	0	0.009473684211
0.848	0	0.009578947368
0.847	0	0.01021052632
0.846	0	0.01031578947
0.845	0	0.01073684211
0.844	0	0.01094736842
0.843	0	0.01157894737
0.842	0	0.01168421053
0.841	0	0.01168421053
0.84	0	0.01221052632
0.839	0	0.01263157895
0.838	0	0.01273684211
0.837	0	0.01294736842
0.836	0	0.01326315789
0.835	0	0.01378947368
0.834	0	0.01410526316
0.833	0	0.01431578947
0.832	0	0.01442105263
0.831	0	0.01494736842
0.83	0	0.01536842105
0.829	0	0.01589473684
0.828	0	0.01610526316
0.827	0	0.01642105263
0.826	0	0.01694736842
0.825	0	0.01715789474
0.824	0	0.01747368421
0.823	0	0.01831578947
0.822	0	0.01894736842
0.821	0	0.01915789474
0.82	0	0.02
0.819	0	0.02031578947
0.818	0	0.02063157895
0.817	0	0.02115789474
0.816	0	0.02168421053
0.815	0	0.02273684211
0.814	0	0.02336842105
0.813	0	0.024
0.812	0	0.02463157895
0.811	0	0.02515789474
0.81	0	0.02536842105
0.809	0	0.02547368421
0.808	0	0.02589473684
0.807	0	0.02652631579
0.806	0	0.02747368421
0.805	0	0.02821052632
0.804	0	0.02905263158
0.803	0	0.03
0.802	0	0.03115789474
0.801	0	0.03210526316
0.8	0	0.03315789474
0.799	0	0.03357894737
0.798	0	0.03442105263
0.797	0	0.03452631579
0.796	0	0.03505263158
0.795	0	0.036
0.794	0	0.03663157895
0.793	0	0.03747368421
0.792	0	0.03821052632
0.791	0	0.03884210526
0.79	0	0.03978947368
0.789	0	0.04084210526
0.788	0	0.04178947368
0.787	0	0.04305263158
0.786	0	0.04431578947
0.785	0	0.04557894737
0.784	0	0.04652631579
0.783	0	0.04736842105
0.782	0	0.04863157895
0.781	0	0.04936842105
0.78	0	0.05063157895
0.779	0	0.05147368421
0.778	0	0.05242105263
0.777	0	0.05315789474
0.776	0	0.05378947368
0.775	0	0.05473684211
0.774	0	0.05557894737
0.773	0	0.05673684211
0.772	0	0.05852631579
0.771	0	0.05915789474
0.77	0	0.05957894737
0.769	0	0.06052631579
0.768	0	0.06136842105
0.767	0	0.06210526316
0.766	0	0.06326315789
0.765	0	0.06463157895
0.764	0	0.06610526316
0.763	0	0.06673684211
0.762	0	0.06778947368
0.761	0	0.06884210526
0.76	0	0.07021052632
0.759	0	0.07105263158
0.758	0	0.07168421053
0.757	0	0.07263157895
0.756	0	0.07378947368
0.755	0	0.07473684211
0.754	0	0.07557894737
0.753	0	0.07652631579
0.752	0	0.078
0.751	0	0.07947368421
0.75	0	0.08105263158
0.749	0	0.08263157895
0.748	0	0.08505263158
0.747	0	0.08610526316
0.746	0	0.08715789474
0.745	0	0.08873684211
0.744	0	0.08957894737
0.743	0	0.09084210526
0.742	0	0.09168421053
0.741	0	0.09305263158
0.74	0	0.09378947368
0.739	0	0.09505263158
0.738	0	0.09610526316
0.737	0	0.09726315789
0.736	0	0.09894736842
0.735	0	0.1008421053
0.734	0	0.1015789474
0.733	0	0.1030526316
0.732	0	0.1045263158
0.731	0	0.1057894737
0.73	0	0.1073684211
0.729	0	0.1090526316
0.728	0	0.1103157895
0.727	0	0.1116842105
0.726	0	0.1124210526
0.725	0	0.114
0.724	0	0.1151578947
0.723	0	0.1165263158
0.722	0	0.1177894737
0.721	0	0.1190526316
0.72	0	0.1208421053
0.719	0	0.1227368421
0.718	0	0.1241052632
0.717	0	0.1265263158
0.716	0	0.128
0.715	0	0.1290526316
0.714	0	0.1305263158
0.713	0	0.1327368421
0.712	0	0.1338947368
0.711	0	0.1352631579
0.71	0	0.1366315789
0.709	0	0.1384210526
0.708	0	0.1397894737
0.707	0	0.1411578947
0.706	0	0.1428421053
0.705	0	0.1436842105
0.704	0	0.1453684211
0.703	0	0.1471578947
0.702	0	0.1489473684
0.701	0	0.1504210526
0.7	0	0.152
0.699	0	0.1544210526
0.698	0	0.1565263158
0.697	0	0.1584210526
0.696	0	0.1603157895
0.695	0	0.1624210526
0.694	0	0.164
0.693	0	0.1665263158
0.692	0	0.1684210526
0.691	0	0.1702105263
0.69	0	0.1717894737
0.689	0	0.1733684211
0.688	0	0.1751578947
0.687	0	0.1766315789
0.686	0	0.1782105263
0.685	0	0.1803157895
0.684	0	0.1818947368
0.683	0	0.1841052632
0.682	0	0.1857894737
0.681	0	0.1877894737
0.68	0	0.1901052632
0.679	0	0.1921052632
0.678	0	0.1934736842
0.677	0	0.1950526316
0.676	0	0.1966315789
0.675	0	0.1982105263
0.674	0	0.2001052632
0.673	0	0.2018947368
0.672	0	0.2027368421
0.671	0	0.2047368421
0.67	0	0.2069473684
0.669	0	0.2083157895
0.668	0	0.2102105263
0.667	0	0.212
0.666	0	0.2135789474
0.665	0	0.2157894737
0.664	0	0.2178947368
0.663	0	0.2201052632
0.662	0	0.2221052632
0.661	0	0.2235789474
0.66	0	0.2263157895
0.659	0	0.2281052632
0.658	0	0.2298947368
0.657	0	0.2317894737
0.656	0	0.2335789474
0.655	0	0.236
0.654	0	0.2377894737
0.653	0	0.2395789474
0.652	0	0.2416842105
0.651	0	0.2434736842
0.65	0	0.2458947368
0.649	0	0.248
0.648	0	0.2502105263
0.647	0	0.2530526316
0.646	0	0.2549473684
0.645	0	0.2563157895
0.644	0	0.258
0.643	0	0.2598947368
0.642	0	0.2616842105
0.641	0	0.2641052632
0.64	0	0.2667368421
0.639	0	0.2693684211
0.638	0	0.2713684211
0.637	0	0.2735789474
0.636	0	0.2752631579
0.635	0	0.2781052632
0.634	0	0.2796842105
0.633	0	0.282
0.632	0	0.2848421053
0.631	0	0.2867368421
0.63	0	0.2891578947
0.629	0	0.2915789474
0.628	0	0.2932631579
0.627	0	0.2961052632
0.626	0	0.2986315789
0.625	0	0.3014736842
0.624	0	0.3034736842
0.623	0	0.3057894737
0.622	2.109482122e-07	0.3077894737
0.621	2.109482122e-07	0.31
0.62	2.109482122e-07	0.312
0.619	2.109482122e-07	0.3144210526
0.618	2.109482122e-07	0.3164210526
0.617	2.109482122e-07	0.3186315789
0.616	2.109482122e-07	0.3210526316
0.615	2.109482122e-07	0.3241052632
0.614	2.109482122e-07	0.3263157895
0.613	2.109482122e-07	0.3290526316
0.612	2.109482122e-07	0.3309473684
0.611	2.109482122e-07	0.3330526316
0.61	2.109482122e-07	0.3355789474
0.609	2.109482122e-07	0.3375789474
0.608	2.109482122e-07	0.3393684211
0.607	2.109482122e-07	0.3416842105
0.606	2.109482122e-07	0.3447368421
0.605	2.109482122e-07	0.3472631579
0.604	2.109482122e-07	0.3502105263
0.603	2.109482122e-07	0.3516842105
0.602	2.109482122e-07	0.3541052632
0.601	2.109482122e-07	0.3557894737
0.6	2.109482122e-07	0.3586315789
0.599	2.109482122e-07	0.3618947368
0.598	2.109482122e-07	0.3638947368
0.597	2.109482122e-07	0.366
0.596	2.109482122e-07	0.3684210526
0.595	2.109482122e-07	0.3713684211
0.594	2.109482122e-07	0.374
0.593	2.109482122e-07	0.3762105263
0.592	2.109482122e-07	0.3788421053
0.591	2.109482122e-07	0.3810526316
0.59	2.109482122e-07	0.3830526316
0.589	2.109482122e-07	0.386
0.588	2.109482122e-07	0.3887368421
0.587	2.109482122e-07	0.3914736842
0.586	2.109482122e-07	0.3935789474
0.585	2.109482122e-07	0.3957894737
0.584	2.109482122e-07	0.3976842105
0.583	2.109482122e-07	0.4001052632
0.582	2.109482122e-07	0.4035789474
0.581	2.109482122e-07	0.4068421053
0.58	2.109482122e-07	0.4087368421
0.579	2.109482122e-07	0.4108421053
0.578	2.109482122e-07	0.4132631579
0.577	2.109482122e-07	0.4155789474
0.576	2.109482122e-07	0.4184210526
0.575	2.109482122e-07	0.4210526316
0.574	2.109482122e-07	0.4248421053
0.573	2.109482122e-07	0.4266315789
0.572	2.109482122e-07	0.4283157895
0.571	2.109482122e-07	0.4292631579
0.57	2.109482122e-07	0.4312631579
0.569	2.109482122e-07	0.4331578947
0.568	2.109482122e-07	0.4354736842
0.567	2.109482122e-07	0.4376842105
0.566	2.109482122e-07	0.4405263158
0.565	2.109482122e-07	0.4424210526
0.564	2.109482122e-07	0.4446315789
0.563	2.109482122e-07	0.4473684211
0.562	2.109482122e-07	0.4498947368
0.561	2.109482122e-07	0.452
0.56	2.109482122e-07	0.4545263158
0.559	2.109482122e-07	0.4569473684
0.558	2.109482122e-07	0.4592631579
0.557	2.109482122e-07	0.4613684211
0.556	2.109482122e-07	0.4633684211
0.555	2.109482122e-07	0.4658947368
0.554	2.109482122e-07	0.4681052632
0.553	2.109482122e-07	0.4707368421
0.552	2.109482122e-07	0.4735789474
0.551	2.109482122e-07	0.4754736842
0.55	2.109482122e-07	0.4772631579
0.549	2.109482122e-07	0.4786315789
0.548	2.109482122e-07	0.4801052632
0.547	2.109482122e-07	0.4817894737
0.546	2.109482122e-07	0.4842105263
0.545	2.109482122e-07	0.4874736842
0.544	2.109482122e-07	0.4888421053
0.543	2.109482122e-07	0.4911578947
0.542	2.109482122e-07	0.4946315789
0.541	2.109482122e-07	0.4976842105
0.54	2.109482122e-07	0.5006315789
0.539	2.109482122e-07	0.5022105263
0.538	2.109482122e-07	0.5035789474
0.537	2.109482122e-07	0.5067368421
0.536	2.109482122e-07	0.5084210526
0.535	2.109482122e-07	0.5112631579
0.534	2.109482122e-07	0.5135789474
0.533	2.109482122e-07	0.5156842105
0.532	2.109482122e-07	0.518
0.531	2.109482122e-07	0.5204210526
0.53	2.109482122e-07	0.5229473684
0.529	2.109482122e-07	0.526
0.528	2.109482122e-07	0.5278947368
0.527	2.109482122e-07	0.5302105263
0.526	2.109482122e-07	0.5326315789
0.525	2.109482122e-07	0.5342105263
0.524	2.109482122e-07	0.5373684211
0.523	2.109482122e-07	0.5385263158
0.522	2.109482122e-07	0.5408421053
0.521	2.109482122e-07	0.5433684211
0.52	2.109482122e-07	0.5454736842
0.519	2.109482122e-07	0.5484210526
0.518	2.109482122e-07	0.5506315789
0.517	2.109482122e-07	0.5530526316
0.516	2.109482122e-07	0.5551578947
0.515	2.109482122e-07	0.5566315789
0.514	2.109482122e-07	0.5576842105
0.513	2.109482122e-07	0.5598947368
0.512	2.109482122e-07	0.5615789474
0.511	2.109482122e-07	0.5638947368
0.51	2.109482122e-07	0.5658947368
0.509	2.109482122e-07	0.5689473684
0.508	2.109482122e-07	0.5712631579
0.507	2.109482122e-07	0.5729473684
0.506	2.109482122e-07	0.5750526316
0.505	2.109482122e-07	0.5771578947
0.504	2.109482122e-07	0.5792631579
0.503	2.109482122e-07	0.5811578947
0.502	2.109482122e-07	0.5835789474
0.501	2.109482122e-07	0.5866315789
0.5	4.218964244e-07	0.5881052632
0.499	4.218964244e-07	0.5906315789
0.498	4.218964244e-07	0.5922105263
0.497	4.218964244e-07	0.5941052632
0.496	4.218964244e-07	0.5955789474
0.495	4.218964244e-07	0.5975789474
0.494	4.218964244e-07	0.5995789474
0.493	4.218964244e-07	0.6014736842
0.492	4.218964244e-07	0.6030526316
0.491	4.218964244e-07	0.6046315789
0.49	4.218964244e-07	0.6065263158
0.489	4.218964244e-07	0.6086315789
0.488	4.218964244e-07	0.6105263158
0.487	4.218964244e-07	0.6118947368
0.486	4.218964244e-07	0.6132631579
0.485	4.218964244e-07	0.6152631579
0.484	4.218964244e-07	0.6166315789
0.483	4.218964244e-07	0.6188421053
0.482	4.218964244e-07	0.6207368421
0.481	4.218964244e-07	0.6228421053
0.48	4.218964244e-07	0.6241052632
0.479	4.218964244e-07	0.6262105263
0.478	4.218964244e-07	0.6278947368
0.477	4.218964244e-07	0.6294736842
0.476	4.218964244e-07	0.6309473684
0.475	4.218964244e-07	0.6326315789
0.474	4.218964244e-07	0.6346315789
0.473	4.218964244e-07	0.636
0.472	4.218964244e-07	0.6383157895
0.471	4.218964244e-07	0.6406315789
0.47	4.218964244e-07	0.6425263158
0.469	4.218964244e-07	0.6444210526
0.468	4.218964244e-07	0.6468421053
0.467	4.218964244e-07	0.6494736842
0.466	4.218964244e-07	0.6512631579
0.465	4.218964244e-07	0.6537894737
0.464	4.218964244e-07	0.6554736842
0.463	4.218964244e-07	0.6571578947
0.462	4.218964244e-07	0.6586315789
0.461	4.218964244e-07	0.6605263158
0.46	4.218964244e-07	0.6625263158
0.459	4.218964244e-07	0.6641052632
0.458	4.218964244e-07	0.6664210526
0.457	4.218964244e-07	0.6676842105
0.456	4.218964244e-07	0.6692631579
0.455	4.218964244e-07	0.6709473684
0.454	4.218964244e-07	0.6727368421
0.453	4.218964244e-07	0.6750526316
0.452	4.218964244e-07	0.6761052632
0.451	4.218964244e-07	0.6774736842
0.45	4.218964244e-07	0.6795789474
0.449	4.218964244e-07	0.6811578947
0.448	4.218964244e-07	0.6827368421
0.447	4.218964244e-07	0.6843157895
0.446	4.218964244e-07	0.6856842105
0.445	4.218964244e-07	0.6874736842
0.444	4.218964244e-07	0.6890526316
0.443	4.218964244e-07	0.6906315789
0.442	4.218964244e-07	0.6917894737
0.441	4.218964244e-07	0.6935789474
0.44	4.218964244e-07	0.6947368421
0.439	4.218964244e-07	0.6963157895
0.438	4.218964244e-07	0.6974736842
0.437	4.218964244e-07	0.6986315789
0.436	4.218964244e-07	0.7003157895
0.435	4.218964244e-07	0.7021052632
0.434	4.218964244e-07	0.7043157895
0.433	4.218964244e-07	0.7058947368
0.432	4.218964244e-07	0.708
0.431	4.218964244e-07	0.7096842105
0.43	4.218964244e-07	0.7109473684
0.429	4.218964244e-07	0.7124210526
0.428	4.218964244e-07	0.7134736842
0.427	4.218964244e-07	0.7150526316
0.426	4.218964244e-07	0.7166315789
0.425	4.218964244e-07	0.7178947368
0.424	4.218964244e-07	0.7195789474
0.423	4.218964244e-07	0.7215789474
0.422	4.218964244e-07	0.7232631579
0.421	4.218964244e-07	0.7244210526
0.42	4.218964244e-07	0.7254736842
0.419	4.218964244e-07	0.7266315789
0.418	4.218964244e-07	0.7282105263
0.417	4.218964244e-07	0.7294736842
0.416	4.218964244e-07	0.7304210526
0.415	4.218964244e-07	0.732
0.414	4.218964244e-07	0.7332631579
0.413	4.218964244e-07	0.7357894737
0.412	4.218964244e-07	0.7376842105
0.411	4.218964244e-07	0.7386315789
0.41	4.218964244e-07	0.7404210526
0.409	4.218964244e-07	0.7424210526
0.408	4.218964244e-07	0.7436842105
0.407	4.218964244e-07	0.7447368421
0.406	4.218964244e-07	0.7461052632
0.405	4.218964244e-07	0.7475789474
0.404	4.218964244e-07	0.7489473684
0.403	4.218964244e-07	0.7505263158
0.402	4.218964244e-07	0.7514736842
0.401	4.218964244e-07	0.7529473684
0.4	4.218964244e-07	0.7535789474
0.399	4.218964244e-07	0.7555789474
0.398	4.218964244e-07	0.7563157895
0.397	6.328446366e-07	0.7573684211
0.396	6.328446366e-07	0.7589473684
0.395	6.328446366e-07	0.7601052632
0.394	6.328446366e-07	0.7616842105
0.393	8.437928489e-07	0.7630526316
0.392	8.437928489e-07	0.764
0.391	8.437928489e-07	0.7652631579
0.39	8.437928489e-07	0.7665263158
0.389	8.437928489e-07	0.7681052632
0.388	8.437928489e-07	0.7698947368
0.387	8.437928489e-07	0.7708421053
0.386	8.437928489e-07	0.7715789474
0.385	8.437928489e-07	0.7725263158
0.384	8.437928489e-07	0.7736842105
0.383	8.437928489e-07	0.7748421053
0.382	8.437928489e-07	0.7756842105
0.381	8.437928489e-07	0.7769473684
0.38	8.437928489e-07	0.7776842105
0.379	8.437928489e-07	0.7789473684
0.378	8.437928489e-07	0.7794736842
0.377	8.437928489e-07	0.7805263158
0.376	8.437928489e-07	0.7812631579
0.375	8.437928489e-07	0.7822105263
0.374	1.054741061e-06	0.7828421053
0.373	1.054741061e-06	0.784
0.372	1.054741061e-06	0.7854736842
0.371	1.054741061e-06	0.7869473684
0.37	1.054741061e-06	0.7884210526
0.369	1.054741061e-06	0.7897894737
0.368	1.054741061e-06	0.7917894737
0.367	1.054741061e-06	0.7923157895
0.366	1.054741061e-06	0.7935789474
0.365	1.054741061e-06	0.7944210526
0.364	1.054741061e-06	0.7953684211
0.363	1.054741061e-06	0.7965263158
0.362	1.054741061e-06	0.7975789474
0.361	1.054741061e-06	0.7985263158
0.36	1.054741061e-06	0.7991578947
0.359	1.265689273e-06	0.8001052632
0.358	1.265689273e-06	0.8016842105
0.357	1.265689273e-06	0.8028421053
0.356	1.476637485e-06	0.8033684211
0.355	1.476637485e-06	0.8047368421
0.354	1.476637485e-06	0.8056842105
0.353	1.687585698e-06	0.8067368421
0.352	1.687585698e-06	0.8078947368
0.351	1.687585698e-06	0.8091578947
0.35	1.89853391e-06	0.8102105263
0.349	1.89853391e-06	0.8112631579
0.348	1.89853391e-06	0.8124210526
0.347	1.89853391e-06	0.8135789474
0.346	2.109482122e-06	0.8153684211
0.345	2.109482122e-06	0.8162105263
0.344	2.109482122e-06	0.818
0.343	2.531378547e-06	0.8185263158
0.342	2.531378547e-06	0.8191578947
0.341	2.953274971e-06	0.8197894737
0.34	2.953274971e-06	0.8208421053
0.339	3.164223183e-06	0.8214736842
0.338	3.164223183e-06	0.8222105263
0.337	3.375171395e-06	0.8233684211
0.336	3.79706782e-06	0.8242105263
0.335	3.79706782e-06	0.8246315789
0.334	4.218964244e-06	0.8256842105
0.333	4.851808881e-06	0.8267368421
0.332	5.273705305e-06	0.828
0.331	5.69560173e-06	0.8284210526
0.33	5.906549942e-06	0.8291578947
0.329	6.117498154e-06	0.8301052632
0.328	6.328446366e-06	0.8310526316
0.327	6.539394579e-06	0.8317894737
0.326	6.750342791e-06	0.8326315789
0.325	6.961291003e-06	0.8330526316
0.324	7.383187427e-06	0.8344210526
0.323	7.805083852e-06	0.8349473684
0.322	8.648876701e-06	0.8353684211
0.321	9.070773125e-06	0.8356842105
0.32	9.49266955e-06	0.8363157895
0.319	9.703617762e-06	0.8369473684
0.318	1.012551419e-05	0.838
0.317	1.054741061e-05	0.8391578947
0.316	1.139120346e-05	0.84
0.315	1.181309988e-05	0.8407368421
0.314	1.181309988e-05	0.8413684211
0.313	1.223499631e-05	0.8423157895
0.312	1.244594452e-05	0.8430526316
0.311	1.286784095e-05	0.8436842105
0.31	1.350068558e-05	0.8446315789
0.309	1.476637485e-05	0.8451578947
0.308	1.603206413e-05	0.846
0.307	1.603206413e-05	0.8469473684
0.306	1.624301234e-05	0.8473684211
0.305	1.771964983e-05	0.8477894737
0.304	1.919628731e-05	0.8488421053
0.303	2.025102837e-05	0.8492631579
0.302	2.151671765e-05	0.8503157895
0.301	2.193861407e-05	0.8505263158
0.3	2.299335513e-05	0.8510526316
0.299	2.404809619e-05	0.852
0.298	2.573568189e-05	0.8526315789
0.297	2.742326759e-05	0.8529473684
0.296	2.805611222e-05	0.8533684211
0.295	3.016559435e-05	0.854
0.294	3.185318004e-05	0.8543157895
0.293	3.417361038e-05	0.8547368421
0.292	3.480645502e-05	0.8552631579
0.291	3.670498893e-05	0.8557894737
0.29	3.881447105e-05	0.8562105263
0.289	4.050205675e-05	0.8566315789
0.288	4.240059065e-05	0.8575789474
0.287	4.451007278e-05	0.8578947368
0.286	4.683050311e-05	0.8586315789
0.285	4.957282987e-05	0.8592631579
0.284	5.210420842e-05	0.8596842105
0.283	5.442463875e-05	0.8605263158
0.282	5.674506909e-05	0.8611578947
0.281	5.948739584e-05	0.8617894737
0.28	6.22297226e-05	0.8621052632
0.279	6.5604894e-05	0.8622105263
0.278	6.771437612e-05	0.8629473684
0.277	7.130049573e-05	0.8635789474
0.276	7.636325282e-05	0.8643157895
0.275	7.931652779e-05	0.8646315789
0.274	8.332454382e-05	0.8650526316
0.273	8.606687058e-05	0.8655789474
0.272	9.091867946e-05	0.8661052632
0.271	9.555954013e-05	0.8668421053
0.27	9.935660795e-05	0.8671578947
0.269	0.0001029427276	0.8675789474
0.268	0.0001075835882	0.868
0.267	0.0001147558274	0.8684210526
0.266	0.0001193966881	0.8690526316
0.265	0.0001261470309	0.8693684211
0.264	0.0001318426326	0.8698947368
0.263	0.0001392258201	0.8706315789
0.262	0.00014513237	0.8709473684
0.261	0.0001529374539	0.8712631579
0.26	0.0001628520198	0.8714736842
0.259	0.0001725556376	0.872
0.258	0.0001807826179	0.8728421053
0.257	0.0001871110642	0.8733684211
0.256	0.0001947051999	0.8742105263
0.255	0.0002022993355	0.8746315789
0.254	0.0002109482122	0.8752631579
0.253	0.0002204408818	0.8756842105
0.252	0.0002305663959	0.8762105263
0.251	0.000242590444	0.8767368421
0.25	0.0002527159582	0.8770526316
0.249	0.0002617867314	0.8782105263
0.248	0.0002719122455	0.8784210526
0.247	0.0002858348275	0.8789473684
0.246	0.0002961712899	0.8790526316
0.245	0.0003105157684	0.8792631579
0.244	0.000325071195	0.8795789474
0.243	0.0003392047252	0.8802105263
0.242	0.000355869634	0.8805263158
0.241	0.0003725345428	0.8811578947
0.24	0.000389621348	0.8816842105
0.239	0.0004064972049	0.882
0.238	0.0004248496994	0.8822105263
0.237	0.00044130366	0.8825263158
0.236	0.0004613437401	0.8828421053
0.235	0.0004813838203	0.8831578947
0.234	0.0005018457969	0.8834736842
0.233	0.0005201982913	0.884
0.232	0.0005438244911	0.8844210526
0.231	0.0005708258623	0.8847368421
0.23	0.0005961396477	0.8855789474
0.229	0.0006231410189	0.8862105263
0.228	0.0006503533383	0.8867368421
0.227	0.0006737685898	0.8872631579
0.226	0.0007030903913	0.8877894737
0.225	0.0007309355553	0.888
0.224	0.0007665858032	0.8886315789
0.223	0.0007948528636	0.8888421053
0.222	0.0008315578525	0.8893684211
0.221	0.0008669971522	0.8895789474
0.22	0.0009072882607	0.8898947368
0.219	0.0009437823014	0.89
0.218	0.0009836515136	0.8901052632
0.217	0.001023309777	0.8906315789
0.216	0.00106781985	0.8908421053
0.215	0.001117181732	0.8911578947
0.214	0.001155363358	0.8914736842
0.213	0.001199029638	0.892
0.212	0.001246492986	0.8924210526
0.211	0.001297120557	0.8928421053
0.21	0.00134753718	0.8930526316
0.209	0.0014040713	0.8934736842
0.208	0.001471152832	0.8937894737
0.207	0.001531273072	0.8944210526
0.206	0.0015869634	0.8948421053
0.205	0.001650247864	0.8951578947
0.204	0.001717329396	0.8953684211
0.203	0.001792426959	0.8956842105
0.202	0.001859930387	0.8957894737
0.201	0.001940723552	0.896
0.2	0.002017508702	0.8962105263
0.199	0.002103575572	0.8965263158
0.198	0.002187322012	0.8967368421
0.197	0.002273810779	0.8971578947
0.196	0.00236937032	0.8975789474
0.195	0.002470625461	0.8976842105
0.194	0.00256871638	0.8981052632
0.193	0.002675245227	0.8985263158
0.192	0.002782617867	0.8992631579
0.191	0.002894842316	0.8995789474
0.19	0.00301234047	0.8998947368
0.189	0.003134268537	0.9003157895
0.188	0.003258095138	0.9004210526
0.187	0.003386562599	0.9006315789
0.186	0.003527265056	0.9010526316
0.185	0.003671342685	0.9011578947
0.184	0.00380888092	0.9011578947
0.183	0.0039645607	0.9021052632
0.182	0.004126357979	0.9022105263
0.181	0.004287100517	0.9023157895
0.18	0.004460710895	0.9027368421
0.179	0.004634532222	0.9029473684
0.178	0.004806244067	0.9033684211
0.177	0.004995675562	0.9034736842
0.176	0.005193334036	0.9037894737
0.175	0.005389515874	0.9041052632
0.174	0.005600253138	0.9042105263
0.173	0.005818162641	0.9044210526
0.172	0.006058221707	0.9046315789
0.171	0.006303765426	0.9048421053
0.17	0.00654276975	0.9051578947
0.169	0.006784305453	0.9053684211
0.168	0.007050943993	0.9055789474
0.167	0.00730851176	0.9057894737
0.166	0.007579791161	0.906
0.165	0.007869423057	0.9064210526
0.164	0.008171711845	0.9065263158
0.163	0.008483493302	0.9066315789
0.162	0.008785360194	0.9068421053
0.161	0.009110009493	0.9068421053
0.16	0.009434236895	0.9072631579
0.159	0.009787153254	0.9075789474
0.158	0.01014766375	0.9076842105
0.157	0.01051682312	0.9078947368
0.156	0.01089906128	0.9078947368
0.155	0.01130281616	0.908
0.154	0.0117282987	0.908
0.153	0.01214956228	0.9082105263
0.152	0.01258812362	0.9085263158
0.151	0.01305305348	0.9085263158
0.15	0.01355004746	0.9089473684
0.149	0.01406244067	0.9089473684
0.148	0.01456892733	0.9092631579
0.147	0.01509524312	0.9095789474
0.146	0.01562324649	0.9096842105
0.145	0.01616875857	0.9097894737
0.144	0.01674970995	0.91
0.143	0.01733846641	0.9102105263
0.142	0.01795359139	0.9106315789
0.141	0.01859846008	0.9107368421
0.14	0.01925851703	0.9110526316
0.139	0.01991878494	0.9113684211
0.138	0.02060626516	0.9115789474
0.137	0.02133403649	0.912
0.136	0.02206855817	0.9123157895
0.135	0.02281615863	0.9124210526
0.134	0.02360679253	0.9125263158
0.133	0.02442041979	0.9128421053
0.132	0.02519692016	0.9133684211
0.131	0.02602615758	0.9136842105
0.13	0.02691045248	0.9138947368
0.129	0.02780149773	0.9142105263
0.128	0.02872777133	0.9143157895
0.127	0.02967893682	0.9143157895
0.126	0.03066786204	0.9145263158
0.125	0.03166227191	0.9147368421
0.124	0.03267144816	0.9151578947
0.123	0.0337405337	0.9154736842
0.122	0.03485391836	0.9158947368
0.121	0.035959287	0.916
0.12	0.03711401751	0.9162105263
0.119	0.03829195233	0.9162105263
0.118	0.03950490455	0.9164210526
0.117	0.04077354709	0.9168421053
0.116	0.04209661428	0.9171578947
0.115	0.04340723552	0.9172631579
0.114	0.04473937348	0.9174736842
0.113	0.04609112963	0.9176842105
0.112	0.04751123299	0.9182105263
0.111	0.04900052737	0.9186315789
0.11	0.05050880709	0.9188421053
0.109	0.0520240481	0.9189473684
0.108	0.05357704883	0.9191578947
0.107	0.05520092817	0.9192631579
0.106	0.05683936294	0.9194736842
0.105	0.05853201139	0.9195789474
0.104	0.06028077207	0.9196842105
0.103	0.06205569033	0.92
0.102	0.06386752452	0.9202105263
0.101	0.06574222128	0.9203157895
0.1	0.0676105896	0.9209473684
0.099	0.06957029849	0.9212631579
0.098	0.07157304082	0.9216842105
0.097	0.07364518511	0.9218947368
0.096	0.0757339943	0.922
0.095	0.07788123616	0.9223157895
0.094	0.08007340998	0.9230526316
0.093	0.08230081215	0.9233684211
0.092	0.08457631052	0.9235789474
0.091	0.08689800654	0.9236842105
0.09	0.08927391625	0.9241052632
0.089	0.09168526527	0.9245263158
0.088	0.09411496678	0.9249473684
0.087	0.09661660162	0.9254736842
0.086	0.09920135007	0.9256842105
0.085	0.1018320852	0.9264210526
0.084	0.1045223078	0.9264210526
0.083	0.10725472	0.9264210526
0.082	0.109995781	0.9268421053
0.081	0.1127914777	0.9274736842
0.08	0.1156563654	0.928
0.079	0.118598882	0.9285263158
0.078	0.1216139648	0.9287368421
0.077	0.1246946525	0.9290526316
0.076	0.1278156313	0.9296842105
0.075	0.1309353444	0.9304210526
0.074	0.1341672819	0.9305263158
0.073	0.1374544879	0.9309473684
0.072	0.1407811412	0.9311578947
0.071	0.1441567345	0.9314736842
0.07	0.1475584854	0.9315789474
0.069	0.1510722498	0.9321052632
0.068	0.1546693387	0.9326315789
0.067	0.1582503955	0.9330526316
0.066	0.1618687902	0.9333684211
0.065	0.1655671343	0.9337894737
0.064	0.1692798228	0.9341052632
0.063	0.1731492459	0.9348421053
0.062	0.1770412404	0.9362105263
0.061	0.1809802763	0.9362105263
0.06	0.1849520093	0.9364210526
0.059	0.1889792216	0.9367368421
0.058	0.1931167598	0.9372631579
0.057	0.1972867841	0.9376842105
0.056	0.2015464613	0.938
0.055	0.2057519249	0.9381052632
0.054	0.2100820589	0.9384210526
0.053	0.2144419365	0.9387368421
0.052	0.2189351334	0.9395789474
0.051	0.2234513237	0.9398947368
0.05	0.2280466196	0.9404210526
0.049	0.23272524	0.9408421053
0.048	0.2373353022	0.9413684211
0.047	0.2420704567	0.9421052632
0.046	0.2468695285	0.9427368421
0.045	0.2516690223	0.9430526316
0.044	0.2565965615	0.9437894737
0.043	0.2615586963	0.9438947368
0.042	0.2665043772	0.9446315789
0.041	0.2715211476	0.9452631579
0.04	0.2766263052	0.9455789474
0.039	0.2818071933	0.9464210526
0.038	0.2870140281	0.9465263158
0.037	0.2921991351	0.9471578947
0.036	0.2973943677	0.9473684211
0.035	0.3027241852	0.9478947368
0.034	0.3080272123	0.9484210526
0.033	0.313417572	0.9486315789
0.032	0.3188874591	0.9489473684
0.031	0.3243643076	0.9496842105
0.03	0.3298816581	0.95
0.029	0.3354620821	0.9507368421
0.028	0.3410621242	0.9513684211
0.027	0.3466056323	0.9516842105
0.026	0.3522702247	0.9523157895
0.025	0.3579497943	0.9525263158
0.024	0.3636732412	0.9533684211
0.023	0.3694884506	0.9536842105
0.022	0.3752329923	0.9542105263
0.021	0.3810846957	0.9544210526
0.02	0.3869091868	0.9549473684
0.019	0.3928562388	0.9555789474
0.018	0.3987115283	0.9563157895
0.017	0.4046083746	0.9570526316
0.016	0.4105849594	0.9571578947
0.015	0.4165796857	0.9575789474
0.014	0.4225611222	0.9581052632
0.013	0.4285596456	0.9585263158
0.012	0.4345528953	0.9591578947
0.011	0.4406222972	0.9596842105
0.01	0.44662736	0.9605263158
0.009	0.4527309356	0.9607368421
0.008	0.4587897901	0.9612631579
0.007	0.4649528531	0.9616842105
0.006	0.4710650775	0.9624210526
0.005	0.4772053581	0.9628421053
0.004	0.4833106212	0.9636842105
0.003	0.4894612383	0.9642105263
0.002	0.4956034174	0.9647368421
0.001	0.501731041	0.9650526316
0	0.507828921	0.9652631579
-0.001	0.5140059065	0.9656842105
-0.002	0.5201248813	0.9658947368
-0.003	0.5262655838	0.9666315789
-0.004	0.5324307562	0.9670526316
-0.005	0.5384518511	0.9677894737
-0.006	0.5446320008	0.9685263158
-0.007	0.5506560489	0.9687368421
-0.008	0.556773758	0.9692631579
-0.009	0.562831136	0.9693684211
-0.01	0.5688547622	0.9697894737
-0.011	0.5749482122	0.9702105263
-0.012	0.5809345006	0.9705263158
-0.013	0.5869954646	0.9707368421
-0.014	0.5929853391	0.9712631579
-0.015	0.598953275	0.9715789474
-0.016	0.6049602363	0.9717894737
-0.017	0.6108887248	0.9722105263
-0.018	0.6168207995	0.9726315789
-0.019	0.6226973948	0.9730526316
-0.02	0.6285674507	0.9734736842
-0.021	0.6343632528	0.9737894737
-0.022	0.640199768	0.9743157895
-0.023	0.6459215273	0.9746315789
-0.024	0.6516135429	0.9748421053
-0.025	0.6573230672	0.9751578947
-0.026	0.6629226875	0.9754736842
-0.027	0.6685111275	0.9761052632
-0.028	0.6740497838	0.9766315789
-0.029	0.6797179622	0.9771578947
-0.03	0.685201561	0.9773684211
-0.031	0.6906543614	0.9778947368
-0.032	0.6960573779	0.978
-0.033	0.7014403544	0.9781052632
-0.034	0.7067642654	0.9783157895
-0.035	0.7120459867	0.9785263158
-0.036	0.7172756038	0.9786315789
-0.037	0.7224064972	0.9789473684
-0.038	0.7275466723	0.9792631579
-0.039	0.7326391731	0.98
-0.04	0.7377291425	0.9802105263
-0.041	0.7428007594	0.9805263158
-0.042	0.7477536125	0.9807368421
-0.043	0.7527024575	0.9809473684
-0.044	0.7575534226	0.9811578947
-0.045	0.7623415252	0.9813684211
-0.046	0.7670768906	0.9817894737
-0.047	0.7717544563	0.9822105263
-0.048	0.7764092395	0.9827368421
-0.049	0.7809794325	0.9831578947
-0.05	0.7854970995	0.9838947368
-0.051	0.7899426221	0.9842105263
-0.052	0.7943590339	0.9844210526
-0.053	0.7987178568	0.9850526316
-0.054	0.8030359667	0.9857894737
-0.055	0.8073601941	0.986
-0.056	0.8115506803	0.9864210526
-0.057	0.8157430651	0.9866315789
-0.058	0.819804662	0.9868421053
-0.059	0.8238295538	0.9870526316
-0.06	0.8277850438	0.9870526316
-0.061	0.8317173294	0.9873684211
-0.062	0.8355970889	0.988
-0.063	0.8393741167	0.9882105263
-0.064	0.8431711845	0.9883157895
-0.065	0.8468543403	0.9884210526
-0.066	0.8504687269	0.9886315789
-0.067	0.8539871322	0.9889473684
-0.068	0.8574667229	0.9890526316
-0.069	0.8609269064	0.9895789474
-0.07	0.8643160004	0.9897894737
-0.071	0.8676257779	0.9901052632
-0.072	0.8709157262	0.9904210526
-0.073	0.8741569455	0.9906315789
-0.074	0.8773152621	0.9909473684
-0.075	0.880415568	0.9911578947
-0.076	0.883490771	0.9915789474
-0.077	0.886468516	0.9916842105
-0.078	0.8894538551	0.9918947368
-0.079	0.8923763316	0.992
-0.08	0.8952456492	0.9923157895
-0.081	0.898008016	0.9924210526
-0.082	0.9007364202	0.9925263158
-0.083	0.9034492142	0.9928421053
-0.084	0.9060229934	0.9931578947
-0.085	0.9086128046	0.9932631579
-0.086	0.9111327919	0.9935789474
-0.087	0.913629153	0.9936842105
-0.088	0.916044932	0.9941052632
-0.089	0.918386879	0.9941052632
-0.09	0.9207092079	0.9944210526
-0.091	0.9229650881	0.9944210526
-0.092	0.9251589495	0.9947368421
-0.093	0.927327919	0.9950526316
-0.094	0.9294688324	0.9955789474
-0.095	0.9315302183	0.9956842105
-0.096	0.9335124987	0.9956842105
-0.097	0.935466512	0.996
-0.098	0.9374002742	0.9961052632
-0.099	0.9392454382	0.9961052632
-0.1	0.9410939774	0.9962105263
-0.101	0.9428589811	0.9963157895
-0.102	0.9446391731	0.9964210526
-0.103	0.9463465879	0.9966315789
-0.104	0.9480274233	0.9966315789
-0.105	0.9496810463	0.9968421053
-0.106	0.9512576732	0.9970526316
-0.107	0.9527832507	0.9970526316
-0.108	0.9542826706	0.9971578947
-0.109	0.9557502373	0.9972631579
-0.11	0.9571775129	0.9972631579
-0.111	0.9585891784	0.9972631579
-0.112	0.9599299652	0.9973684211
-0.113	0.9612671659	0.9975789474
-0.114	0.962537707	0.9976842105
-0.115	0.9638118342	0.9976842105
-0.116	0.9650492564	0.9977894737
-0.117	0.9662377386	0.9978947368
-0.118	0.9674234785	0.998
-0.119	0.9685250501	0.998
-0.12	0.9696074254	0.998
-0.121	0.9706450796	0.9981052632
-0.122	0.971669866	0.9982105263
-0.123	0.9726872693	0.9982105263
-0.124	0.9736787259	0.9984210526
-0.125	0.9746254614	0.9985263158
-0.126	0.9755456176	0.9985263158
-0.127	0.976415357	0.9985263158
-0.128	0.977282987	0.9985263158
-0.129	0.9781257251	0.9985263158
-0.13	0.9789224765	0.9986315789
-0.131	0.9796890623	0.9987368421
-0.132	0.9804507963	0.9987368421
-0.133	0.98118131	0.9987368421
-0.134	0.981877861	0.9987368421
-0.135	0.9825670288	0.9987368421
-0.136	0.9832192807	0.9988421053
-0.137	0.9838514925	0.9989473684
-0.138	0.9844946736	0.9989473684
-0.139	0.9851070562	0.9990526316
-0.14	0.9856808354	0.9992631579
-0.141	0.9862419576	0.9992631579
-0.142	0.9867838836	0.9993684211
-0.143	0.9873104103	0.9993684211
-0.144	0.9878038182	0.9993684211
-0.145	0.9882923742	0.9993684211
-0.146	0.9887482333	0.9993684211
-0.147	0.9891998734	0.9993684211
-0.148	0.9896447632	0.9993684211
-0.149	0.9900628626	0.9995789474
-0.15	0.9904818057	0.9995789474
-0.151	0.990867419	0.9995789474
-0.152	0.9912566185	0.9995789474
-0.153	0.9916228246	0.9996842105
-0.154	0.9919717329	0.9996842105
-0.155	0.9923079844	0.9996842105
-0.156	0.9926201877	0.9996842105
-0.157	0.9929264845	0.9996842105
-0.158	0.9932283514	0.9997894737
-0.159	0.9935002637	0.9997894737
-0.16	0.9937810358	0.9997894737
-0.161	0.9940664487	0.9997894737
-0.162	0.9943160004	0.9997894737
-0.163	0.9945670288	0.9997894737
-0.164	0.9948081426	0.9997894737
-0.165	0.9950247864	0.9997894737
-0.166	0.9952502901	0.9998947368
-0.167	0.9954606054	0.9998947368
-0.168	0.9956696551	0.9998947368
-0.169	0.995861618	0.9998947368
-0.17	0.9960464086	0.9998947368
-0.171	0.996224027	0.9998947368
-0.172	0.9963976374	0.9998947368
-0.173	0.9965678726	0.9998947368
-0.174	0.9967176458	0.9998947368
-0.175	0.996863411	0.9998947368
-0.176	0.9970013712	0.9998947368
-0.177	0.997148824	0.9998947368
-0.178	0.9972743381	0.9998947368
-0.179	0.9973939458	0.9998947368
-0.18	0.9975150301	0.9998947368
-0.181	0.997629153	0.9998947368
-0.182	0.9977445417	0.9998947368
-0.183	0.9978502268	1
-0.184	0.9979533804	1
-0.185	0.9980512604	1
-0.186	0.9981561017	1
-0.187	0.9982552473	1
-0.188	0.9983396266	1
-0.189	0.998419365	1
-0.19	0.9984986816	1
-0.191	0.9985712478	1
-0.192	0.9986429702	1
-0.193	0.9987102626	1
-0.194	0.9987771332	1
-0.195	0.9988364097	1
-0.196	0.9988952642	1
-0.197	0.9989475794	1
-0.198	0.9990011602	1
-0.199	0.9990439827	1
-0.2	0.9990925008	1
-0.201	0.999140597	1
-0.202	0.9991821538	1
-0.203	0.9992270858	1
-0.204	0.999270752	1
-0.205	0.9993061913	1
-0.206	0.9993426854	1
-0.207	0.9993810779	1
-0.208	0.9994165172	1
-0.209	0.9994447843	1
-0.21	0.9994738952	1
-0.211	0.9995027951	1
-0.212	0.9995310621	1
-0.213	0.999555954	1
-0.214	0.9995783145	1
-0.215	0.9996013079	1
-0.216	0.9996249341	1
-0.217	0.9996487712	1
-0.218	0.9996681785	1
-0.219	0.99968632	1
-0.22	0.9997038287	1
-0.221	0.9997211265	1
-0.222	0.9997367366	1
-0.223	0.9997534015	1
-0.224	0.9997671132	1
-0.225	0.9997825124	1
-0.226	0.999796224	1
-0.227	0.9998071933	1
-0.228	0.9998179517	1
-0.229	0.9998287101	1
-0.23	0.9998367261	1
-0.231	0.9998464297	1
-0.232	0.9998548676	1
-0.233	0.9998645712	1
-0.234	0.9998704778	1
-0.235	0.9998803924	1
-0.236	0.9998856661	1
-0.237	0.9998932602	1
-0.238	0.9999002215	1
-0.239	0.9999057061	1
-0.24	0.999910558	1
-0.241	0.9999160426	1
-0.242	0.9999208944	1
-0.243	0.9999246915	1
-0.244	0.9999295433	1
-0.245	0.9999337623	1
-0.246	0.9999365046	1
-0.247	0.9999394579	1
-0.248	0.9999436768	1
-0.249	0.9999466301	1
-0.25	0.9999497943	1
-0.251	0.999951271	1
-0.252	0.9999557009	1
-0.253	0.9999584432	1
-0.254	0.9999616074	1
-0.255	0.9999647716	1
-0.256	0.9999668811	1
-0.257	0.9999683578	1
-0.258	0.9999700454	1
-0.259	0.9999719439	1
-0.26	0.9999738424	1
-0.261	0.9999746862	1
-0.262	0.9999753191	1
-0.263	0.9999765847	1
-0.264	0.9999780614	1
-0.265	0.999979749	1
-0.266	0.9999810147	1
-0.267	0.9999829132	1
-0.268	0.999983757	1
-0.269	0.9999848117	1
-0.27	0.9999858665	1
-0.271	0.9999864993	1
-0.272	0.9999886088	1
-0.273	0.9999888197	1
-0.274	0.9999894526	1
-0.275	0.9999898745	1
-0.276	0.9999907183	1
-0.277	0.9999909292	1
-0.278	0.999991773	1
-0.279	0.9999924059	1
-0.28	0.9999926168	1
-0.281	0.9999932497	1
-0.282	0.9999936716	1
-0.283	0.9999938825	1
-0.284	0.9999943044	1
-0.285	0.9999943044	1
-0.286	0.9999951482	1
-0.287	0.999995781	1
-0.288	0.9999964139	1
-0.289	0.9999964139	1
-0.29	0.9999968358	1
-0.291	0.9999972577	1
-0.292	0.9999972577	1
-0.293	0.9999974686	1
-0.294	0.9999974686	1
-0.295	0.9999976796	1
-0.296	0.9999976796	1
-0.297	0.9999976796	1
-0.298	0.9999976796	1
-0.299	0.9999978905	1
-0.3	0.9999978905	1
-0.301	0.9999978905	1
-0.302	0.9999978905	1
-0.303	0.9999978905	1
-0.304	0.9999983124	1
-0.305	0.9999985234	1
-0.306	0.9999987343	1
-0.307	0.9999989453	1
-0.308	0.9999991562	1
-0.309	0.9999991562	1
-0.31	0.9999991562	1
-0.311	0.9999991562	1
-0.312	0.9999993672	1
-0.313	0.9999993672	1
-0.314	0.9999995781	1
-0.315	0.9999995781	1
-0.316	0.9999995781	1
-0.317	0.9999997891	1
-0.318	0.9999997891	1
-0.319	0.9999997891	1
-0.32	0.9999997891	1
-0.321	0.9999997891	1
-0.322	0.9999997891	1
-0.323	0.9999997891	1
-0.324	0.9999997891	1
-0.325	0.9999997891	1
-0.326	0.9999997891	1
-0.327	0.9999997891	1
-0.328	0.9999997891	1
-0.329	0.9999997891	1
-0.33	1	1
-0.331	1	1
-0.332	1	1
-0.333	1	1
-0.334	1	1
-0.335	1	1
-0.336	1	1
-0.337	1	1
-0.338	1	1
-0.339	1	1
-0.34	1	1
-0.341	1	1
-0.342	1	1
-0.343	1	1
-0.344	1	1
-0.345	1	1
-0.346	1	1
-0.347	1	1
-0.348	1	1
-0.349	1	1
-0.35	1	1
-0.351	1	1
-0.352	1	1
-0.353	1	1
-0.354	1	1
-0.355	1	1
-0.356	1	1
-0.357	1	1
-0.358	1	1
-0.359	1	1
-0.36	1	1
-0.361	1	1
-0.362	1	1
-0.363	1	1
-0.364	1	1
-0.365	1	1
-0.366	1	1
-0.367	1	1
-0.368	1	1
-0.369	1	1
-0.37	1	1
-0.371	1	1
-0.372	1	1
-0.373	1	1
-0.374	1	1
-0.375	1	1
-0.376	1	1
-0.377	1	1
-0.378	1	1
-0.379	1	1
-0.38	1	1
-0.381	1	1
-0.382	1	1
-0.383	1	1
-0.384	1	1
-0.385	1	1
-0.386	1	1
-0.387	1	1
-0.388	1	1
-0.389	1	1
-0.39	1	1
-0.391	1	1
-0.392	1	1
-0.393	1	1
-0.394	1	1
-0.395	1	1
-0.396	1	1
-0.397	1	1
-0.398	1	1
-0.399	1	1
-0.4	1	1
-0.401	1	1
-0.402	1	1
-0.403	1	1
-0.404	1	1
-0.405	1	1
-0.406	1	1
-0.407	1	1
-0.408	1	1
-0.409	1	1
-0.41	1	1
-0.411	1	1
-0.412	1	1
-0.413	1	1
-0.414	1	1
-0.415	1	1
-0.416	1	1
-0.417	1	1
-0.418	1	1
-0.419	1	1
-0.42	1	1
-0.421	1	1
-0.422	1	1
-0.423	1	1
-0.424	1	1
-0.425	1	1
-0.426	1	1
-0.427	1	1
-0.428	1	1
-0.429	1	1
-0.43	1	1
-0.431	1	1
-0.432	1	1
-0.433	1	1
-0.434	1	1
-0.435	1	1
-0.436	1	1
-0.437	1	1
-0.438	1	1
-0.439	1	1
-0.44	1	1
-0.441	1	1
-0.442	1	1
-0.443	1	1
-0.444	1	1
-0.445	1	1
-0.446	1	1
-0.447	1	1
-0.448	1	1
-0.449	1	1
-0.45	1	1
-0.451	1	1
-0.452	1	1
-0.453	1	1
-0.454	1	1
-0.455	1	1
-0.456	1	1
-0.457	1	1
-0.458	1	1
-0.459	1	1
-0.46	1	1
-0.461	1	1
-0.462	1	1
-0.463	1	1
-0.464	1	1
-0.465	1	1
-0.466	1	1
-0.467	1	1
-0.468	1	1
-0.469	1	1
-0.47	1	1
-0.471	1	1
-0.472	1	1
-0.473	1	1
-0.474	1	1
-0.475	1	1
-0.476	1	1
-0.477	1	1
-0.478	1	1
-0.479	1	1
-0.48	1	1
-0.481	1	1
-0.482	1	1
-0.483	1	1
-0.484	1	1
-0.485	1	1
-0.486	1	1
-0.487	1	1
-0.488	1	1
-0.489	1	1
-0.49	1	1
-0.491	1	1
-0.492	1	1
-0.493	1	1
-0.494	1	1
-0.495	1	1
-0.496	1	1
-0.497	1	1
-0.498	1	1
-0.499	1	1
-0.5	1	1
-0.501	1	1
-0.502	1	1
-0.503	1	1
-0.504	1	1
-0.505	1	1
-0.506	1	1
-0.507	1	1
-0.508	1	1
-0.509	1	1
-0.51	1	1
-0.511	1	1
-0.512	1	1
-0.513	1	1
-0.514	1	1
-0.515	1	1
-0.516	1	1
-0.517	1	1
-0.518	1	1
-0.519	1	1
-0.52	1	1
-0.521	1	1
-0.522	1	1
-0.523	1	1
-0.524	1	1
-0.525	1	1
-0.526	1	1
-0.527	1	1
-0.528	1	1
-0.529	1	1
-0.53	1	1
-0.531	1	1
-0.532	1	1
-0.533	1	1
-0.534	1	1
-0.535	1	1
-0.536	1	1
-0.537	1	1
-0.538	1	1
-0.539	1	1
-0.54	1	1
-0.541	1	1
-0.542	1	1
-0.543	1	1
-0.544	1	1
-0.545	1	1
-0.546	1	1
-0.547	1	1
-0.548	1	1
-0.549	1	1
-0.55	1	1
-0.551	1	1
-0.552	1	1
-0.553	1	1
-0.554	1	1
-0.555	1	1
-0.556	1	1
-0.557	1	1
-0.558	1	1
-0.559	1	1
-0.56	1	1
-0.561	1	1
-0.562	1	1
-0.563	1	1
-0.564	1	1
-0.565	1	1
-0.566	1	1
-0.567	1	1
-0.568	1	1
-0.569	1	1
-0.57	1	1
-0.571	1	1
-0.572	1	1
-0.573	1	1
-0.574	1	1
-0.575	1	1
-0.576	1	1
-0.577	1	1
-0.578	1	1
-0.579	1	1
-0.58	1	1
-0.581	1	1
-0.582	1	1
-0.583	1	1
-0.584	1	1
-0.585	1	1
-0.586	1	1
-0.587	1	1
-0.588	1	1
-0.589	1	1
-0.59	1	1
-0.591	1	1
-0.592	1	1
-0.593	1	1
-0.594	1	1
-0.595	1	1
-0.596	1	1
-0.597	1	1
-0.598	1	1
-0.599	1	1
-0.6	1	1
-0.601	1	1
-0.602	1	1
-0.603	1	1
-0.604	1	1
-0.605	1	1
-0.606	1	1
-0.607	1	1
-0.608	1	1
-0.609	1	1
-0.61	1	1
-0.611	1	1
-0.612	1	1
-0.613	1	1
-0.614	1	1
-0.615	1	1
-0.616	1	1
-0.617	1	1
-0.618	1	1
-0.619	1	1
-0.62	1	1
-0.621	1	1
-0.622	1	1
-0.623	1	1
-0.624	1	1
-0.625	1	1
-0.626	1	1
-0.627	1	1
-0.628	1	1
-0.629	1	1
-0.63	1	1
-0.631	1	1
-0.632	1	1
-0.633	1	1
-0.634	1	1
-0.635	1	1
-0.636	1	1
-0.637	1	1
-0.638	1	1
-0.639	1	1
-0.64	1	1
-0.641	1	1
-0.642	1	1
-0.643	1	1
-0.644	1	1
-0.645	1	1
-0.646	1	1
-0.647	1	1
-0.648	1	1
-0.649	1	1
-0.65	1	1
-0.651	1	1
-0.652	1	1
-0.653	1	1
-0.654	1	1
-0.655	1	1
-0.656	1	1
-0.657	1	1
-0.658	1	1
-0.659	1	1
-0.66	1	1
-0.661	1	1
-0.662	1	1
-0.663	1	1
-0.664	1	1
-0.665	1	1
-0.666	1	1
-0.667	1	1
-0.668	1	1
-0.669	1	1
-0.67	1	1
-0.671	1	1
-0.672	1	1
-0.673	1	1
-0.674	1	1
-0.675	1	1
-0.676	1	1
-0.677	1	1
-0.678	1	1
-0.679	1	1
-0.68	1	1
-0.681	1	1
-0.682	1	1
-0.683	1	1
-0.684	1	1
-0.685	1	1
-0.686	1	1
-0.687	1	1
-0.688	1	1
-0.689	1	1
-0.69	1	1
-0.691	1	1
-0.692	1	1
-0.693	1	1
-0.694	1	1
-0.695	1	1
-0.696	1	1
-0.697	1	1
-0.698	1	1
-0.699	1	1
-0.7	1	1
-0.701	1	1
-0.702	1	1
-0.703	1	1
-0.704	1	1
-0.705	1	1
-0.706	1	1
-0.707	1	1
-0.708	1	1
-0.709	1	1
-0.71	1	1
-0.711	1	1
-0.712	1	1
-0.713	1	1
-0.714	1	1
-0.715	1	1
-0.716	1	1
-0.717	1	1
-0.718	1	1
-0.719	1	1
-0.72	1	1
-0.721	1	1
-0.722	1	1
-0.723	1	1
-0.724	1	1
-0.725	1	1
-0.726	1	1
-0.727	1	1
-0.728	1	1
-0.729	1	1
-0.73	1	1
-0.731	1	1
-0.732	1	1
-0.733	1	1
-0.734	1	1
-0.735	1	1
-0.736	1	1
-0.737	1	1
-0.738	1	1
-0.739	1	1
-0.74	1	1
-0.741	1	1
-0.742	1	1
-0.743	1	1
-0.744	1	1
-0.745	1	1
-0.746	1	1
-0.747	1	1
-0.748	1	1
-0.749	1	1
-0.75	1	1
-0.751	1	1
-0.752	1	1
-0.753	1	1
-0.754	1	1
-0.755	1	1
-0.756	1	1
-0.757	1	1
-0.758	1	1
-0.759	1	1
-0.76	1	1
-0.761	1	1
-0.762	1	1
-0.763	1	1
-0.764	1	1
-0.765	1	1
-0.766	1	1
-0.767	1	1
-0.768	1	1
-0.769	1	1
-0.77	1	1
-0.771	1	1
-0.772	1	1
-0.773	1	1
-0.774	1	1
-0.775	1	1
-0.776	1	1
-0.777	1	1
-0.778	1	1
-0.779	1	1
-0.78	1	1
-0.781	1	1
-0.782	1	1
-0.783	1	1
-0.784	1	1
-0.785	1	1
-0.786	1	1
-0.787	1	1
-0.788	1	1
-0.789	1	1
-0.79	1	1
-0.791	1	1
-0.792	1	1
-0.793	1	1
-0.794	1	1
-0.795	1	1
-0.796	1	1
-0.797	1	1
-0.798	1	1
-0.799	1	1
-0.8	1	1
-0.801	1	1
-0.802	1	1
-0.803	1	1
-0.804	1	1
-0.805	1	1
-0.806	1	1
-0.807	1	1
-0.808	1	1
-0.809	1	1
-0.81	1	1
-0.811	1	1
-0.812	1	1
-0.813	1	1
-0.814	1	1
-0.815	1	1
-0.816	1	1
-0.817	1	1
-0.818	1	1
-0.819	1	1
-0.82	1	1
-0.821	1	1
-0.822	1	1
-0.823	1	1
-0.824	1	1
-0.825	1	1
-0.826	1	1
-0.827	1	1
-0.828	1	1
-0.829	1	1
-0.83	1	1
-0.831	1	1
-0.832	1	1
-0.833	1	1
-0.834	1	1
-0.835	1	1
-0.836	1	1
-0.837	1	1
-0.838	1	1
-0.839	1	1
-0.84	1	1
-0.841	1	1
-0.842	1	1
-0.843	1	1
-0.844	1	1
-0.845	1	1
-0.846	1	1
-0.847	1	1
-0.848	1	1
-0.849	1	1
-0.85	1	1
-0.851	1	1
-0.852	1	1
-0.853	1	1
-0.854	1	1
-0.855	1	1
-0.856	1	1
-0.857	1	1
-0.858	1	1
-0.859	1	1
-0.86	1	1
-0.861	1	1
-0.862	1	1
-0.863	1	1
-0.864	1	1
-0.865	1	1
-0.866	1	1
-0.867	1	1
-0.868	1	1
-0.869	1	1
-0.87	1	1
-0.871	1	1
-0.872	1	1
-0.873	1	1
-0.874	1	1
-0.875	1	1
-0.876	1	1
-0.877	1	1
-0.878	1	1
-0.879	1	1
-0.88	1	1
-0.881	1	1
-0.882	1	1
-0.883	1	1
-0.884	1	1
-0.885	1	1
-0.886	1	1
-0.887	1	1
-0.888	1	1
-0.889	1	1
-0.89	1	1
-0.891	1	1
-0.892	1	1
-0.893	1	1
-0.894	1	1
-0.895	1	1
-0.896	1	1
-0.897	1	1
-0.898	1	1
-0.899	1	1
-0.9	1	1
-0.901	1	1
-0.902	1	1
-0.903	1	1
-0.904	1	1
-0.905	1	1
-0.906	1	1
-0.907	1	1
-0.908	1	1
-0.909	1	1
-0.91	1	1
-0.911	1	1
-0.912	1	1
-0.913	1	1
-0.914	1	1
-0.915	1	1
-0.916	1	1
-0.917	1	1
-0.918	1	1
-0.919	1	1
-0.92	1	1
-0.921	1	1
-0.922	1	1
-0.923	1	1
-0.924	1	1
-0.925	1	1
-0.926	1	1
-0.927	1	1
-0.928	1	1
-0.929	1	1
-0.93	1	1
-0.931	1	1
-0.932	1	1
-0.933	1	1
-0.934	1	1
-0.935	1	1
-0.936	1	1
-0.937	1	1
-0.938	1	1
-0.939	1	1
-0.94	1	1
-0.941	1	1
-0.942	1	1
-0.943	1	1
-0.944	1	1
-0.945	1	1
-0.946	1	1
-0.947	1	1
-0.948	1	1
-0.949	1	1
-0.95	1	1
-0.951	1	1
-0.952	1	1
-0.953	1	1
-0.954	1	1
-0.955	1	1
-0.956	1	1
-0.957	1	1
-0.958	1	1
-0.959	1	1
-0.96	1	1
-0.961	1	1
-0.962	1	1
-0.963	1	1
-0.964	1	1
-0.965	1	1
-0.966	1	1
-0.967	1	1
-0.968	1	1
-0.969	1	1
-0.97	1	1
-0.971	1	1
-0.972	1	1
-0.973	1	1
-0.974	1	1
-0.975	1	1
-0.976	1	1
-0.977	1	1
-0.978	1	1
-0.979	1	1
-0.98	1	1
-0.981	1	1
-0.982	1	1
-0.983	1	1
-0.984	1	1
-0.985	1	1
-0.986	1	1
-0.987	1	1
-0.988	1	1
-0.989	1	1
-0.99	1	1
-0.991	1	1
-0.992	1	1
-0.993	1	1
-0.994	1	1
-0.995	1	1
-0.996	1	1
-0.997	1	1
-0.998	1	1
-0.999	1	1
-1	1	1
