threshold	FAR	TAR
0.999	0	0.0001666875026
0.998	0	0.0001833562529
0.997	0	0.0002083593783
0.996	0	0.0002416968788
0.995	0	0.0002750343793
0.994	0	0.0002833687544
0.993	0	0.0003083718798
0.992	0	0.0003250406301
0.991	0	0.0003583781306
0.99	0	0.0004167187565
0.989	0	0.0004583906322
0.988	0	0.0004583906322
0.987	0	0.0005000625078
0.986	0	0.0005250656332
0.985	0	0.0005584031337
0.984	0	0.0005667375089
0.983	0	0.0006000750094
0.982	0	0.0006167437596
0.981	0	0.000641746885
0.98	0	0.0006584156353
0.979	0	0.0007167562612
0.978	0	0.0007334250115
0.977	0	0.0007584281369
0.976	0	0.0007750968871
0.975	0	0.0008084343876
0.974	0	0.0008251031379
0.973	0	0.0008501062633
0.972	0	0.0009167812643
0.971	0	0.0009251156395
0.97	0	0.0009751218902
0.969	0	0.001025128141
0.968	0	0.001058465642
0.967	0	0.001091803142
0.966	0	0.001116806267
0.965	0	0.001166812518
0.964	0	0.001191815644
0.963	0	0.001233487519
0.962	0	0.00130016252
0.961	0	0.001333500021
0.96	0	0.001383506272
0.959	0	0.001433512522
0.958	0	0.001491853148
0.957	0	0.001533525024
0.956	0	0.001583531275
0.955	0	0.001666875026
0.954	0	0.001725215652
0.953	0	0.001808559403
0.952	0	0.001866900029
0.951	0	0.00193357503
0.95	8.33416675e-10	0.002041921907
0.949	8.33416675e-10	0.002108596908
0.948	8.33416675e-10	0.002183606284
0.947	1.66683335e-09	0.00222527816
0.946	2.500250025e-09	0.002275284411
0.945	3.3336667e-09	0.002341959412
0.944	4.167083375e-09	0.002441971913
0.943	7.500750075e-09	0.00253365004
0.942	7.500750075e-09	0.00258365629
0.941	8.33416675e-09	0.002675334417
0.94	1.00010001e-08	0.002742009418
0.939	1.33346668e-08	0.002825353169
0.938	1.833516685e-08	0.002950368796
0.937	2.166883355e-08	0.003075384423
0.936	2.250225023e-08	0.003158728174
0.935	3.083641698e-08	0.003225403175
0.934	3.583691703e-08	0.003308746927
0.933	4.417108378e-08	0.003408759428
0.932	5.917258393e-08	0.003517106305
0.931	7.417408408e-08	0.003650456307
0.93	8.834216755e-08	0.003758803184
0.929	1.02510251e-07	0.00385048131
0.928	1.33346668e-07	0.003992165687
0.927	1.650165017e-07	0.004125515689
0.926	1.933526686e-07	0.004250531316
0.925	2.366903357e-07	0.004350543818
0.924	2.733606694e-07	0.00448389382
0.923	3.3336667e-07	0.004608909447
0.922	3.97539754e-07	0.004767262574
0.921	4.700470047e-07	0.004900612577
0.92	5.683901724e-07	0.005058965704
0.919	6.859019235e-07	0.005217318832
0.918	8.150815082e-07	0.005417343835
0.917	9.634296763e-07	0.005617368838
0.916	1.137613761e-06	0.005825728216
0.915	1.32596593e-06	0.006009084469
0.914	1.542654265e-06	0.006250781348
0.913	1.811847851e-06	0.006450806351
0.912	2.128546188e-06	0.006617493853
0.911	2.460246025e-06	0.006784181356
0.91	2.824449112e-06	0.006967537609
0.909	3.246991366e-06	0.007175896987
0.908	3.748708204e-06	0.007325915739
0.907	4.354602127e-06	0.007525940743
0.906	4.96049605e-06	0.007734300121
0.905	5.661399473e-06	0.007967662624
0.904	6.417308398e-06	0.008284368879
0.903	7.298229823e-06	0.008509397008
0.902	8.275827583e-06	0.008801100138
0.901	9.399273261e-06	0.009117806392
0.9	1.056522319e-05	0.009317831396
0.899	1.198869887e-05	0.009609534525
0.898	1.351551822e-05	0.009917906405
0.897	1.526736007e-05	0.01022627828
0.896	1.721838851e-05	0.01056798767
0.895	1.936276961e-05	0.01082635329
0.894	2.166299963e-05	0.01110138767
0.893	2.424825816e-05	0.01154310956
0.892	2.71043771e-05	0.01186815019
0.891	3.026135947e-05	0.01220152519
0.89	3.361336134e-05	0.01252656582
0.889	3.743791046e-05	0.0128682752
0.888	4.152498583e-05	0.01329332833
0.887	4.599126579e-05	0.01366837521
0.886	5.099593293e-05	0.01396841272
0.885	5.635396873e-05	0.01431845647
0.884	6.223872387e-05	0.01476017836
0.883	6.866019935e-05	0.01516022836
0.882	7.534253425e-05	0.01561028462
0.881	8.290912425e-05	0.01612701588
0.88	9.088492183e-05	0.01648539401
0.879	9.944327766e-05	0.01690211276
0.878	0.0001088842218	0.01743551277
0.877	0.000119053572	0.0178939034
0.876	0.0001299529953	0.01841896904
0.875	0.0001418275161	0.01895236905
0.874	0.0001544479448	0.01952744093
0.873	0.0001681118112	0.02001083469
0.872	0.0001827291062	0.0205108972
0.871	0.0001983406674	0.02098595658
0.87	0.0002151473481	0.02165270659
0.869	0.0002332274894	0.02216110347
0.868	0.0002524660799	0.02270283785
0.867	0.0002730839751	0.02328624411
0.866	0.000294983665	0.023861316
0.865	0.0003182776611	0.02441138476
0.864	0.0003433068307	0.02506146602
0.863	0.0003700903424	0.02552819102
0.862	0.0003983773377	0.02621160978
0.861	0.0004286153615	0.02685335667
0.86	0.0004605960596	0.02742842855
0.859	0.0004941810848	0.02798683169
0.858	0.0005299171584	0.02873692545
0.857	0.0005680009668	0.02931199733
0.856	0.0006085875254	0.02990373797
0.855	0.000651250125	0.03053715048
0.854	0.0006964971497	0.03107888486
0.853	0.0007441119112	0.03186231612
0.852	0.000794303597	0.03263741301
0.851	0.000847419742	0.0333458349
0.85	0.000902980298	0.03395424428
0.849	0.0009617745108	0.03463766304
0.848	0.001023312331	0.03552110681
0.847	0.00108863303	0.03632120682
0.846	0.001157145715	0.03719631621
0.845	0.001229305431	0.03807142559
0.844	0.001305424709	0.03892986623
0.843	0.001384756809	0.039879985
0.842	0.001468094309	0.04062174438
0.841	0.001555308031	0.04146351627
0.84	0.001646637997	0.04235529441
0.839	0.001742046705	0.04317206317
0.838	0.001842407574	0.04392215694
0.837	0.001947708104	0.0449722882
0.836	0.002057528253	0.04594741009
0.835	0.002172656432	0.04689752886
0.834	0.00229280428	0.04776430387
0.833	0.00241806764	0.04866441639
0.832	0.002548982398	0.0496312039
0.831	0.002685591893	0.05067300079
0.83	0.00282763443	0.05171479768
0.829	0.002975743408	0.0526482477
0.828	0.003129975498	0.05374005084
0.827	0.003290249858	0.05476517898
0.826	0.003457345735	0.05581531025
0.825	0.003630963096	0.05696545402
0.824	0.003811799513	0.05800725091
0.823	0.003999214088	0.05910738842
0.822	0.004194077741	0.06033254157
0.821	0.004397398073	0.06139934158
0.82	0.004607363236	0.0625661541
0.819	0.004825396706	0.06366629162
0.818	0.005051792679	0.06487477601
0.817	0.005286787845	0.06614160103
0.816	0.005530277194	0.0673917573
0.815	0.005782178218	0.06864191357
0.814	0.006043277661	0.06984206359
0.813	0.006313779711	0.07120890111
0.812	0.006593450178	0.07240905113
0.811	0.006881859853	0.07380922615
0.81	0.007181093109	0.0750677168
0.809	0.007490354869	0.07645955744
0.808	0.007808573357	0.07779305747
0.807	0.008139192253	0.07926824186
0.806	0.008479352102	0.08066008251
0.805	0.008830919759	0.08196857941
0.804	0.009194376104	0.08323540443
0.803	0.009567797613	0.08462724507
0.802	0.009953381171	0.08592740759
0.801	0.01035086092	0.08728591074
0.8	0.01076052272	0.08869442014
0.799	0.01118277578	0.09030295454
0.798	0.01161750842	0.09178647331
0.797	0.01206442728	0.09337833896
0.796	0.01252521169	0.09498687336
0.795	0.01299875988	0.09652873276
0.794	0.01348650782	0.09811226403
0.793	0.01398851218	0.09958744843
0.792	0.01450415875	0.1013043297
0.791	0.0150346443	0.1029378672
0.79	0.01557817115	0.1045880735
0.789	0.01613610444	0.1060549235
0.788	0.01671147031	0.1077301329
0.787	0.01730197686	0.1094803517
0.786	0.0179072899	0.1112389049
0.785	0.01852794696	0.1130474643
0.784	0.01916591159	0.1146476643
0.783	0.01981959613	0.1163312081
0.782	0.0204896473	0.1181564362
0.781	0.02117651849	0.1198983206
0.78	0.02188288412	0.1217235488
0.779	0.02260493549	0.1235404426
0.778	0.02334482615	0.1253740051
0.777	0.02410329366	0.1272992457
0.776	0.02487876871	0.1289244489
0.775	0.02567572424	0.1309997083
0.774	0.02648642448	0.1331166396
0.773	0.02731747425	0.1351502271
0.772	0.02816773261	0.136992124
0.771	0.02903477764	0.138792349
0.77	0.02992478164	0.1408259366
0.769	0.03083344334	0.1428595241
0.768	0.03176199953	0.1450014585
0.767	0.03271098693	0.1471183898
0.766	0.03368121395	0.1491853148
0.765	0.03467125796	0.1512939117
0.764	0.03568172901	0.1535108555
0.763	0.03671341884	0.1556944618
0.762	0.03776618912	0.1576197025
0.761	0.03884117828	0.1596116181
0.76	0.03993745541	0.16192024
0.759	0.041055028	0.1639704963
0.758	0.04219573124	0.166029087
0.757	0.04335985932	0.1682543651
0.756	0.04454528786	0.1705213152
0.755	0.04575175934	0.1727465933
0.754	0.04698305747	0.1749885402
0.753	0.04823779545	0.1772971621
0.752	0.04951580158	0.1793057466
0.751	0.05081807181	0.1816643747
0.75	0.05214334767	0.1839646622
0.749	0.05349146915	0.1862066092
0.748	0.05486385222	0.1884235529
0.747	0.05625895006	0.1908821936
0.746	0.05768164733	0.1933491686
0.745	0.05912529586	0.1957077968
0.744	0.06059645048	0.1982081093
0.743	0.06209017235	0.2008417719
0.742	0.0636100135	0.2030253782
0.741	0.06515491799	0.205442347
0.74	0.06672607844	0.2080260033
0.739	0.06832223806	0.2103596283
0.738	0.06994646798	0.2127515939
0.737	0.0715939544	0.2153102471
0.736	0.07326924609	0.2178772347
0.735	0.07496960529	0.2204858941
0.734	0.07669355602	0.2229612035
0.733	0.07844734723	0.2254948535
0.732	0.08022539504	0.2277618036
0.731	0.08202976964	0.2304871442
0.73	0.08386000433	0.2331874818
0.729	0.08571718505	0.2356877943
0.728	0.08760117012	0.2384881444
0.727	0.08950974097	0.2411968163
0.726	0.09144875738	0.2439554944
0.725	0.09341144114	0.2469975414
0.724	0.09540328116	0.2499645789
0.723	0.09742107377	0.2527232571
0.722	0.09946702254	0.255365254
0.721	0.1015353127	0.2583906322
0.72	0.1036327766	0.2613660041
0.719	0.105760021	0.2641663541
0.718	0.10791664	0.2672750761
0.717	0.110096713	0.2700337542
0.716	0.112302982	0.273184148
0.715	0.1145384705	0.2759844981
0.714	0.1167974197	0.2790682169
0.713	0.1190843501	0.2820852607
0.712	0.1214013826	0.285002292
0.711	0.1237451162	0.2882360295
0.71	0.1261160141	0.2912697421
0.709	0.1285137364	0.2943867983
0.708	0.1309409741	0.2971871484
0.707	0.1333928443	0.3002541984
0.706	0.1358720189	0.3033045797
0.705	0.1383789896	0.3062299454
0.704	0.1409113953	0.3092886611
0.703	0.1434710038	0.312264033
0.702	0.1460592534	0.3154644331
0.701	0.1486739824	0.3186731675
0.7	0.1513163416	0.3217152144
0.699	0.1539859953	0.3246572488
0.698	0.1566848952	0.3277576364
0.697	0.1594063423	0.3311413927
0.696	0.1621527778	0.3341751052
0.695	0.1649276711	0.3372921615
0.694	0.1677271994	0.3403258741
0.693	0.1705540679	0.3436096179
0.692	0.1734050805	0.3469266992
0.691	0.1762851618	0.3498353961
0.69	0.1791897806	0.3531691461
0.689	0.1821210388	0.3564195524
0.688	0.1850802472	0.359719965
0.687	0.1880634313	0.3631287244
0.686	0.191070087	0.3664374714
0.685	0.1941046471	0.3698795683
0.684	0.1971653415	0.3733049965
0.683	0.2002504625	0.3764887278
0.682	0.203359536	0.3798308122
0.681	0.2064948945	0.383314581
0.68	0.2096573616	0.3868400217
0.679	0.2128417275	0.3900070842
0.678	0.2160539837	0.3935075218
0.677	0.2192869979	0.3970246281
0.676	0.2225435685	0.4004833938
0.675	0.2258252317	0.4039504938
0.674	0.2291290954	0.407575947
0.673	0.2324577866	0.4108513564
0.672	0.2358058664	0.4143017877
0.671	0.239181619	0.4180605909
0.67	0.2425794829	0.4212943285
0.669	0.2460019552	0.4249781223
0.668	0.2494464205	0.4286452473
0.667	0.2529102019	0.4320540068
0.666	0.2564023802	0.4356711256
0.665	0.2599125271	0.4390048756
0.664	0.2634444753	0.4425636538
0.663	0.2669969505	0.4461474351
0.662	0.2705705229	0.4492728258
0.661	0.2741618762	0.4529316165
0.66	0.2777781912	0.4563987165
0.659	0.2814175634	0.4598991541
0.658	0.2850741507	0.4633995916
0.657	0.2887526461	0.4669750385
0.656	0.2924503342	0.4700754261
0.655	0.2961634763	0.4735758636
0.654	0.2998961946	0.4771679793
0.653	0.3036502217	0.4807517606
0.652	0.3074254084	0.4843688794
0.651	0.3112135022	0.487669292
0.65	0.3150249717	0.4912364046
0.649	0.3188516618	0.4948701921
0.648	0.3226944994	0.4982289453
0.647	0.3265541788	0.5019794141
0.646	0.3304315115	0.5053131641
0.645	0.3343314573	0.5089219486
0.644	0.3382424709	0.5128307705
0.643	0.3421689769	0.5164645581
0.642	0.3461121145	0.5202316956
0.641	0.3500707471	0.5238154769
0.64	0.3540459629	0.5273075801
0.639	0.3580342784	0.5304996458
0.638	0.3620383722	0.5340667583
0.637	0.3660572707	0.537725549
0.636	0.3700863578	0.5414010085
0.635	0.3741293113	0.5450431304
0.634	0.3781853719	0.5485102304
0.633	0.3822535137	0.5520440055
0.632	0.3863358586	0.5553944243
0.631	0.390428637	0.5591365587
0.63	0.3945349302	0.5626870025
0.629	0.3986494683	0.5665041464
0.628	0.4027728498	0.5702629495
0.627	0.4069062506	0.573871734
0.626	0.4110518785	0.5773138309
0.625	0.415205398	0.5809642872
0.624	0.4193743566	0.5845564029
0.623	0.4235459913	0.5882401967
0.622	0.4277313865	0.5917239655
0.621	0.4319165842	0.5954827687
0.62	0.4361119837	0.5991415594
0.619	0.4403142239	0.6027420094
0.618	0.4445260151	0.6060590907
0.617	0.4487453095	0.6094178439
0.616	0.4529684685	0.6126682502
0.615	0.457199995	0.6161103471
0.614	0.4614307881	0.6195191066
0.613	0.4656657699	0.6228278535
0.612	0.4699064815	0.6263532942
0.611	0.4741522402	0.6297953911
0.61	0.4784029645	0.6331291411
0.609	0.4826540037	0.6368546068
0.608	0.4869091693	0.6403633788
0.607	0.4911675084	0.6441138476
0.606	0.4954259143	0.6474142601
0.605	0.4996839584	0.6507646789
0.604	0.5039411658	0.6543317915
0.603	0.5082028478	0.657832229
0.602	0.5124624937	0.6612826603
0.601	0.5167212263	0.6646580823
0.6	0.5209799297	0.6676167854
0.599	0.5252375363	0.6707505105
0.598	0.5294937169	0.6742926199
0.597	0.5337481448	0.677292995
0.596	0.5379988657	0.6807100888
0.595	0.5422462588	0.6841438513
0.594	0.5464865328	0.687202567
0.593	0.5507238566	0.6903529608
0.592	0.5549575624	0.6937617202
0.591	0.5591842684	0.6970121265
0.59	0.5634077133	0.7001791891
0.589	0.5676228706	0.7033712547
0.588	0.5718346893	0.7062966204
0.587	0.5760391314	0.7097220486
0.586	0.5802376079	0.7130724674
0.585	0.5844231865	0.7163895487
0.584	0.588601471	0.7194649331
0.583	0.5927763885	0.7224653082
0.582	0.596941475	0.725815727
0.581	0.601096373	0.7286494145
0.58	0.6052392348	0.7315747802
0.579	0.6093723772	0.7345168146
0.578	0.6134994908	0.7376172022
0.577	0.6176115078	0.7404175522
0.576	0.621710031	0.7436262866
0.575	0.6257990457	0.7467433429
0.574	0.6298708604	0.749877068
0.573	0.6339327224	0.7527024211
0.572	0.6379846693	0.7557111306
0.571	0.6420205929	0.7585281494
0.57	0.6460429185	0.7614201775
0.569	0.650051516	0.7643955494
0.568	0.6540455521	0.7673959245
0.567	0.6580197361	0.7701962745
0.566	0.6619794404	0.773071634
0.565	0.665924655	0.7760553403
0.564	0.6698552522	0.778872359
0.563	0.6737656891	0.7816060341
0.562	0.6776576924	0.7844813935
0.561	0.6815345343	0.7875317748
0.56	0.6853921701	0.7903821311
0.559	0.6892317223	0.7930491311
0.558	0.6930508618	0.7957077968
0.557	0.6968523052	0.7983831312
0.556	0.7006370779	0.8013585031
0.555	0.7044027878	0.8040171688
0.554	0.7081459779	0.8066925032
0.553	0.7118669834	0.8091011376
0.552	0.7155680751	0.8117348002
0.551	0.7192493024	0.814485144
0.55	0.7229089367	0.817085469
0.549	0.7265443628	0.8194857691
0.548	0.7301580025	0.8217610535
0.547	0.7337527844	0.8242530316
0.546	0.7373208404	0.8268283535
0.545	0.7408699212	0.8293620036
0.544	0.7443964138	0.8316289536
0.543	0.747899725	0.8339542443
0.542	0.7513770944	0.8365045631
0.541	0.7548320799	0.8390215444
0.54	0.7582640756	0.8415885319
0.539	0.7616683577	0.8439638288
0.538	0.7650484982	0.8462474476
0.537	0.7684033612	0.848322707
0.536	0.7717339992	0.8504813102
0.535	0.775038783	0.8527399258
0.534	0.7783193828	0.855098554
0.533	0.7815722389	0.8572404884
0.532	0.7848008217	0.8594490978
0.531	0.788001546	0.8615576947
0.53	0.7911768619	0.8637829729
0.529	0.7943268652	0.8657998917
0.528	0.7974476648	0.8680251698
0.527	0.8005433452	0.8701087636
0.526	0.803611227	0.8721590199
0.525	0.8066514935	0.8739759137
0.524	0.809666505	0.8758761512
0.523	0.812654983	0.8779180731
0.522	0.8156152682	0.8802016919
0.521	0.8185450728	0.8821019294
0.52	0.8214457896	0.8842438638
0.519	0.8243193103	0.8861524357
0.518	0.827168266	0.8881526858
0.517	0.8299867753	0.8901612702
0.516	0.8327773869	0.8919114889
0.515	0.8355398215	0.8938533983
0.514	0.8382732207	0.8956536234
0.513	0.8409775319	0.8974621828
0.512	0.8436535462	0.8992207359
0.511	0.8463031511	0.9010292953
0.51	0.8489230015	0.9028378547
0.509	0.8515148532	0.9044963954
0.508	0.8540773052	0.9061966079
0.507	0.8566128596	0.9079884986
0.506	0.8591172542	0.9096137017
0.505	0.8615955029	0.911130558
0.504	0.8640439652	0.9126807518
0.503	0.8664613928	0.9142559487
0.502	0.8688541212	0.9156394549
0.501	0.8712176209	0.9171396425
0.5	0.8735533995	0.9186564987
0.499	0.8758596251	0.92024003
0.498	0.8781373271	0.9217152144
0.497	0.8803849852	0.9234070926
0.496	0.882607144	0.9248489395
0.495	0.8847999392	0.9261824395
0.494	0.8869628096	0.9275659457
0.493	0.8891006126	0.9289411176
0.492	0.8912106744	0.9305413177
0.491	0.893288343	0.9317831396
0.49	0.8953407149	0.9332416552
0.489	0.8973634388	0.9346084927
0.488	0.8993592793	0.9360753428
0.487	0.9013259193	0.9373421678
0.486	0.9032693669	0.9386506647
0.485	0.9051833708	0.9399174897
0.484	0.9070697086	0.9411176397
0.483	0.9089292454	0.9422844522
0.482	0.9107646956	0.9433179147
0.481	0.9125743249	0.9445263991
0.48	0.9143540137	0.9455098554
0.479	0.9161058748	0.9466016585
0.478	0.9178329533	0.9477351336
0.477	0.9195342768	0.9489852898
0.476	0.9212097035	0.9499354086
0.475	0.9228589759	0.950877193
0.474	0.9244831375	0.9518189774
0.473	0.9260825908	0.9528191024
0.472	0.9276551905	0.9536525399
0.471	0.9292035962	0.9547193399
0.47	0.9307266468	0.9557861399
0.469	0.9322242824	0.9568029337
0.468	0.9336993024	0.957719715
0.467	0.9351478956	0.9587115056
0.466	0.9365748892	0.9595616119
0.465	0.9379769477	0.9606450806
0.464	0.9393549705	0.9615618619
0.463	0.9407099285	0.9623452932
0.462	0.9420390056	0.9633287494
0.461	0.9433500725	0.9640538401
0.46	0.9446369779	0.9649039463
0.459	0.9459005501	0.9655206901
0.458	0.9471420025	0.9662541151
0.457	0.9483592518	0.9670208776
0.456	0.9495569832	0.9678126432
0.455	0.9507328658	0.9686127433
0.454	0.9518861519	0.9694045089
0.453	0.953018181	0.9702462808
0.452	0.9541295421	0.9708630245
0.451	0.9552206412	0.9714380964
0.45	0.9562915075	0.9720965121
0.449	0.9573415983	0.9729132808
0.448	0.9583718747	0.9734216777
0.447	0.9593831083	0.9741134308
0.446	0.9603733298	0.9746218277
0.445	0.9613455254	0.9754552652
0.444	0.9622982223	0.9760136684
0.443	0.9632316307	0.9765137309
0.442	0.9641451078	0.9770387965
0.441	0.9650431852	0.9776805434
0.44	0.9659226723	0.9783139559
0.439	0.9667838442	0.9788973622
0.438	0.9676285029	0.9794307622
0.437	0.9684540812	0.9799974997
0.436	0.9692636205	0.9805225653
0.435	0.9700558331	0.9810392966
0.434	0.9708301905	0.9814976872
0.433	0.9715892589	0.9819310747
0.432	0.97233333	0.9824394716
0.431	0.9730602777	0.982981206
0.43	0.9737727356	0.9833979247
0.429	0.9744681935	0.9839229904
0.428	0.9751488916	0.9843313748
0.427	0.9758151207	0.9847980998
0.426	0.9764673267	0.9853565029
0.425	0.9771039421	0.9857565529
0.424	0.9777257084	0.9861065967
0.423	0.978334551	0.9865649873
0.422	0.9789283428	0.9867983498
0.421	0.9795095893	0.9872817436
0.42	0.9800779461	0.9875567779
0.419	0.9806324874	0.9878401467
0.418	0.9811745925	0.9881735217
0.417	0.9817046846	0.9884818936
0.416	0.9822208446	0.9887819311
0.415	0.9827256634	0.9891153061
0.414	0.9832185894	0.9893986748
0.413	0.9836993308	0.9896487061
0.412	0.9841681551	0.9898987373
0.411	0.9846262768	0.9901320998
0.41	0.9850721756	0.9904821436
0.409	0.9855074891	0.9907321749
0.408	0.9859336617	0.9910322124
0.407	0.9863484465	0.991290578
0.406	0.986753062	0.9915739467
0.405	0.9871475139	0.991890653
0.404	0.9875323707	0.9920990124
0.403	0.987906984	0.9924073843
0.402	0.9882716463	0.9925990749
0.401	0.9886273161	0.9928407718
0.4	0.9889742924	0.9930824686
0.399	0.9893126063	0.9933408343
0.398	0.98964166	0.9935741968
0.397	0.9899623104	0.9937992249
0.396	0.9902739774	0.9939659124
0.395	0.9905773377	0.9941492687
0.394	0.9908723947	0.9942576155
0.393	0.9911591276	0.994424303
0.392	0.9914392289	0.994557653
0.391	0.9917117937	0.9947493437
0.39	0.9919766418	0.9949910405
0.389	0.9922350235	0.9951493937
0.388	0.9924855377	0.9952410718
0.387	0.9927298988	0.9953827562
0.386	0.9929668075	0.9954827687
0.385	0.9931971889	0.9956327874
0.384	0.9934207279	0.9957911406
0.383	0.9936380188	0.9958994874
0.382	0.993849945	0.9960578406
0.381	0.9940559689	0.9962328624
0.38	0.9942555714	0.9963412093
0.379	0.9944482715	0.9964245531
0.378	0.9946353469	0.9964995624
0.377	0.9948178851	0.9966162437
0.376	0.9949952362	0.9967329249
0.375	0.9951673876	0.9968579406
0.374	0.9953340059	0.9969496187
0.373	0.9954961705	0.9970579656
0.372	0.9956533612	0.9971496437
0.371	0.9958055822	0.9972413218
0.37	0.9959526086	0.9973580031
0.369	0.9960959821	0.9973913406
0.368	0.996234686	0.9974830187
0.367	0.9963687927	0.9975913656
0.366	0.9964993616	0.9976913781
0.365	0.9966258101	0.9977413843
0.364	0.996748084	0.9978497312
0.363	0.9968664466	0.9979247406
0.362	0.9969806939	0.9979830812
0.361	0.9970919759	0.9980830937
0.36	0.9971987982	0.9981497687
0.359	0.9973021019	0.9982164437
0.358	0.9974026128	0.9982747843
0.357	0.9974997291	0.9983497937
0.356	0.9975932952	0.9983914656
0.355	0.9976841793	0.99853315
0.354	0.9977721739	0.9986248281
0.353	0.9978572266	0.9986831687
0.352	0.9979395806	0.9986998375
0.351	0.9980193744	0.9987665125
0.35	0.9980958446	0.99879985
0.349	0.9981703062	0.9988248531
0.348	0.998241685	0.9988831937
0.347	0.9983110494	0.9989248656
0.346	0.9983781895	0.9989748719
0.345	0.9984426768	0.9990248781
0.344	0.9985051597	0.9990582156
0.343	0.9985655091	0.9991165562
0.342	0.9986235224	0.9991498937
0.341	0.9986793463	0.9992165687
0.34	0.9987334617	0.9992415719
0.339	0.9987856136	0.9992749094
0.338	0.9988358494	0.9992832437
0.337	0.9988836434	0.9993165812
0.336	0.9989301172	0.9993249156
0.335	0.9989751158	0.9993415844
0.334	0.9990184218	0.9993749219
0.333	0.9990599402	0.9994165937
0.332	0.9990998125	0.9994582656
0.331	0.9991380096	0.9994916031
0.33	0.9991750483	0.999533275
0.329	0.9992107652	0.9995416094
0.328	0.9992449945	0.9995499437
0.327	0.999278052	0.9995582781
0.326	0.9993099268	0.9995832812
0.325	0.9993404332	0.9995916156
0.324	0.9993696645	0.99959995
0.323	0.9993974897	0.9996249531
0.322	0.9994244149	0.9996249531
0.321	0.9994502825	0.9996332875
0.32	0.9994750083	0.999666625
0.319	0.9994988641	0.9996832937
0.318	0.999521998	0.9996832937
0.317	0.9995439711	0.9996916281
0.316	0.999565184	0.9996999625
0.315	0.9995852569	0.9996999625
0.314	0.9996046296	0.9996999625
0.313	0.9996231173	0.9997166312
0.312	0.9996407649	0.9997249656
0.311	0.9996576691	0.9997333
0.31	0.9996738807	0.9997666375
0.309	0.9996893814	0.9997749719
0.308	0.9997042288	0.9997833062
0.307	0.999718456	0.9997916406
0.306	0.9997319815	0.9997916406
0.305	0.999745002	0.9997916406
0.304	0.9997573291	0.999799975
0.303	0.9997691911	0.9998083094
0.302	0.9997806431	0.9998333125
0.301	0.9997914316	0.9998583156
0.3	0.9998017118	0.9998583156
0.299	0.9998116712	0.9998583156
0.298	0.9998210046	0.9998583156
0.297	0.9998299388	0.9998749844
0.296	0.9998385272	0.9998749844
0.295	0.9998467938	0.9998749844
0.294	0.999854538	0.9998833187
0.293	0.9998620054	0.9998916531
0.292	0.9998690719	0.9998916531
0.291	0.9998759726	0.9998916531
0.29	0.9998824249	0.9998999875
0.289	0.999888683	0.9998999875
0.288	0.9998945403	0.9999083219
0.287	0.99990007	0.9999083219
0.286	0.9999053189	0.9999083219
0.285	0.9999103794	0.9999249906
0.284	0.9999150757	0.999933325
0.283	0.999919687	0.999933325
0.282	0.9999240899	0.9999416594
0.281	0.9999281586	0.9999416594
0.28	0.9999320332	0.9999416594
0.279	0.9999356652	0.9999583281
0.278	0.9999393006	0.9999583281
0.277	0.9999426734	0.9999583281
0.276	0.9999459438	0.9999666625
0.275	0.9999489799	0.9999666625
0.274	0.9999518677	0.9999666625
0.273	0.9999545846	0.9999749969
0.272	0.9999572182	0.9999749969
0.271	0.9999596701	0.9999749969
0.27	0.9999619679	0.9999749969
0.269	0.9999641289	0.9999749969
0.268	0.9999662566	0.9999749969
0.267	0.999968221	0.9999833312
0.266	0.999970102	0.9999833312
0.265	0.9999718697	0.9999833312
0.264	0.9999735724	0.9999833312
0.263	0.9999751575	0.9999833312
0.262	0.9999766368	0.9999833312
0.261	0.9999780528	0.9999833312
0.26	0.9999793529	0.9999833312
0.259	0.9999806039	0.9999833312
0.258	0.9999818265	0.9999833312
0.257	0.9999829183	0.9999833312
0.256	0.9999840176	0.9999833312
0.255	0.9999850277	0.9999833312
0.254	0.9999859953	0.9999916656
0.253	0.9999868937	0.9999916656
0.252	0.9999877396	0.9999916656
0.251	0.9999885389	0.9999916656
0.25	0.9999893223	0.9999916656
0.249	0.9999900298	0.9999916656
0.248	0.9999907091	0.9999916656
0.247	0.9999913358	0.9999916656
0.246	0.9999919067	0.9999916656
0.245	0.9999924517	0.9999916656
0.244	0.9999929493	0.9999916656
0.243	0.9999934177	0.9999916656
0.242	0.9999938652	0.9999916656
0.241	0.9999942903	0.9999916656
0.24	0.9999946586	0.9999916656
0.239	0.9999950503	1
0.238	0.9999953895	1
0.237	0.9999957396	1
0.236	0.9999960438	1
0.235	0.9999963221	1
0.234	0.9999966097	1
0.233	0.9999968747	1
0.232	0.999997113	1
0.231	0.9999973281	1
0.23	0.9999975431	1
0.229	0.9999977548	1
0.228	0.9999979223	1
0.227	0.9999980906	1
0.226	0.9999982473	1
0.225	0.999998374	1
0.224	0.9999985057	1
0.223	0.9999986357	1
0.222	0.999998744	1
0.221	0.9999988466	1
0.22	0.9999989441	1
0.219	0.9999990341	1
0.218	0.9999991091	1
0.217	0.9999991916	1
0.216	0.9999992624	1
0.215	0.9999993341	1
0.214	0.9999993774	1
0.213	0.9999994316	1
0.212	0.9999994783	1
0.211	0.9999995391	1
0.21	0.9999995808	1
0.209	0.9999996116	1
0.208	0.9999996516	1
0.207	0.9999996841	1
0.206	0.9999997125	1
0.205	0.9999997416	1
0.204	0.9999997658	1
0.203	0.9999997883	1
0.202	0.9999998033	1
0.201	0.9999998225	1
0.2	0.9999998392	1
0.199	0.9999998492	1
0.198	0.9999998633	1
0.197	0.9999998775	1
0.196	0.9999998892	1
0.195	0.9999998975	1
0.194	0.9999999083	1
0.193	0.9999999208	1
0.192	0.9999999267	1
0.191	0.9999999325	1
0.19	0.99999994	1
0.189	0.99999995	1
0.188	0.9999999533	1
0.187	0.9999999583	1
0.186	0.9999999617	1
0.185	0.9999999633	1
0.184	0.9999999717	1
0.183	0.9999999742	1
0.182	0.999999975	1
0.181	0.9999999775	1
0.18	0.9999999792	1
0.179	0.9999999825	1
0.178	0.9999999825	1
0.177	0.999999985	1
0.176	0.9999999875	1
0.175	0.9999999883	1
0.174	0.9999999892	1
0.173	0.9999999892	1
0.172	0.9999999892	1
0.171	0.99999999	1
0.17	0.9999999925	1
0.169	0.9999999942	1
0.168	0.9999999958	1
0.167	0.9999999967	1
0.166	0.9999999967	1
0.165	0.9999999975	1
0.164	0.9999999975	1
0.163	0.9999999983	1
0.162	0.9999999983	1
0.161	0.9999999983	1
0.16	0.9999999992	1
0.159	0.9999999992	1
0.158	0.9999999992	1
0.157	0.9999999992	1
0.156	0.9999999992	1
0.155	0.9999999992	1
0.154	0.9999999992	1
0.153	0.9999999992	1
0.152	1	1
0.151	1	1
0.15	1	1
0.149	1	1
0.148	1	1
0.147	1	1
0.146	1	1
0.145	1	1
0.144	1	1
0.143	1	1
0.142	1	1
0.141	1	1
0.14	1	1
0.139	1	1
0.138	1	1
0.137	1	1
0.136	1	1
0.135	1	1
0.134	1	1
0.133	1	1
0.132	1	1
0.131	1	1
0.13	1	1
0.129	1	1
0.128	1	1
0.127	1	1
0.126	1	1
0.125	1	1
0.124	1	1
0.123	1	1
0.122	1	1
0.121	1	1
0.12	1	1
0.119	1	1
0.118	1	1
0.117	1	1
0.116	1	1
0.115	1	1
0.114	1	1
0.113	1	1
0.112	1	1
0.111	1	1
0.11	1	1
0.109	1	1
0.108	1	1
0.107	1	1
0.106	1	1
0.105	1	1
0.104	1	1
0.103	1	1
0.102	1	1
0.101	1	1
0.1	1	1
0.099	1	1
0.098	1	1
0.097	1	1
0.096	1	1
0.095	1	1
0.094	1	1
0.093	1	1
0.092	1	1
0.091	1	1
0.09	1	1
0.089	1	1
0.088	1	1
0.087	1	1
0.086	1	1
0.085	1	1
0.084	1	1
0.083	1	1
0.082	1	1
0.081	1	1
0.08	1	1
0.079	1	1
0.078	1	1
0.077	1	1
0.076	1	1
0.075	1	1
0.074	1	1
0.073	1	1
0.072	1	1
0.071	1	1
0.07	1	1
0.069	1	1
0.068	1	1
0.067	1	1
0.066	1	1
0.065	1	1
0.064	1	1
0.063	1	1
0.062	1	1
0.061	1	1
0.06	1	1
0.059	1	1
0.058	1	1
0.057	1	1
0.056	1	1
0.055	1	1
0.054	1	1
0.053	1	1
0.052	1	1
0.051	1	1
0.05	1	1
0.049	1	1
0.048	1	1
0.047	1	1
0.046	1	1
0.045	1	1
0.044	1	1
0.043	1	1
0.042	1	1
0.041	1	1
0.04	1	1
0.039	1	1
0.038	1	1
0.037	1	1
0.036	1	1
0.035	1	1
0.034	1	1
0.033	1	1
0.032	1	1
0.031	1	1
0.03	1	1
0.029	1	1
0.028	1	1
0.027	1	1
0.026	1	1
0.025	1	1
0.024	1	1
0.023	1	1
0.022	1	1
0.021	1	1
0.02	1	1
0.019	1	1
0.018	1	1
0.017	1	1
0.016	1	1
0.015	1	1
0.014	1	1
0.013	1	1
0.012	1	1
0.011	1	1
0.01	1	1
0.009	1	1
0.008	1	1
0.007	1	1
0.006	1	1
0.005	1	1
0.004	1	1
0.003	1	1
0.002	1	1
0.001	1	1
0	1	1
-0.001	1	1
-0.002	1	1
-0.003	1	1
-0.004	1	1
-0.005	1	1
-0.006	1	1
-0.007	1	1
-0.008	1	1
-0.009	1	1
-0.01	1	1
-0.011	1	1
-0.012	1	1
-0.013	1	1
-0.014	1	1
-0.015	1	1
-0.016	1	1
-0.017	1	1
-0.018	1	1
-0.019	1	1
-0.02	1	1
-0.021	1	1
-0.022	1	1
-0.023	1	1
-0.024	1	1
-0.025	1	1
-0.026	1	1
-0.027	1	1
-0.028	1	1
-0.029	1	1
-0.03	1	1
-0.031	1	1
-0.032	1	1
-0.033	1	1
-0.034	1	1
-0.035	1	1
-0.036	1	1
-0.037	1	1
-0.038	1	1
-0.039	1	1
-0.04	1	1
-0.041	1	1
-0.042	1	1
-0.043	1	1
-0.044	1	1
-0.045	1	1
-0.046	1	1
-0.047	1	1
-0.048	1	1
-0.049	1	1
-0.05	1	1
-0.051	1	1
-0.052	1	1
-0.053	1	1
-0.054	1	1
-0.055	1	1
-0.056	1	1
-0.057	1	1
-0.058	1	1
-0.059	1	1
-0.06	1	1
-0.061	1	1
-0.062	1	1
-0.063	1	1
-0.064	1	1
-0.065	1	1
-0.066	1	1
-0.067	1	1
-0.068	1	1
-0.069	1	1
-0.07	1	1
-0.071	1	1
-0.072	1	1
-0.073	1	1
-0.074	1	1
-0.075	1	1
-0.076	1	1
-0.077	1	1
-0.078	1	1
-0.079	1	1
-0.08	1	1
-0.081	1	1
-0.082	1	1
-0.083	1	1
-0.084	1	1
-0.085	1	1
-0.086	1	1
-0.087	1	1
-0.088	1	1
-0.089	1	1
-0.09	1	1
-0.091	1	1
-0.092	1	1
-0.093	1	1
-0.094	1	1
-0.095	1	1
-0.096	1	1
-0.097	1	1
-0.098	1	1
-0.099	1	1
-0.1	1	1
-0.101	1	1
-0.102	1	1
-0.103	1	1
-0.104	1	1
-0.105	1	1
-0.106	1	1
-0.107	1	1
-0.108	1	1
-0.109	1	1
-0.11	1	1
-0.111	1	1
-0.112	1	1
-0.113	1	1
-0.114	1	1
-0.115	1	1
-0.116	1	1
-0.117	1	1
-0.118	1	1
-0.119	1	1
-0.12	1	1
-0.121	1	1
-0.122	1	1
-0.123	1	1
-0.124	1	1
-0.125	1	1
-0.126	1	1
-0.127	1	1
-0.128	1	1
-0.129	1	1
-0.13	1	1
-0.131	1	1
-0.132	1	1
-0.133	1	1
-0.134	1	1
-0.135	1	1
-0.136	1	1
-0.137	1	1
-0.138	1	1
-0.139	1	1
-0.14	1	1
-0.141	1	1
-0.142	1	1
-0.143	1	1
-0.144	1	1
-0.145	1	1
-0.146	1	1
-0.147	1	1
-0.148	1	1
-0.149	1	1
-0.15	1	1
-0.151	1	1
-0.152	1	1
-0.153	1	1
-0.154	1	1
-0.155	1	1
-0.156	1	1
-0.157	1	1
-0.158	1	1
-0.159	1	1
-0.16	1	1
-0.161	1	1
-0.162	1	1
-0.163	1	1
-0.164	1	1
-0.165	1	1
-0.166	1	1
-0.167	1	1
-0.168	1	1
-0.169	1	1
-0.17	1	1
-0.171	1	1
-0.172	1	1
-0.173	1	1
-0.174	1	1
-0.175	1	1
-0.176	1	1
-0.177	1	1
-0.178	1	1
-0.179	1	1
-0.18	1	1
-0.181	1	1
-0.182	1	1
-0.183	1	1
-0.184	1	1
-0.185	1	1
-0.186	1	1
-0.187	1	1
-0.188	1	1
-0.189	1	1
-0.19	1	1
-0.191	1	1
-0.192	1	1
-0.193	1	1
-0.194	1	1
-0.195	1	1
-0.196	1	1
-0.197	1	1
-0.198	1	1
-0.199	1	1
-0.2	1	1
-0.201	1	1
-0.202	1	1
-0.203	1	1
-0.204	1	1
-0.205	1	1
-0.206	1	1
-0.207	1	1
-0.208	1	1
-0.209	1	1
-0.21	1	1
-0.211	1	1
-0.212	1	1
-0.213	1	1
-0.214	1	1
-0.215	1	1
-0.216	1	1
-0.217	1	1
-0.218	1	1
-0.219	1	1
-0.22	1	1
-0.221	1	1
-0.222	1	1
-0.223	1	1
-0.224	1	1
-0.225	1	1
-0.226	1	1
-0.227	1	1
-0.228	1	1
-0.229	1	1
-0.23	1	1
-0.231	1	1
-0.232	1	1
-0.233	1	1
-0.234	1	1
-0.235	1	1
-0.236	1	1
-0.237	1	1
-0.238	1	1
-0.239	1	1
-0.24	1	1
-0.241	1	1
-0.242	1	1
-0.243	1	1
-0.244	1	1
-0.245	1	1
-0.246	1	1
-0.247	1	1
-0.248	1	1
-0.249	1	1
-0.25	1	1
-0.251	1	1
-0.252	1	1
-0.253	1	1
-0.254	1	1
-0.255	1	1
-0.256	1	1
-0.257	1	1
-0.258	1	1
-0.259	1	1
-0.26	1	1
-0.261	1	1
-0.262	1	1
-0.263	1	1
-0.264	1	1
-0.265	1	1
-0.266	1	1
-0.267	1	1
-0.268	1	1
-0.269	1	1
-0.27	1	1
-0.271	1	1
-0.272	1	1
-0.273	1	1
-0.274	1	1
-0.275	1	1
-0.276	1	1
-0.277	1	1
-0.278	1	1
-0.279	1	1
-0.28	1	1
-0.281	1	1
-0.282	1	1
-0.283	1	1
-0.284	1	1
-0.285	1	1
-0.286	1	1
-0.287	1	1
-0.288	1	1
-0.289	1	1
-0.29	1	1
-0.291	1	1
-0.292	1	1
-0.293	1	1
-0.294	1	1
-0.295	1	1
-0.296	1	1
-0.297	1	1
-0.298	1	1
-0.299	1	1
-0.3	1	1
-0.301	1	1
-0.302	1	1
-0.303	1	1
-0.304	1	1
-0.305	1	1
-0.306	1	1
-0.307	1	1
-0.308	1	1
-0.309	1	1
-0.31	1	1
-0.311	1	1
-0.312	1	1
-0.313	1	1
-0.314	1	1
-0.315	1	1
-0.316	1	1
-0.317	1	1
-0.318	1	1
-0.319	1	1
-0.32	1	1
-0.321	1	1
-0.322	1	1
-0.323	1	1
-0.324	1	1
-0.325	1	1
-0.326	1	1
-0.327	1	1
-0.328	1	1
-0.329	1	1
-0.33	1	1
-0.331	1	1
-0.332	1	1
-0.333	1	1
-0.334	1	1
-0.335	1	1
-0.336	1	1
-0.337	1	1
-0.338	1	1
-0.339	1	1
-0.34	1	1
-0.341	1	1
-0.342	1	1
-0.343	1	1
-0.344	1	1
-0.345	1	1
-0.346	1	1
-0.347	1	1
-0.348	1	1
-0.349	1	1
-0.35	1	1
-0.351	1	1
-0.352	1	1
-0.353	1	1
-0.354	1	1
-0.355	1	1
-0.356	1	1
-0.357	1	1
-0.358	1	1
-0.359	1	1
-0.36	1	1
-0.361	1	1
-0.362	1	1
-0.363	1	1
-0.364	1	1
-0.365	1	1
-0.366	1	1
-0.367	1	1
-0.368	1	1
-0.369	1	1
-0.37	1	1
-0.371	1	1
-0.372	1	1
-0.373	1	1
-0.374	1	1
-0.375	1	1
-0.376	1	1
-0.377	1	1
-0.378	1	1
-0.379	1	1
-0.38	1	1
-0.381	1	1
-0.382	1	1
-0.383	1	1
-0.384	1	1
-0.385	1	1
-0.386	1	1
-0.387	1	1
-0.388	1	1
-0.389	1	1
-0.39	1	1
-0.391	1	1
-0.392	1	1
-0.393	1	1
-0.394	1	1
-0.395	1	1
-0.396	1	1
-0.397	1	1
-0.398	1	1
-0.399	1	1
-0.4	1	1
-0.401	1	1
-0.402	1	1
-0.403	1	1
-0.404	1	1
-0.405	1	1
-0.406	1	1
-0.407	1	1
-0.408	1	1
-0.409	1	1
-0.41	1	1
-0.411	1	1
-0.412	1	1
-0.413	1	1
-0.414	1	1
-0.415	1	1
-0.416	1	1
-0.417	1	1
-0.418	1	1
-0.419	1	1
-0.42	1	1
-0.421	1	1
-0.422	1	1
-0.423	1	1
-0.424	1	1
-0.425	1	1
-0.426	1	1
-0.427	1	1
-0.428	1	1
-0.429	1	1
-0.43	1	1
-0.431	1	1
-0.432	1	1
-0.433	1	1
-0.434	1	1
-0.435	1	1
-0.436	1	1
-0.437	1	1
-0.438	1	1
-0.439	1	1
-0.44	1	1
-0.441	1	1
-0.442	1	1
-0.443	1	1
-0.444	1	1
-0.445	1	1
-0.446	1	1
-0.447	1	1
-0.448	1	1
-0.449	1	1
-0.45	1	1
-0.451	1	1
-0.452	1	1
-0.453	1	1
-0.454	1	1
-0.455	1	1
-0.456	1	1
-0.457	1	1
-0.458	1	1
-0.459	1	1
-0.46	1	1
-0.461	1	1
-0.462	1	1
-0.463	1	1
-0.464	1	1
-0.465	1	1
-0.466	1	1
-0.467	1	1
-0.468	1	1
-0.469	1	1
-0.47	1	1
-0.471	1	1
-0.472	1	1
-0.473	1	1
-0.474	1	1
-0.475	1	1
-0.476	1	1
-0.477	1	1
-0.478	1	1
-0.479	1	1
-0.48	1	1
-0.481	1	1
-0.482	1	1
-0.483	1	1
-0.484	1	1
-0.485	1	1
-0.486	1	1
-0.487	1	1
-0.488	1	1
-0.489	1	1
-0.49	1	1
-0.491	1	1
-0.492	1	1
-0.493	1	1
-0.494	1	1
-0.495	1	1
-0.496	1	1
-0.497	1	1
-0.498	1	1
-0.499	1	1
-0.5	1	1
-0.501	1	1
-0.502	1	1
-0.503	1	1
-0.504	1	1
-0.505	1	1
-0.506	1	1
-0.507	1	1
-0.508	1	1
-0.509	1	1
-0.51	1	1
-0.511	1	1
-0.512	1	1
-0.513	1	1
-0.514	1	1
-0.515	1	1
-0.516	1	1
-0.517	1	1
-0.518	1	1
-0.519	1	1
-0.52	1	1
-0.521	1	1
-0.522	1	1
-0.523	1	1
-0.524	1	1
-0.525	1	1
-0.526	1	1
-0.527	1	1
-0.528	1	1
-0.529	1	1
-0.53	1	1
-0.531	1	1
-0.532	1	1
-0.533	1	1
-0.534	1	1
-0.535	1	1
-0.536	1	1
-0.537	1	1
-0.538	1	1
-0.539	1	1
-0.54	1	1
-0.541	1	1
-0.542	1	1
-0.543	1	1
-0.544	1	1
-0.545	1	1
-0.546	1	1
-0.547	1	1
-0.548	1	1
-0.549	1	1
-0.55	1	1
-0.551	1	1
-0.552	1	1
-0.553	1	1
-0.554	1	1
-0.555	1	1
-0.556	1	1
-0.557	1	1
-0.558	1	1
-0.559	1	1
-0.56	1	1
-0.561	1	1
-0.562	1	1
-0.563	1	1
-0.564	1	1
-0.565	1	1
-0.566	1	1
-0.567	1	1
-0.568	1	1
-0.569	1	1
-0.57	1	1
-0.571	1	1
-0.572	1	1
-0.573	1	1
-0.574	1	1
-0.575	1	1
-0.576	1	1
-0.577	1	1
-0.578	1	1
-0.579	1	1
-0.58	1	1
-0.581	1	1
-0.582	1	1
-0.583	1	1
-0.584	1	1
-0.585	1	1
-0.586	1	1
-0.587	1	1
-0.588	1	1
-0.589	1	1
-0.59	1	1
-0.591	1	1
-0.592	1	1
-0.593	1	1
-0.594	1	1
-0.595	1	1
-0.596	1	1
-0.597	1	1
-0.598	1	1
-0.599	1	1
-0.6	1	1
-0.601	1	1
-0.602	1	1
-0.603	1	1
-0.604	1	1
-0.605	1	1
-0.606	1	1
-0.607	1	1
-0.608	1	1
-0.609	1	1
-0.61	1	1
-0.611	1	1
-0.612	1	1
-0.613	1	1
-0.614	1	1
-0.615	1	1
-0.616	1	1
-0.617	1	1
-0.618	1	1
-0.619	1	1
-0.62	1	1
-0.621	1	1
-0.622	1	1
-0.623	1	1
-0.624	1	1
-0.625	1	1
-0.626	1	1
-0.627	1	1
-0.628	1	1
-0.629	1	1
-0.63	1	1
-0.631	1	1
-0.632	1	1
-0.633	1	1
-0.634	1	1
-0.635	1	1
-0.636	1	1
-0.637	1	1
-0.638	1	1
-0.639	1	1
-0.64	1	1
-0.641	1	1
-0.642	1	1
-0.643	1	1
-0.644	1	1
-0.645	1	1
-0.646	1	1
-0.647	1	1
-0.648	1	1
-0.649	1	1
-0.65	1	1
-0.651	1	1
-0.652	1	1
-0.653	1	1
-0.654	1	1
-0.655	1	1
-0.656	1	1
-0.657	1	1
-0.658	1	1
-0.659	1	1
-0.66	1	1
-0.661	1	1
-0.662	1	1
-0.663	1	1
-0.664	1	1
-0.665	1	1
-0.666	1	1
-0.667	1	1
-0.668	1	1
-0.669	1	1
-0.67	1	1
-0.671	1	1
-0.672	1	1
-0.673	1	1
-0.674	1	1
-0.675	1	1
-0.676	1	1
-0.677	1	1
-0.678	1	1
-0.679	1	1
-0.68	1	1
-0.681	1	1
-0.682	1	1
-0.683	1	1
-0.684	1	1
-0.685	1	1
-0.686	1	1
-0.687	1	1
-0.688	1	1
-0.689	1	1
-0.69	1	1
-0.691	1	1
-0.692	1	1
-0.693	1	1
-0.694	1	1
-0.695	1	1
-0.696	1	1
-0.697	1	1
-0.698	1	1
-0.699	1	1
-0.7	1	1
-0.701	1	1
-0.702	1	1
-0.703	1	1
-0.704	1	1
-0.705	1	1
-0.706	1	1
-0.707	1	1
-0.708	1	1
-0.709	1	1
-0.71	1	1
-0.711	1	1
-0.712	1	1
-0.713	1	1
-0.714	1	1
-0.715	1	1
-0.716	1	1
-0.717	1	1
-0.718	1	1
-0.719	1	1
-0.72	1	1
-0.721	1	1
-0.722	1	1
-0.723	1	1
-0.724	1	1
-0.725	1	1
-0.726	1	1
-0.727	1	1
-0.728	1	1
-0.729	1	1
-0.73	1	1
-0.731	1	1
-0.732	1	1
-0.733	1	1
-0.734	1	1
-0.735	1	1
-0.736	1	1
-0.737	1	1
-0.738	1	1
-0.739	1	1
-0.74	1	1
-0.741	1	1
-0.742	1	1
-0.743	1	1
-0.744	1	1
-0.745	1	1
-0.746	1	1
-0.747	1	1
-0.748	1	1
-0.749	1	1
-0.75	1	1
-0.751	1	1
-0.752	1	1
-0.753	1	1
-0.754	1	1
-0.755	1	1
-0.756	1	1
-0.757	1	1
-0.758	1	1
-0.759	1	1
-0.76	1	1
-0.761	1	1
-0.762	1	1
-0.763	1	1
-0.764	1	1
-0.765	1	1
-0.766	1	1
-0.767	1	1
-0.768	1	1
-0.769	1	1
-0.77	1	1
-0.771	1	1
-0.772	1	1
-0.773	1	1
-0.774	1	1
-0.775	1	1
-0.776	1	1
-0.777	1	1
-0.778	1	1
-0.779	1	1
-0.78	1	1
-0.781	1	1
-0.782	1	1
-0.783	1	1
-0.784	1	1
-0.785	1	1
-0.786	1	1
-0.787	1	1
-0.788	1	1
-0.789	1	1
-0.79	1	1
-0.791	1	1
-0.792	1	1
-0.793	1	1
-0.794	1	1
-0.795	1	1
-0.796	1	1
-0.797	1	1
-0.798	1	1
-0.799	1	1
-0.8	1	1
-0.801	1	1
-0.802	1	1
-0.803	1	1
-0.804	1	1
-0.805	1	1
-0.806	1	1
-0.807	1	1
-0.808	1	1
-0.809	1	1
-0.81	1	1
-0.811	1	1
-0.812	1	1
-0.813	1	1
-0.814	1	1
-0.815	1	1
-0.816	1	1
-0.817	1	1
-0.818	1	1
-0.819	1	1
-0.82	1	1
-0.821	1	1
-0.822	1	1
-0.823	1	1
-0.824	1	1
-0.825	1	1
-0.826	1	1
-0.827	1	1
-0.828	1	1
-0.829	1	1
-0.83	1	1
-0.831	1	1
-0.832	1	1
-0.833	1	1
-0.834	1	1
-0.835	1	1
-0.836	1	1
-0.837	1	1
-0.838	1	1
-0.839	1	1
-0.84	1	1
-0.841	1	1
-0.842	1	1
-0.843	1	1
-0.844	1	1
-0.845	1	1
-0.846	1	1
-0.847	1	1
-0.848	1	1
-0.849	1	1
-0.85	1	1
-0.851	1	1
-0.852	1	1
-0.853	1	1
-0.854	1	1
-0.855	1	1
-0.856	1	1
-0.857	1	1
-0.858	1	1
-0.859	1	1
-0.86	1	1
-0.861	1	1
-0.862	1	1
-0.863	1	1
-0.864	1	1
-0.865	1	1
-0.866	1	1
-0.867	1	1
-0.868	1	1
-0.869	1	1
-0.87	1	1
-0.871	1	1
-0.872	1	1
-0.873	1	1
-0.874	1	1
-0.875	1	1
-0.876	1	1
-0.877	1	1
-0.878	1	1
-0.879	1	1
-0.88	1	1
-0.881	1	1
-0.882	1	1
-0.883	1	1
-0.884	1	1
-0.885	1	1
-0.886	1	1
-0.887	1	1
-0.888	1	1
-0.889	1	1
-0.89	1	1
-0.891	1	1
-0.892	1	1
-0.893	1	1
-0.894	1	1
-0.895	1	1
-0.896	1	1
-0.897	1	1
-0.898	1	1
-0.899	1	1
-0.9	1	1
-0.901	1	1
-0.902	1	1
-0.903	1	1
-0.904	1	1
-0.905	1	1
-0.906	1	1
-0.907	1	1
-0.908	1	1
-0.909	1	1
-0.91	1	1
-0.911	1	1
-0.912	1	1
-0.913	1	1
-0.914	1	1
-0.915	1	1
-0.916	1	1
-0.917	1	1
-0.918	1	1
-0.919	1	1
-0.92	1	1
-0.921	1	1
-0.922	1	1
-0.923	1	1
-0.924	1	1
-0.925	1	1
-0.926	1	1
-0.927	1	1
-0.928	1	1
-0.929	1	1
-0.93	1	1
-0.931	1	1
-0.932	1	1
-0.933	1	1
-0.934	1	1
-0.935	1	1
-0.936	1	1
-0.937	1	1
-0.938	1	1
-0.939	1	1
-0.94	1	1
-0.941	1	1
-0.942	1	1
-0.943	1	1
-0.944	1	1
-0.945	1	1
-0.946	1	1
-0.947	1	1
-0.948	1	1
-0.949	1	1
-0.95	1	1
-0.951	1	1
-0.952	1	1
-0.953	1	1
-0.954	1	1
-0.955	1	1
-0.956	1	1
-0.957	1	1
-0.958	1	1
-0.959	1	1
-0.96	1	1
-0.961	1	1
-0.962	1	1
-0.963	1	1
-0.964	1	1
-0.965	1	1
-0.966	1	1
-0.967	1	1
-0.968	1	1
-0.969	1	1
-0.97	1	1
-0.971	1	1
-0.972	1	1
-0.973	1	1
-0.974	1	1
-0.975	1	1
-0.976	1	1
-0.977	1	1
-0.978	1	1
-0.979	1	1
-0.98	1	1
-0.981	1	1
-0.982	1	1
-0.983	1	1
-0.984	1	1
-0.985	1	1
-0.986	1	1
-0.987	1	1
-0.988	1	1
-0.989	1	1
-0.99	1	1
-0.991	1	1
-0.992	1	1
-0.993	1	1
-0.994	1	1
-0.995	1	1
-0.996	1	1
-0.997	1	1
-0.998	1	1
-0.999	1	1
-1	1	1
