threshold	FAR	TAR
0.999	0	0
0.998	0	0
0.997	0	0
0.996	0	0
0.995	0	0
0.994	0	0
0.993	0	0
0.992	0	0
0.991	0	0
0.99	0	0
0.989	0	0
0.988	0	0
0.987	0	0
0.986	0	0
0.985	0	0
0.984	0	0
0.983	0	0
0.982	0	0
0.981	0	0
0.98	0	0
0.979	0	0
0.978	0	0
0.977	0	0
0.976	0	0
0.975	0	0
0.974	0	0
0.973	0	0
0.972	0	0
0.971	0	0
0.97	0	0
0.969	0	0
0.968	0	0
0.967	0	0
0.966	0	0
0.965	0	0
0.964	0	0
0.963	0	0
0.962	0	0
0.961	0	0
0.96	0	0
0.959	0	0
0.958	0	0
0.957	0	0
0.956	0	0
0.955	0	0
0.954	0	0
0.953	0	0
0.952	0	0
0.951	0	0
0.95	0	0
0.949	0	0
0.948	0	0
0.947	0	0
0.946	0	0
0.945	0	0
0.944	0	0
0.943	0	0
0.942	0	0
0.941	0	0
0.94	0	0
0.939	0	0
0.938	0	0
0.937	0	0
0.936	0	0
0.935	0	0
0.934	0	0
0.933	0	0
0.932	0	0
0.931	0	0
0.93	0	0
0.929	0	0
0.928	0	0
0.927	0	0
0.926	0	0
0.925	0	0
0.924	0	0
0.923	0	0
0.922	0	0
0.921	0	0
0.92	0	0
0.919	0	0
0.918	0	0
0.917	0	0
0.916	0	0
0.915	0	0
0.914	0	0
0.913	0	0
0.912	0	0
0.911	0	0
0.91	0	0
0.909	0	0
0.908	0	0
0.907	0	0
0.906	0	0
0.905	0	0
0.904	0	0
0.903	0	0
0.902	0	0
0.901	0	0
0.9	0	0
0.899	0	0
0.898	0	0
0.897	0	0
0.896	0	0
0.895	0	0
0.894	0	0
0.893	0	0
0.892	0	0
0.891	0	0
0.89	0	0
0.889	0	0
0.888	0	0
0.887	0	0
0.886	0	0
0.885	0	0
0.884	0	0
0.883	0	0
0.882	0	0
0.881	0	0
0.88	0	0
0.879	0	0
0.878	0	0
0.877	0	0
0.876	0	0
0.875	0	0
0.874	0	0
0.873	0	0.0025
0.872	0	0.0025
0.871	0	0.0025
0.87	0	0.0025
0.869	0	0.0025
0.868	0	0.0025
0.867	0	0.0025
0.866	0	0.005
0.865	0	0.005
0.864	0	0.005
0.863	0	0.005
0.862	0	0.0075
0.861	0	0.0075
0.86	0	0.01
0.859	0	0.01
0.858	0	0.01
0.857	0	0.01
0.856	0	0.01
0.855	0	0.01
0.854	0	0.01
0.853	0	0.01
0.852	0	0.0125
0.851	0	0.0125
0.85	0	0.0125
0.849	0	0.0125
0.848	0	0.015
0.847	0	0.015
0.846	0	0.015
0.845	0	0.015
0.844	0	0.015
0.843	0	0.015
0.842	0	0.015
0.841	0	0.015
0.84	0	0.015
0.839	0	0.015
0.838	0	0.015
0.837	0	0.015
0.836	0	0.015
0.835	0	0.015
0.834	0	0.015
0.833	0	0.015
0.832	0	0.0175
0.831	0	0.0175
0.83	0	0.0175
0.829	0	0.0175
0.828	0	0.0175
0.827	0	0.0175
0.826	0	0.0175
0.825	0	0.0175
0.824	0	0.0175
0.823	0	0.0175
0.822	0	0.0175
0.821	0	0.0175
0.82	0	0.0175
0.819	0	0.02
0.818	0	0.02
0.817	0	0.02
0.816	0	0.02
0.815	0	0.0225
0.814	0	0.0225
0.813	0	0.0225
0.812	0	0.0225
0.811	0	0.0225
0.81	0	0.025
0.809	0	0.025
0.808	0	0.0275
0.807	0	0.0275
0.806	0	0.0275
0.805	0	0.0275
0.804	0	0.0275
0.803	0	0.03
0.802	0	0.03
0.801	0	0.03
0.8	0	0.03
0.799	0	0.03
0.798	0	0.03
0.797	0	0.03
0.796	0	0.03
0.795	0	0.0325
0.794	0	0.0325
0.793	0	0.0325
0.792	0	0.035
0.791	0	0.035
0.79	0	0.035
0.789	0	0.0375
0.788	0	0.0375
0.787	0	0.04
0.786	0	0.04
0.785	0	0.04
0.784	0	0.04
0.783	0	0.04
0.782	0	0.04
0.781	0	0.0425
0.78	0	0.0475
0.779	0	0.0475
0.778	0	0.0475
0.777	0	0.0475
0.776	0	0.0475
0.775	0	0.0475
0.774	0	0.05
0.773	0	0.05
0.772	0	0.0525
0.771	0	0.055
0.77	0	0.055
0.769	0	0.0575
0.768	0	0.0575
0.767	0	0.0575
0.766	0	0.0575
0.765	0	0.06
0.764	0	0.06
0.763	0	0.0625
0.762	0	0.0625
0.761	0	0.0625
0.76	0	0.065
0.759	0	0.065
0.758	0	0.065
0.757	0	0.065
0.756	0	0.065
0.755	0	0.065
0.754	0	0.065
0.753	0	0.065
0.752	0	0.0675
0.751	0	0.0675
0.75	0	0.0675
0.749	0	0.07
0.748	0	0.0725
0.747	0	0.075
0.746	0	0.075
0.745	0	0.075
0.744	0	0.075
0.743	0	0.0775
0.742	0	0.0775
0.741	0	0.0775
0.74	0	0.0775
0.739	0	0.0775
0.738	0	0.0775
0.737	0	0.0775
0.736	0	0.08
0.735	0	0.085
0.734	0	0.0875
0.733	0	0.0875
0.732	0	0.0875
0.731	0	0.0875
0.73	0	0.0875
0.729	0	0.0875
0.728	0	0.0875
0.727	0	0.0875
0.726	0	0.09
0.725	0	0.0925
0.724	0	0.0925
0.723	0	0.095
0.722	0	0.0975
0.721	0	0.0975
0.72	0	0.1
0.719	0	0.1
0.718	0	0.1
0.717	0	0.1025
0.716	0	0.1075
0.715	0	0.1075
0.714	0	0.1075
0.713	0	0.1075
0.712	0	0.1075
0.711	0	0.11
0.71	0	0.1125
0.709	0	0.1175
0.708	0	0.12
0.707	0	0.12
0.706	0	0.1225
0.705	0	0.125
0.704	0	0.1275
0.703	0	0.13
0.702	0	0.1325
0.701	0	0.135
0.7	0	0.135
0.699	0	0.135
0.698	0	0.135
0.697	0	0.1375
0.696	0	0.1425
0.695	0	0.1425
0.694	0	0.1425
0.693	0	0.145
0.692	0	0.1475
0.691	0	0.1475
0.69	0	0.15
0.689	0	0.1525
0.688	0	0.1525
0.687	0	0.1525
0.686	0	0.155
0.685	0	0.155
0.684	0	0.1575
0.683	0	0.1575
0.682	0	0.1575
0.681	0	0.16
0.68	0	0.16
0.679	0	0.16
0.678	0	0.1625
0.677	0	0.1625
0.676	0	0.165
0.675	0	0.165
0.674	0	0.1675
0.673	0	0.1675
0.672	0	0.1675
0.671	0	0.17
0.67	0	0.17
0.669	0	0.17
0.668	0	0.17
0.667	0	0.1725
0.666	0	0.175
0.665	0	0.175
0.664	0	0.175
0.663	0	0.175
0.662	0	0.175
0.661	0	0.1825
0.66	0	0.185
0.659	0	0.185
0.658	0	0.19
0.657	0	0.19
0.656	0	0.195
0.655	0	0.1975
0.654	0	0.2
0.653	0	0.2025
0.652	0	0.2025
0.651	0	0.2025
0.65	0	0.205
0.649	0	0.205
0.648	0	0.2075
0.647	0	0.2075
0.646	0	0.21
0.645	0	0.2125
0.644	0	0.215
0.643	0	0.2175
0.642	0	0.22
0.641	0	0.22
0.64	0	0.22
0.639	0	0.22
0.638	0	0.22
0.637	0	0.225
0.636	0	0.2275
0.635	0	0.2275
0.634	0	0.2275
0.633	0	0.2275
0.632	0	0.2275
0.631	0	0.2275
0.63	0	0.23
0.629	0	0.23
0.628	0	0.23
0.627	0	0.23
0.626	0	0.2325
0.625	0	0.235
0.624	0	0.235
0.623	0	0.24
0.622	0	0.2425
0.621	0	0.245
0.62	0	0.2475
0.619	0	0.2475
0.618	0	0.25
0.617	0	0.2525
0.616	0	0.255
0.615	0	0.255
0.614	0	0.255
0.613	0	0.255
0.612	0	0.255
0.611	0	0.255
0.61	0	0.2575
0.609	0	0.265
0.608	0	0.2675
0.607	0	0.2725
0.606	0	0.2725
0.605	0	0.275
0.604	0	0.2775
0.603	0	0.2775
0.602	0	0.2775
0.601	0	0.2775
0.6	0	0.2775
0.599	0	0.2775
0.598	0	0.28
0.597	0	0.28
0.596	0	0.2825
0.595	0	0.2825
0.594	0	0.2825
0.593	0	0.285
0.592	0	0.285
0.591	0	0.285
0.59	0	0.2875
0.589	0	0.2925
0.588	0	0.2925
0.587	0	0.2925
0.586	0	0.2925
0.585	0	0.2975
0.584	0	0.3
0.583	0	0.3
0.582	0	0.3025
0.581	0	0.305
0.58	0	0.3125
0.579	0	0.315
0.578	0	0.315
0.577	0	0.315
0.576	0	0.315
0.575	0	0.325
0.574	0	0.3275
0.573	0	0.33
0.572	0	0.3325
0.571	0	0.335
0.57	0	0.3375
0.569	0	0.34
0.568	0	0.34
0.567	0	0.3425
0.566	0	0.3475
0.565	0	0.35
0.564	0	0.3525
0.563	0	0.355
0.562	0	0.36
0.561	0	0.3625
0.56	0	0.365
0.559	0	0.365
0.558	0	0.3675
0.557	0	0.3675
0.556	0	0.3675
0.555	0	0.37
0.554	0	0.375
0.553	0	0.375
0.552	0	0.38
0.551	0	0.385
0.55	0	0.39
0.549	0	0.39
0.548	0	0.3925
0.547	0	0.395
0.546	0	0.395
0.545	0	0.4
0.544	0	0.405
0.543	0	0.4075
0.542	0	0.4075
0.541	0	0.41
0.54	0	0.4125
0.539	0	0.4125
0.538	0	0.4125
0.537	0	0.4125
0.536	0	0.415
0.535	0	0.4225
0.534	0	0.4225
0.533	0	0.425
0.532	0	0.43
0.531	0	0.4375
0.53	0	0.4375
0.529	0	0.4375
0.528	0	0.4375
0.527	0	0.44
0.526	0	0.4425
0.525	0	0.4425
0.524	0	0.4475
0.523	0	0.4525
0.522	0	0.4525
0.521	0	0.4575
0.52	0	0.4575
0.519	0	0.4625
0.518	0	0.4625
0.517	0	0.4625
0.516	0	0.47
0.515	0	0.47
0.514	0	0.47
0.513	0	0.47
0.512	0	0.47
0.511	0	0.4725
0.51	0	0.4725
0.509	0	0.475
0.508	0	0.475
0.507	0	0.475
0.506	0	0.48
0.505	0	0.4825
0.504	0	0.4875
0.503	0	0.4875
0.502	0	0.4875
0.501	0	0.4925
0.5	0	0.4925
0.499	0	0.495
0.498	0	0.495
0.497	0	0.495
0.496	0	0.495
0.495	0	0.4975
0.494	0	0.4975
0.493	0	0.505
0.492	0	0.505
0.491	0	0.505
0.49	0	0.5125
0.489	0	0.5125
0.488	0	0.515
0.487	0	0.5175
0.486	0	0.525
0.485	0	0.525
0.484	0	0.525
0.483	0	0.53
0.482	0	0.5325
0.481	0	0.54
0.48	0	0.54
0.479	0	0.54
0.478	0	0.54
0.477	0	0.54
0.476	0	0.5425
0.475	0	0.545
0.474	0	0.5475
0.473	0	0.5475
0.472	0	0.5475
0.471	0	0.5475
0.47	0	0.5475
0.469	0	0.5475
0.468	0	0.555
0.467	0	0.5575
0.466	0	0.56
0.465	0	0.56
0.464	0	0.5625
0.463	0	0.565
0.462	0	0.565
0.461	0	0.5675
0.46	0	0.5675
0.459	0	0.57
0.458	0	0.5725
0.457	0	0.5775
0.456	0	0.58
0.455	0	0.58
0.454	0	0.5825
0.453	0	0.5825
0.452	0	0.5825
0.451	0	0.5825
0.45	0	0.585
0.449	0	0.59
0.448	0	0.59
0.447	0	0.59
0.446	0	0.59
0.445	0	0.5925
0.444	0	0.5925
0.443	0	0.5925
0.442	0	0.5925
0.441	0	0.595
0.44	0	0.595
0.439	0	0.6
0.438	0	0.6
0.437	0	0.605
0.436	0	0.6075
0.435	0	0.615
0.434	0	0.615
0.433	0	0.615
0.432	0	0.615
0.431	0	0.615
0.43	0	0.6175
0.429	0	0.62
0.428	0	0.62
0.427	0	0.62
0.426	0	0.6225
0.425	0	0.6225
0.424	0	0.6225
0.423	0	0.625
0.422	0	0.6275
0.421	0	0.6275
0.42	0	0.6275
0.419	0	0.6275
0.418	0	0.6275
0.417	0	0.63
0.416	0	0.635
0.415	0	0.635
0.414	0	0.635
0.413	0	0.6375
0.412	0	0.6375
0.411	0	0.64
0.41	0	0.645
0.409	0	0.645
0.408	0	0.65
0.407	0	0.65
0.406	0	0.65
0.405	0	0.6525
0.404	0	0.655
0.403	0	0.66
0.402	0	0.6625
0.401	0	0.665
0.4	0	0.665
0.399	0	0.6675
0.398	0	0.67
0.397	0	0.67
0.396	0	0.6725
0.395	0	0.6725
0.394	0	0.675
0.393	0	0.675
0.392	0	0.675
0.391	0	0.675
0.39	0	0.6775
0.389	0	0.6775
0.388	0	0.6775
0.387	0	0.68
0.386	0	0.68
0.385	0	0.68
0.384	0	0.685
0.383	0	0.685
0.382	0	0.685
0.381	0	0.685
0.38	0	0.685
0.379	0	0.685
0.378	0	0.6875
0.377	0	0.6875
0.376	0	0.6875
0.375	0	0.6875
0.374	0	0.69
0.373	0	0.69
0.372	0	0.6925
0.371	0	0.6925
0.37	0	0.695
0.369	0	0.7
0.368	0	0.7075
0.367	0	0.71
0.366	0	0.7125
0.365	0	0.7125
0.364	0	0.7125
0.363	0	0.7125
0.362	0	0.7125
0.361	0	0.715
0.36	0	0.7175
0.359	0	0.7175
0.358	0	0.7175
0.357	0	0.7175
0.356	0	0.72
0.355	0	0.7225
0.354	0	0.7225
0.353	0	0.7225
0.352	0	0.7225
0.351	0	0.7225
0.35	0	0.7225
0.349	0	0.725
0.348	0	0.7275
0.347	0	0.73
0.346	0	0.73
0.345	0	0.73
0.344	0	0.73
0.343	0	0.73
0.342	0	0.73
0.341	0	0.73
0.34	0	0.7325
0.339	0	0.7325
0.338	0	0.7375
0.337	0	0.7375
0.336	0	0.7375
0.335	0	0.74
0.334	0	0.7425
0.333	0	0.7425
0.332	0	0.7475
0.331	0	0.7475
0.33	0	0.7475
0.329	0	0.7475
0.328	0	0.75
0.327	0	0.75
0.326	0	0.75
0.325	0	0.75
0.324	0	0.75
0.323	0	0.75
0.322	0	0.75
0.321	0	0.755
0.32	0	0.755
0.319	0	0.7575
0.318	0	0.7575
0.317	0	0.7575
0.316	0	0.7575
0.315	0	0.7575
0.314	0	0.7575
0.313	0	0.76
0.312	0	0.76
0.311	0	0.7625
0.31	0	0.7625
0.309	0	0.7675
0.308	0	0.7675
0.307	0	0.77
0.306	0	0.77
0.305	0	0.77
0.304	0	0.77
0.303	0	0.7725
0.302	0	0.7725
0.301	0	0.7725
0.3	0	0.7725
0.299	0	0.7725
0.298	0	0.7725
0.297	0	0.7725
0.296	0	0.775
0.295	0	0.775
0.294	0	0.775
0.293	0	0.775
0.292	0	0.7775
0.291	0	0.7775
0.29	0	0.7775
0.289	0	0.7775
0.288	0	0.7775
0.287	0	0.7775
0.286	0	0.78
0.285	0	0.7825
0.284	0	0.785
0.283	0	0.785
0.282	0	0.785
0.281	0	0.785
0.28	0	0.785
0.279	2.525252525e-05	0.7875
0.278	2.525252525e-05	0.7925
0.277	2.525252525e-05	0.7925
0.276	2.525252525e-05	0.795
0.275	2.525252525e-05	0.7975
0.274	2.525252525e-05	0.7975
0.273	5.050505051e-05	0.7975
0.272	5.050505051e-05	0.7975
0.271	5.050505051e-05	0.7975
0.27	5.050505051e-05	0.7975
0.269	5.050505051e-05	0.8
0.268	0.000101010101	0.8
0.267	0.000101010101	0.8
0.266	0.000101010101	0.8
0.265	0.000101010101	0.8
0.264	0.000101010101	0.8
0.263	0.000101010101	0.8025
0.262	0.000101010101	0.8025
0.261	0.000101010101	0.8025
0.26	0.000101010101	0.8025
0.259	0.000101010101	0.8025
0.258	0.000101010101	0.8025
0.257	0.000101010101	0.8025
0.256	0.000101010101	0.8025
0.255	0.000101010101	0.805
0.254	0.000101010101	0.8075
0.253	0.000101010101	0.8075
0.252	0.0001262626263	0.8075
0.251	0.0001262626263	0.81
0.25	0.0001262626263	0.81
0.249	0.0001262626263	0.81
0.248	0.0001262626263	0.81
0.247	0.0001262626263	0.81
0.246	0.0001262626263	0.81
0.245	0.0001262626263	0.81
0.244	0.0001262626263	0.81
0.243	0.0001262626263	0.815
0.242	0.0001262626263	0.815
0.241	0.0001262626263	0.815
0.24	0.0001262626263	0.82
0.239	0.0001515151515	0.82
0.238	0.0001515151515	0.82
0.237	0.0001515151515	0.82
0.236	0.0001515151515	0.8225
0.235	0.0001515151515	0.8225
0.234	0.0001515151515	0.8225
0.233	0.0001767676768	0.8225
0.232	0.000202020202	0.8225
0.231	0.000202020202	0.8225
0.23	0.000202020202	0.8225
0.229	0.000202020202	0.825
0.228	0.000202020202	0.825
0.227	0.000202020202	0.825
0.226	0.000202020202	0.825
0.225	0.000202020202	0.825
0.224	0.0002272727273	0.825
0.223	0.0002272727273	0.825
0.222	0.0002525252525	0.825
0.221	0.0002777777778	0.825
0.22	0.0002777777778	0.825
0.219	0.0002777777778	0.825
0.218	0.000303030303	0.825
0.217	0.0003535353535	0.825
0.216	0.0003535353535	0.825
0.215	0.0003787878788	0.825
0.214	0.0003787878788	0.825
0.213	0.0004292929293	0.8275
0.212	0.0004292929293	0.8275
0.211	0.0004545454545	0.8275
0.21	0.0004545454545	0.8275
0.209	0.0004797979798	0.8275
0.208	0.0005050505051	0.8275
0.207	0.0005050505051	0.8275
0.206	0.0005555555556	0.8275
0.205	0.0005808080808	0.8275
0.204	0.0006313131313	0.8275
0.203	0.0006313131313	0.8275
0.202	0.0006313131313	0.8275
0.201	0.0006313131313	0.8275
0.2	0.0006313131313	0.8275
0.199	0.0007575757576	0.8275
0.198	0.0007828282828	0.83
0.197	0.0008333333333	0.83
0.196	0.0009343434343	0.83
0.195	0.0009595959596	0.83
0.194	0.0009848484848	0.83
0.193	0.00101010101	0.83
0.192	0.001085858586	0.83
0.191	0.001136363636	0.83
0.19	0.001212121212	0.83
0.189	0.001262626263	0.83
0.188	0.001338383838	0.83
0.187	0.001439393939	0.83
0.186	0.001515151515	0.83
0.185	0.001565656566	0.8325
0.184	0.001590909091	0.8325
0.183	0.001616161616	0.835
0.182	0.001691919192	0.835
0.181	0.001767676768	0.835
0.18	0.001868686869	0.835
0.179	0.00202020202	0.835
0.178	0.002045454545	0.84
0.177	0.002095959596	0.84
0.176	0.002146464646	0.8425
0.175	0.002196969697	0.8425
0.174	0.002196969697	0.8425
0.173	0.002272727273	0.8425
0.172	0.002323232323	0.845
0.171	0.002449494949	0.845
0.17	0.002626262626	0.8475
0.169	0.002702020202	0.8475
0.168	0.002777777778	0.8475
0.167	0.002878787879	0.8475
0.166	0.002954545455	0.8475
0.165	0.003232323232	0.8475
0.164	0.003308080808	0.8475
0.163	0.003484848485	0.8475
0.162	0.003560606061	0.8475
0.161	0.003762626263	0.8475
0.16	0.003838383838	0.8475
0.159	0.00398989899	0.8475
0.158	0.004191919192	0.8475
0.157	0.004292929293	0.8475
0.156	0.004419191919	0.8475
0.155	0.004545454545	0.8475
0.154	0.004797979798	0.8475
0.153	0.005025252525	0.85
0.152	0.005126262626	0.85
0.151	0.005353535354	0.85
0.15	0.005606060606	0.85
0.149	0.005883838384	0.85
0.148	0.006111111111	0.85
0.147	0.006565656566	0.8525
0.146	0.006818181818	0.8525
0.145	0.00702020202	0.8525
0.144	0.007348484848	0.8525
0.143	0.007702020202	0.8525
0.142	0.00803030303	0.8525
0.141	0.008409090909	0.8525
0.14	0.008939393939	0.8525
0.139	0.009242424242	0.8525
0.138	0.009621212121	0.8525
0.137	0.009898989899	0.8525
0.136	0.01027777778	0.8525
0.135	0.01063131313	0.855
0.134	0.01093434343	0.855
0.133	0.01138888889	0.855
0.132	0.01189393939	0.855
0.131	0.0122979798	0.855
0.13	0.01275252525	0.855
0.129	0.01318181818	0.855
0.128	0.01353535354	0.8575
0.127	0.01409090909	0.8575
0.126	0.01472222222	0.8625
0.125	0.01527777778	0.865
0.124	0.01598484848	0.865
0.123	0.01654040404	0.865
0.122	0.01712121212	0.865
0.121	0.01762626263	0.865
0.12	0.01830808081	0.865
0.119	0.01914141414	0.865
0.118	0.01992424242	0.865
0.117	0.0204040404	0.865
0.116	0.02128787879	0.865
0.115	0.02202020202	0.865
0.114	0.02292929293	0.865
0.113	0.02396464646	0.865
0.112	0.02512626263	0.865
0.111	0.02603535354	0.865
0.11	0.02717171717	0.865
0.109	0.02845959596	0.865
0.108	0.0295959596	0.865
0.107	0.03083333333	0.8675
0.106	0.03217171717	0.8675
0.105	0.03330808081	0.87
0.104	0.03454545455	0.87
0.103	0.03583333333	0.87
0.102	0.03704545455	0.87
0.101	0.03896464646	0.87
0.1	0.04047979798	0.87
0.099	0.04196969697	0.87
0.098	0.04333333333	0.8725
0.097	0.04457070707	0.8725
0.096	0.04611111111	0.8725
0.095	0.04797979798	0.8725
0.094	0.04916666667	0.8725
0.093	0.05088383838	0.8725
0.092	0.05262626263	0.8725
0.091	0.05441919192	0.8725
0.09	0.05654040404	0.8725
0.089	0.05853535354	0.8725
0.088	0.06050505051	0.8725
0.087	0.06285353535	0.875
0.086	0.06484848485	0.875
0.085	0.06755050505	0.875
0.084	0.07002525253	0.875
0.083	0.07224747475	0.8775
0.082	0.07426767677	0.8775
0.081	0.07696969697	0.8775
0.08	0.07964646465	0.8775
0.079	0.08255050505	0.8775
0.078	0.08522727273	0.8775
0.077	0.0878030303	0.8775
0.076	0.0903030303	0.88
0.075	0.09330808081	0.8825
0.074	0.09603535354	0.8825
0.073	0.09881313131	0.8825
0.072	0.1021969697	0.885
0.071	0.1051767677	0.8875
0.07	0.1083838384	0.8875
0.069	0.1113636364	0.8875
0.068	0.1148737374	0.8875
0.067	0.118459596	0.8875
0.066	0.1220454545	0.8875
0.065	0.1255808081	0.8875
0.064	0.129520202	0.8875
0.063	0.1331060606	0.89
0.062	0.1370707071	0.89
0.061	0.1411111111	0.89
0.06	0.1460353535	0.8925
0.059	0.1501262626	0.8925
0.058	0.154040404	0.895
0.057	0.1584343434	0.895
0.056	0.1627525253	0.895
0.055	0.1669444444	0.895
0.054	0.1718434343	0.895
0.053	0.1767171717	0.895
0.052	0.1816666667	0.895
0.051	0.1867171717	0.8975
0.05	0.1917676768	0.8975
0.049	0.196489899	0.8975
0.048	0.2017676768	0.9
0.047	0.2062121212	0.9
0.046	0.211969697	0.9
0.045	0.2173737374	0.9
0.044	0.2222727273	0.9025
0.043	0.2274242424	0.905
0.042	0.2327777778	0.905
0.041	0.2382070707	0.9075
0.04	0.244469697	0.9075
0.039	0.2505808081	0.9075
0.038	0.2565151515	0.9075
0.037	0.2629040404	0.9075
0.036	0.268989899	0.91
0.035	0.2747979798	0.9125
0.034	0.2810606061	0.9175
0.033	0.2869444444	0.9175
0.032	0.2931565657	0.9175
0.031	0.2997474747	0.92
0.03	0.3060353535	0.9225
0.029	0.3126262626	0.9225
0.028	0.3187626263	0.9275
0.027	0.3252020202	0.93
0.026	0.3316414141	0.93
0.025	0.3389646465	0.93
0.024	0.3462878788	0.93
0.023	0.3532828283	0.93
0.022	0.3611616162	0.93
0.021	0.3682323232	0.93
0.02	0.3761363636	0.93
0.019	0.3830808081	0.93
0.018	0.3902020202	0.9325
0.017	0.3983080808	0.9325
0.016	0.4052020202	0.9325
0.015	0.4131060606	0.9325
0.014	0.4211868687	0.9325
0.013	0.4292171717	0.9325
0.012	0.4360858586	0.9325
0.011	0.4429292929	0.9325
0.01	0.4498484848	0.9375
0.009	0.4573232323	0.9375
0.008	0.4648484848	0.9375
0.007	0.4731565657	0.9375
0.006	0.4808585859	0.9375
0.005	0.4884848485	0.9375
0.004	0.4967929293	0.9375
0.003	0.5038888889	0.9375
0.002	0.5113888889	0.9375
0.001	0.5191414141	0.9375
0	0.5267424242	0.9375
-0.001	0.5340151515	0.9375
-0.002	0.5416919192	0.94
-0.003	0.5496717172	0.945
-0.004	0.556969697	0.945
-0.005	0.5642929293	0.945
-0.006	0.5719444444	0.945
-0.007	0.5796212121	0.945
-0.008	0.5876515152	0.9475
-0.009	0.5951262626	0.9525
-0.01	0.6025757576	0.9575
-0.011	0.6097979798	0.9575
-0.012	0.6167676768	0.9575
-0.013	0.6240656566	0.96
-0.014	0.6316666667	0.96
-0.015	0.6381818182	0.9625
-0.016	0.6447979798	0.9625
-0.017	0.6519191919	0.9625
-0.018	0.6586616162	0.9625
-0.019	0.6663888889	0.9625
-0.02	0.6736111111	0.9625
-0.021	0.6803787879	0.9625
-0.022	0.6873737374	0.9625
-0.023	0.6938131313	0.9625
-0.024	0.7000252525	0.9625
-0.025	0.7072474747	0.9625
-0.026	0.7137121212	0.9625
-0.027	0.7198737374	0.965
-0.028	0.7260353535	0.965
-0.029	0.7322979798	0.965
-0.03	0.7393181818	0.965
-0.031	0.7457575758	0.965
-0.032	0.7522474747	0.965
-0.033	0.7588383838	0.9675
-0.034	0.7639393939	0.9725
-0.035	0.7704545455	0.9775
-0.036	0.7759343434	0.98
-0.037	0.7819191919	0.98
-0.038	0.7873989899	0.98
-0.039	0.7931060606	0.98
-0.04	0.7981818182	0.98
-0.041	0.8031565657	0.9825
-0.042	0.8083080808	0.9825
-0.043	0.8140656566	0.985
-0.044	0.8198737374	0.985
-0.045	0.8248484848	0.985
-0.046	0.8298989899	0.985
-0.047	0.8348737374	0.985
-0.048	0.8394191919	0.985
-0.049	0.8440151515	0.985
-0.05	0.848459596	0.985
-0.051	0.8532575758	0.985
-0.052	0.8577272727	0.985
-0.053	0.8617929293	0.985
-0.054	0.8666161616	0.985
-0.055	0.8709848485	0.985
-0.056	0.8751515152	0.985
-0.057	0.8791666667	0.9875
-0.058	0.8831060606	0.9875
-0.059	0.8868686869	0.9875
-0.06	0.8900505051	0.9875
-0.061	0.8938383838	0.9875
-0.062	0.8971212121	0.9875
-0.063	0.9000252525	0.9875
-0.064	0.9033080808	0.9875
-0.065	0.9065151515	0.99
-0.066	0.9095454545	0.99
-0.067	0.9127272727	0.9925
-0.068	0.9156818182	0.9925
-0.069	0.9182323232	0.9925
-0.07	0.9212121212	0.9925
-0.071	0.9237626263	0.9925
-0.072	0.9263888889	0.9925
-0.073	0.929040404	0.9925
-0.074	0.9315151515	0.9925
-0.075	0.9343181818	0.9925
-0.076	0.9370454545	0.9925
-0.077	0.9392676768	0.9925
-0.078	0.9419191919	0.9925
-0.079	0.9437878788	0.9925
-0.08	0.9457070707	0.9925
-0.081	0.9479040404	0.9925
-0.082	0.9497727273	0.9925
-0.083	0.9519191919	0.9925
-0.084	0.9540151515	0.9925
-0.085	0.9557323232	0.9925
-0.086	0.9572222222	0.9925
-0.087	0.9588888889	0.9925
-0.088	0.9607828283	0.9925
-0.089	0.9623232323	0.9925
-0.09	0.9638383838	0.9925
-0.091	0.9653787879	0.9925
-0.092	0.9672222222	0.995
-0.093	0.9690151515	0.995
-0.094	0.9704545455	0.995
-0.095	0.971540404	0.995
-0.096	0.9728535354	0.9975
-0.097	0.9740656566	0.9975
-0.098	0.9750505051	0.9975
-0.099	0.9760353535	0.9975
-0.1	0.9770959596	0.9975
-0.101	0.9780808081	0.9975
-0.102	0.9787121212	0.9975
-0.103	0.9794949495	0.9975
-0.104	0.9802777778	0.9975
-0.105	0.9814393939	0.9975
-0.106	0.982020202	0.9975
-0.107	0.9828535354	0.9975
-0.108	0.9835858586	0.9975
-0.109	0.9844444444	0.9975
-0.11	0.9852525253	0.9975
-0.111	0.9859090909	1
-0.112	0.9865909091	1
-0.113	0.9870959596	1
-0.114	0.9875757576	1
-0.115	0.9881313131	1
-0.116	0.9887121212	1
-0.117	0.9892676768	1
-0.118	0.9896464646	1
-0.119	0.9901767677	1
-0.12	0.9907070707	1
-0.121	0.9911868687	1
-0.122	0.991540404	1
-0.123	0.991969697	1
-0.124	0.9923737374	1
-0.125	0.9926767677	1
-0.126	0.9929545455	1
-0.127	0.9932828283	1
-0.128	0.9936868687	1
-0.129	0.9940151515	1
-0.13	0.9941666667	1
-0.131	0.9944444444	1
-0.132	0.9947474747	1
-0.133	0.9951515152	1
-0.134	0.9956060606	1
-0.135	0.9959090909	1
-0.136	0.9961111111	1
-0.137	0.9964393939	1
-0.138	0.9965656566	1
-0.139	0.9968181818	1
-0.14	0.9969191919	1
-0.141	0.9970959596	1
-0.142	0.9971969697	1
-0.143	0.9974242424	1
-0.144	0.9975252525	1
-0.145	0.9977020202	1
-0.146	0.9978282828	1
-0.147	0.997979798	1
-0.148	0.9980555556	1
-0.149	0.9982575758	1
-0.15	0.9984090909	1
-0.151	0.9985353535	1
-0.152	0.9986111111	1
-0.153	0.9987373737	1
-0.154	0.9988383838	1
-0.155	0.9988383838	1
-0.156	0.9988636364	1
-0.157	0.9989141414	1
-0.158	0.9990151515	1
-0.159	0.9990909091	1
-0.16	0.9991161616	1
-0.161	0.9991919192	1
-0.162	0.9992676768	1
-0.163	0.9993181818	1
-0.164	0.9993939394	1
-0.165	0.9993939394	1
-0.166	0.9994444444	1
-0.167	0.999469697	1
-0.168	0.9994949495	1
-0.169	0.9995454545	1
-0.17	0.9995454545	1
-0.171	0.9995707071	1
-0.172	0.9995959596	1
-0.173	0.9995959596	1
-0.174	0.9996464646	1
-0.175	0.9996717172	1
-0.176	0.9996717172	1
-0.177	0.9997222222	1
-0.178	0.9997222222	1
-0.179	0.9997222222	1
-0.18	0.9997727273	1
-0.181	0.9997727273	1
-0.182	0.9997979798	1
-0.183	0.9998232323	1
-0.184	0.9998484848	1
-0.185	0.9998484848	1
-0.186	0.9998737374	1
-0.187	0.9998737374	1
-0.188	0.9998989899	1
-0.189	0.9998989899	1
-0.19	0.9998989899	1
-0.191	0.9998989899	1
-0.192	0.9998989899	1
-0.193	0.9998989899	1
-0.194	0.9998989899	1
-0.195	0.9998989899	1
-0.196	0.9998989899	1
-0.197	0.9998989899	1
-0.198	0.9999494949	1
-0.199	0.9999494949	1
-0.2	0.9999494949	1
-0.201	0.9999494949	1
-0.202	0.9999494949	1
-0.203	0.9999494949	1
-0.204	0.9999494949	1
-0.205	0.9999494949	1
-0.206	0.9999494949	1
-0.207	0.9999747475	1
-0.208	1	1
-0.209	1	1
-0.21	1	1
-0.211	1	1
-0.212	1	1
-0.213	1	1
-0.214	1	1
-0.215	1	1
-0.216	1	1
-0.217	1	1
-0.218	1	1
-0.219	1	1
-0.22	1	1
-0.221	1	1
-0.222	1	1
-0.223	1	1
-0.224	1	1
-0.225	1	1
-0.226	1	1
-0.227	1	1
-0.228	1	1
-0.229	1	1
-0.23	1	1
-0.231	1	1
-0.232	1	1
-0.233	1	1
-0.234	1	1
-0.235	1	1
-0.236	1	1
-0.237	1	1
-0.238	1	1
-0.239	1	1
-0.24	1	1
-0.241	1	1
-0.242	1	1
-0.243	1	1
-0.244	1	1
-0.245	1	1
-0.246	1	1
-0.247	1	1
-0.248	1	1
-0.249	1	1
-0.25	1	1
-0.251	1	1
-0.252	1	1
-0.253	1	1
-0.254	1	1
-0.255	1	1
-0.256	1	1
-0.257	1	1
-0.258	1	1
-0.259	1	1
-0.26	1	1
-0.261	1	1
-0.262	1	1
-0.263	1	1
-0.264	1	1
-0.265	1	1
-0.266	1	1
-0.267	1	1
-0.268	1	1
-0.269	1	1
-0.27	1	1
-0.271	1	1
-0.272	1	1
-0.273	1	1
-0.274	1	1
-0.275	1	1
-0.276	1	1
-0.277	1	1
-0.278	1	1
-0.279	1	1
-0.28	1	1
-0.281	1	1
-0.282	1	1
-0.283	1	1
-0.284	1	1
-0.285	1	1
-0.286	1	1
-0.287	1	1
-0.288	1	1
-0.289	1	1
-0.29	1	1
-0.291	1	1
-0.292	1	1
-0.293	1	1
-0.294	1	1
-0.295	1	1
-0.296	1	1
-0.297	1	1
-0.298	1	1
-0.299	1	1
-0.3	1	1
-0.301	1	1
-0.302	1	1
-0.303	1	1
-0.304	1	1
-0.305	1	1
-0.306	1	1
-0.307	1	1
-0.308	1	1
-0.309	1	1
-0.31	1	1
-0.311	1	1
-0.312	1	1
-0.313	1	1
-0.314	1	1
-0.315	1	1
-0.316	1	1
-0.317	1	1
-0.318	1	1
-0.319	1	1
-0.32	1	1
-0.321	1	1
-0.322	1	1
-0.323	1	1
-0.324	1	1
-0.325	1	1
-0.326	1	1
-0.327	1	1
-0.328	1	1
-0.329	1	1
-0.33	1	1
-0.331	1	1
-0.332	1	1
-0.333	1	1
-0.334	1	1
-0.335	1	1
-0.336	1	1
-0.337	1	1
-0.338	1	1
-0.339	1	1
-0.34	1	1
-0.341	1	1
-0.342	1	1
-0.343	1	1
-0.344	1	1
-0.345	1	1
-0.346	1	1
-0.347	1	1
-0.348	1	1
-0.349	1	1
-0.35	1	1
-0.351	1	1
-0.352	1	1
-0.353	1	1
-0.354	1	1
-0.355	1	1
-0.356	1	1
-0.357	1	1
-0.358	1	1
-0.359	1	1
-0.36	1	1
-0.361	1	1
-0.362	1	1
-0.363	1	1
-0.364	1	1
-0.365	1	1
-0.366	1	1
-0.367	1	1
-0.368	1	1
-0.369	1	1
-0.37	1	1
-0.371	1	1
-0.372	1	1
-0.373	1	1
-0.374	1	1
-0.375	1	1
-0.376	1	1
-0.377	1	1
-0.378	1	1
-0.379	1	1
-0.38	1	1
-0.381	1	1
-0.382	1	1
-0.383	1	1
-0.384	1	1
-0.385	1	1
-0.386	1	1
-0.387	1	1
-0.388	1	1
-0.389	1	1
-0.39	1	1
-0.391	1	1
-0.392	1	1
-0.393	1	1
-0.394	1	1
-0.395	1	1
-0.396	1	1
-0.397	1	1
-0.398	1	1
-0.399	1	1
-0.4	1	1
-0.401	1	1
-0.402	1	1
-0.403	1	1
-0.404	1	1
-0.405	1	1
-0.406	1	1
-0.407	1	1
-0.408	1	1
-0.409	1	1
-0.41	1	1
-0.411	1	1
-0.412	1	1
-0.413	1	1
-0.414	1	1
-0.415	1	1
-0.416	1	1
-0.417	1	1
-0.418	1	1
-0.419	1	1
-0.42	1	1
-0.421	1	1
-0.422	1	1
-0.423	1	1
-0.424	1	1
-0.425	1	1
-0.426	1	1
-0.427	1	1
-0.428	1	1
-0.429	1	1
-0.43	1	1
-0.431	1	1
-0.432	1	1
-0.433	1	1
-0.434	1	1
-0.435	1	1
-0.436	1	1
-0.437	1	1
-0.438	1	1
-0.439	1	1
-0.44	1	1
-0.441	1	1
-0.442	1	1
-0.443	1	1
-0.444	1	1
-0.445	1	1
-0.446	1	1
-0.447	1	1
-0.448	1	1
-0.449	1	1
-0.45	1	1
-0.451	1	1
-0.452	1	1
-0.453	1	1
-0.454	1	1
-0.455	1	1
-0.456	1	1
-0.457	1	1
-0.458	1	1
-0.459	1	1
-0.46	1	1
-0.461	1	1
-0.462	1	1
-0.463	1	1
-0.464	1	1
-0.465	1	1
-0.466	1	1
-0.467	1	1
-0.468	1	1
-0.469	1	1
-0.47	1	1
-0.471	1	1
-0.472	1	1
-0.473	1	1
-0.474	1	1
-0.475	1	1
-0.476	1	1
-0.477	1	1
-0.478	1	1
-0.479	1	1
-0.48	1	1
-0.481	1	1
-0.482	1	1
-0.483	1	1
-0.484	1	1
-0.485	1	1
-0.486	1	1
-0.487	1	1
-0.488	1	1
-0.489	1	1
-0.49	1	1
-0.491	1	1
-0.492	1	1
-0.493	1	1
-0.494	1	1
-0.495	1	1
-0.496	1	1
-0.497	1	1
-0.498	1	1
-0.499	1	1
-0.5	1	1
-0.501	1	1
-0.502	1	1
-0.503	1	1
-0.504	1	1
-0.505	1	1
-0.506	1	1
-0.507	1	1
-0.508	1	1
-0.509	1	1
-0.51	1	1
-0.511	1	1
-0.512	1	1
-0.513	1	1
-0.514	1	1
-0.515	1	1
-0.516	1	1
-0.517	1	1
-0.518	1	1
-0.519	1	1
-0.52	1	1
-0.521	1	1
-0.522	1	1
-0.523	1	1
-0.524	1	1
-0.525	1	1
-0.526	1	1
-0.527	1	1
-0.528	1	1
-0.529	1	1
-0.53	1	1
-0.531	1	1
-0.532	1	1
-0.533	1	1
-0.534	1	1
-0.535	1	1
-0.536	1	1
-0.537	1	1
-0.538	1	1
-0.539	1	1
-0.54	1	1
-0.541	1	1
-0.542	1	1
-0.543	1	1
-0.544	1	1
-0.545	1	1
-0.546	1	1
-0.547	1	1
-0.548	1	1
-0.549	1	1
-0.55	1	1
-0.551	1	1
-0.552	1	1
-0.553	1	1
-0.554	1	1
-0.555	1	1
-0.556	1	1
-0.557	1	1
-0.558	1	1
-0.559	1	1
-0.56	1	1
-0.561	1	1
-0.562	1	1
-0.563	1	1
-0.564	1	1
-0.565	1	1
-0.566	1	1
-0.567	1	1
-0.568	1	1
-0.569	1	1
-0.57	1	1
-0.571	1	1
-0.572	1	1
-0.573	1	1
-0.574	1	1
-0.575	1	1
-0.576	1	1
-0.577	1	1
-0.578	1	1
-0.579	1	1
-0.58	1	1
-0.581	1	1
-0.582	1	1
-0.583	1	1
-0.584	1	1
-0.585	1	1
-0.586	1	1
-0.587	1	1
-0.588	1	1
-0.589	1	1
-0.59	1	1
-0.591	1	1
-0.592	1	1
-0.593	1	1
-0.594	1	1
-0.595	1	1
-0.596	1	1
-0.597	1	1
-0.598	1	1
-0.599	1	1
-0.6	1	1
-0.601	1	1
-0.602	1	1
-0.603	1	1
-0.604	1	1
-0.605	1	1
-0.606	1	1
-0.607	1	1
-0.608	1	1
-0.609	1	1
-0.61	1	1
-0.611	1	1
-0.612	1	1
-0.613	1	1
-0.614	1	1
-0.615	1	1
-0.616	1	1
-0.617	1	1
-0.618	1	1
-0.619	1	1
-0.62	1	1
-0.621	1	1
-0.622	1	1
-0.623	1	1
-0.624	1	1
-0.625	1	1
-0.626	1	1
-0.627	1	1
-0.628	1	1
-0.629	1	1
-0.63	1	1
-0.631	1	1
-0.632	1	1
-0.633	1	1
-0.634	1	1
-0.635	1	1
-0.636	1	1
-0.637	1	1
-0.638	1	1
-0.639	1	1
-0.64	1	1
-0.641	1	1
-0.642	1	1
-0.643	1	1
-0.644	1	1
-0.645	1	1
-0.646	1	1
-0.647	1	1
-0.648	1	1
-0.649	1	1
-0.65	1	1
-0.651	1	1
-0.652	1	1
-0.653	1	1
-0.654	1	1
-0.655	1	1
-0.656	1	1
-0.657	1	1
-0.658	1	1
-0.659	1	1
-0.66	1	1
-0.661	1	1
-0.662	1	1
-0.663	1	1
-0.664	1	1
-0.665	1	1
-0.666	1	1
-0.667	1	1
-0.668	1	1
-0.669	1	1
-0.67	1	1
-0.671	1	1
-0.672	1	1
-0.673	1	1
-0.674	1	1
-0.675	1	1
-0.676	1	1
-0.677	1	1
-0.678	1	1
-0.679	1	1
-0.68	1	1
-0.681	1	1
-0.682	1	1
-0.683	1	1
-0.684	1	1
-0.685	1	1
-0.686	1	1
-0.687	1	1
-0.688	1	1
-0.689	1	1
-0.69	1	1
-0.691	1	1
-0.692	1	1
-0.693	1	1
-0.694	1	1
-0.695	1	1
-0.696	1	1
-0.697	1	1
-0.698	1	1
-0.699	1	1
-0.7	1	1
-0.701	1	1
-0.702	1	1
-0.703	1	1
-0.704	1	1
-0.705	1	1
-0.706	1	1
-0.707	1	1
-0.708	1	1
-0.709	1	1
-0.71	1	1
-0.711	1	1
-0.712	1	1
-0.713	1	1
-0.714	1	1
-0.715	1	1
-0.716	1	1
-0.717	1	1
-0.718	1	1
-0.719	1	1
-0.72	1	1
-0.721	1	1
-0.722	1	1
-0.723	1	1
-0.724	1	1
-0.725	1	1
-0.726	1	1
-0.727	1	1
-0.728	1	1
-0.729	1	1
-0.73	1	1
-0.731	1	1
-0.732	1	1
-0.733	1	1
-0.734	1	1
-0.735	1	1
-0.736	1	1
-0.737	1	1
-0.738	1	1
-0.739	1	1
-0.74	1	1
-0.741	1	1
-0.742	1	1
-0.743	1	1
-0.744	1	1
-0.745	1	1
-0.746	1	1
-0.747	1	1
-0.748	1	1
-0.749	1	1
-0.75	1	1
-0.751	1	1
-0.752	1	1
-0.753	1	1
-0.754	1	1
-0.755	1	1
-0.756	1	1
-0.757	1	1
-0.758	1	1
-0.759	1	1
-0.76	1	1
-0.761	1	1
-0.762	1	1
-0.763	1	1
-0.764	1	1
-0.765	1	1
-0.766	1	1
-0.767	1	1
-0.768	1	1
-0.769	1	1
-0.77	1	1
-0.771	1	1
-0.772	1	1
-0.773	1	1
-0.774	1	1
-0.775	1	1
-0.776	1	1
-0.777	1	1
-0.778	1	1
-0.779	1	1
-0.78	1	1
-0.781	1	1
-0.782	1	1
-0.783	1	1
-0.784	1	1
-0.785	1	1
-0.786	1	1
-0.787	1	1
-0.788	1	1
-0.789	1	1
-0.79	1	1
-0.791	1	1
-0.792	1	1
-0.793	1	1
-0.794	1	1
-0.795	1	1
-0.796	1	1
-0.797	1	1
-0.798	1	1
-0.799	1	1
-0.8	1	1
-0.801	1	1
-0.802	1	1
-0.803	1	1
-0.804	1	1
-0.805	1	1
-0.806	1	1
-0.807	1	1
-0.808	1	1
-0.809	1	1
-0.81	1	1
-0.811	1	1
-0.812	1	1
-0.813	1	1
-0.814	1	1
-0.815	1	1
-0.816	1	1
-0.817	1	1
-0.818	1	1
-0.819	1	1
-0.82	1	1
-0.821	1	1
-0.822	1	1
-0.823	1	1
-0.824	1	1
-0.825	1	1
-0.826	1	1
-0.827	1	1
-0.828	1	1
-0.829	1	1
-0.83	1	1
-0.831	1	1
-0.832	1	1
-0.833	1	1
-0.834	1	1
-0.835	1	1
-0.836	1	1
-0.837	1	1
-0.838	1	1
-0.839	1	1
-0.84	1	1
-0.841	1	1
-0.842	1	1
-0.843	1	1
-0.844	1	1
-0.845	1	1
-0.846	1	1
-0.847	1	1
-0.848	1	1
-0.849	1	1
-0.85	1	1
-0.851	1	1
-0.852	1	1
-0.853	1	1
-0.854	1	1
-0.855	1	1
-0.856	1	1
-0.857	1	1
-0.858	1	1
-0.859	1	1
-0.86	1	1
-0.861	1	1
-0.862	1	1
-0.863	1	1
-0.864	1	1
-0.865	1	1
-0.866	1	1
-0.867	1	1
-0.868	1	1
-0.869	1	1
-0.87	1	1
-0.871	1	1
-0.872	1	1
-0.873	1	1
-0.874	1	1
-0.875	1	1
-0.876	1	1
-0.877	1	1
-0.878	1	1
-0.879	1	1
-0.88	1	1
-0.881	1	1
-0.882	1	1
-0.883	1	1
-0.884	1	1
-0.885	1	1
-0.886	1	1
-0.887	1	1
-0.888	1	1
-0.889	1	1
-0.89	1	1
-0.891	1	1
-0.892	1	1
-0.893	1	1
-0.894	1	1
-0.895	1	1
-0.896	1	1
-0.897	1	1
-0.898	1	1
-0.899	1	1
-0.9	1	1
-0.901	1	1
-0.902	1	1
-0.903	1	1
-0.904	1	1
-0.905	1	1
-0.906	1	1
-0.907	1	1
-0.908	1	1
-0.909	1	1
-0.91	1	1
-0.911	1	1
-0.912	1	1
-0.913	1	1
-0.914	1	1
-0.915	1	1
-0.916	1	1
-0.917	1	1
-0.918	1	1
-0.919	1	1
-0.92	1	1
-0.921	1	1
-0.922	1	1
-0.923	1	1
-0.924	1	1
-0.925	1	1
-0.926	1	1
-0.927	1	1
-0.928	1	1
-0.929	1	1
-0.93	1	1
-0.931	1	1
-0.932	1	1
-0.933	1	1
-0.934	1	1
-0.935	1	1
-0.936	1	1
-0.937	1	1
-0.938	1	1
-0.939	1	1
-0.94	1	1
-0.941	1	1
-0.942	1	1
-0.943	1	1
-0.944	1	1
-0.945	1	1
-0.946	1	1
-0.947	1	1
-0.948	1	1
-0.949	1	1
-0.95	1	1
-0.951	1	1
-0.952	1	1
-0.953	1	1
-0.954	1	1
-0.955	1	1
-0.956	1	1
-0.957	1	1
-0.958	1	1
-0.959	1	1
-0.96	1	1
-0.961	1	1
-0.962	1	1
-0.963	1	1
-0.964	1	1
-0.965	1	1
-0.966	1	1
-0.967	1	1
-0.968	1	1
-0.969	1	1
-0.97	1	1
-0.971	1	1
-0.972	1	1
-0.973	1	1
-0.974	1	1
-0.975	1	1
-0.976	1	1
-0.977	1	1
-0.978	1	1
-0.979	1	1
-0.98	1	1
-0.981	1	1
-0.982	1	1
-0.983	1	1
-0.984	1	1
-0.985	1	1
-0.986	1	1
-0.987	1	1
-0.988	1	1
-0.989	1	1
-0.99	1	1
-0.991	1	1
-0.992	1	1
-0.993	1	1
-0.994	1	1
-0.995	1	1
-0.996	1	1
-0.997	1	1
-0.998	1	1
-0.999	1	1
-1	1	1
