threshold	FAR	TAR
0.999	0	0
0.998	0	0
0.997	0	0
0.996	0	0
0.995	0	0
0.994	0	0
0.993	0	0
0.992	0	0
0.991	0	0
0.99	0	0
0.989	0	0
0.988	0	0
0.987	0	0
0.986	0	0
0.985	0	0
0.984	0	0
0.983	0	0
0.982	0	0
0.981	0	0
0.98	0	0
0.979	0	0
0.978	0	0
0.977	0	0
0.976	0	0
0.975	0	0
0.974	0	0
0.973	0	0
0.972	0	0
0.971	0	0
0.97	0	0
0.969	0	0
0.968	0	0
0.967	0	0
0.966	0	0
0.965	0	0
0.964	0	0
0.963	0	0
0.962	0	0
0.961	0	0
0.96	0	0
0.959	0	0
0.958	0	0
0.957	0	0
0.956	0	0
0.955	0	0
0.954	0	0
0.953	0	0
0.952	0	0
0.951	0	0
0.95	0	0
0.949	0	0
0.948	0	0
0.947	0	0
0.946	0	0
0.945	0	0.0025
0.944	0	0.0025
0.943	0	0.0025
0.942	0	0.0025
0.941	0	0.0025
0.94	0	0.0025
0.939	0	0.0025
0.938	0	0.0025
0.937	0	0.0025
0.936	0	0.0025
0.935	0	0.0025
0.934	0	0.0025
0.933	0	0.0025
0.932	0	0.0025
0.931	0	0.0025
0.93	0	0.0025
0.929	0	0.0025
0.928	0	0.0025
0.927	0	0.0025
0.926	0	0.0025
0.925	0	0.0025
0.924	0	0.0025
0.923	0	0.0025
0.922	0	0.005
0.921	0	0.005
0.92	0	0.005
0.919	0	0.005
0.918	0	0.005
0.917	0	0.005
0.916	0	0.005
0.915	0	0.005
0.914	0	0.005
0.913	0	0.005
0.912	0	0.005
0.911	0	0.005
0.91	0	0.0075
0.909	0	0.0075
0.908	0	0.0075
0.907	0	0.0075
0.906	0	0.0075
0.905	0	0.01
0.904	0	0.01
0.903	0	0.01
0.902	0	0.01
0.901	0	0.01
0.9	0	0.01
0.899	0	0.01
0.898	0	0.01
0.897	0	0.01
0.896	0	0.01
0.895	0	0.01
0.894	0	0.01
0.893	0	0.0125
0.892	0	0.015
0.891	0	0.0175
0.89	0	0.0175
0.889	0	0.0175
0.888	0	0.02
0.887	0	0.02
0.886	0	0.0225
0.885	0	0.0225
0.884	0	0.0225
0.883	0	0.0225
0.882	0	0.0225
0.881	0	0.0225
0.88	0	0.025
0.879	0	0.0275
0.878	0	0.0275
0.877	0	0.0275
0.876	0	0.0275
0.875	0	0.03
0.874	0	0.03
0.873	0	0.03
0.872	0	0.0325
0.871	0	0.0325
0.87	0	0.0325
0.869	0	0.0375
0.868	0	0.0375
0.867	0	0.0375
0.866	0	0.0375
0.865	0	0.0375
0.864	0	0.0375
0.863	0	0.0375
0.862	0	0.04
0.861	0	0.04
0.86	0	0.04
0.859	0	0.04
0.858	0	0.0425
0.857	0	0.045
0.856	0	0.0475
0.855	0	0.0475
0.854	0	0.0475
0.853	0	0.0475
0.852	0	0.0475
0.851	0	0.0475
0.85	0	0.05
0.849	0	0.05
0.848	0	0.05
0.847	0	0.0525
0.846	0	0.0525
0.845	0	0.0525
0.844	0	0.055
0.843	0	0.0575
0.842	0	0.0575
0.841	0	0.0575
0.84	0	0.0575
0.839	0	0.06
0.838	0	0.06
0.837	0	0.06
0.836	0	0.06
0.835	0	0.0625
0.834	0	0.0625
0.833	0	0.065
0.832	0	0.07
0.831	0	0.0725
0.83	0	0.0725
0.829	0	0.075
0.828	0	0.08
0.827	0	0.085
0.826	0	0.085
0.825	0	0.085
0.824	0	0.085
0.823	0	0.085
0.822	0	0.09
0.821	0	0.095
0.82	0	0.0975
0.819	0	0.1
0.818	0	0.1
0.817	0	0.1025
0.816	0	0.1025
0.815	0	0.1025
0.814	0	0.1025
0.813	0	0.1025
0.812	0	0.1025
0.811	0	0.105
0.81	0	0.1075
0.809	0	0.1075
0.808	0	0.1075
0.807	0	0.1075
0.806	0	0.1075
0.805	0	0.11
0.804	0	0.11
0.803	0	0.1125
0.802	0	0.1125
0.801	0	0.115
0.8	0	0.1175
0.799	0	0.12
0.798	0	0.1225
0.797	0	0.1225
0.796	0	0.125
0.795	0	0.125
0.794	0	0.125
0.793	0	0.1275
0.792	0	0.1275
0.791	0	0.13
0.79	0	0.13
0.789	0	0.13
0.788	0	0.1325
0.787	0	0.1325
0.786	0	0.1375
0.785	0	0.14
0.784	0	0.1425
0.783	0	0.1425
0.782	0	0.1425
0.781	0	0.1425
0.78	0	0.1475
0.779	0	0.1475
0.778	0	0.1475
0.777	0	0.1475
0.776	0	0.1475
0.775	0	0.1525
0.774	0	0.1525
0.773	0	0.155
0.772	0	0.155
0.771	0	0.165
0.77	0	0.17
0.769	0	0.17
0.768	0	0.17
0.767	0	0.17
0.766	0	0.17
0.765	0	0.17
0.764	0	0.17
0.763	0	0.17
0.762	0	0.17
0.761	0	0.17
0.76	0	0.1725
0.759	0	0.175
0.758	0	0.175
0.757	0	0.1775
0.756	0	0.18
0.755	0	0.1825
0.754	0	0.1825
0.753	0	0.1825
0.752	0	0.1825
0.751	0	0.1825
0.75	0	0.185
0.749	0	0.1875
0.748	0	0.19
0.747	0	0.1925
0.746	0	0.195
0.745	0	0.2
0.744	0	0.2025
0.743	0	0.2025
0.742	0	0.2075
0.741	0	0.2125
0.74	0	0.2125
0.739	0	0.215
0.738	0	0.215
0.737	0	0.2175
0.736	0	0.2175
0.735	0	0.2225
0.734	0	0.225
0.733	0	0.23
0.732	0	0.235
0.731	0	0.235
0.73	0	0.235
0.729	0	0.2375
0.728	0	0.24
0.727	0	0.24
0.726	0	0.25
0.725	0	0.25
0.724	0	0.2525
0.723	0	0.2525
0.722	0	0.2525
0.721	0	0.2525
0.72	0	0.255
0.719	0	0.255
0.718	0	0.255
0.717	0	0.255
0.716	0	0.2625
0.715	0	0.2675
0.714	0	0.2675
0.713	0	0.2675
0.712	0	0.27
0.711	0	0.2725
0.71	0	0.2725
0.709	0	0.2725
0.708	0	0.275
0.707	0	0.275
0.706	0	0.2775
0.705	0	0.2775
0.704	0	0.2775
0.703	0	0.2775
0.702	0	0.2825
0.701	0	0.285
0.7	0	0.285
0.699	0	0.285
0.698	0	0.2875
0.697	0	0.2925
0.696	0	0.295
0.695	0	0.2975
0.694	0	0.3
0.693	0	0.3025
0.692	0	0.305
0.691	0	0.3075
0.69	0	0.3075
0.689	0	0.3075
0.688	0	0.3075
0.687	0	0.3125
0.686	0	0.3125
0.685	0	0.3125
0.684	0	0.3125
0.683	0	0.315
0.682	0	0.3225
0.681	0	0.3275
0.68	0	0.33
0.679	0	0.3325
0.678	0	0.3325
0.677	0	0.3325
0.676	0	0.335
0.675	0	0.335
0.674	0	0.3425
0.673	0	0.345
0.672	0	0.3475
0.671	0	0.3525
0.67	0	0.36
0.669	0	0.3625
0.668	0	0.3675
0.667	0	0.37
0.666	0	0.37
0.665	0	0.375
0.664	0	0.375
0.663	0	0.375
0.662	0	0.375
0.661	0	0.38
0.66	0	0.38
0.659	0	0.3825
0.658	0	0.385
0.657	0	0.3875
0.656	0	0.39
0.655	0	0.39
0.654	0	0.3925
0.653	0	0.3925
0.652	0	0.395
0.651	0	0.395
0.65	0	0.395
0.649	0	0.4
0.648	0	0.4
0.647	0	0.4
0.646	0	0.405
0.645	0	0.405
0.644	0	0.4075
0.643	0	0.4125
0.642	0	0.4125
0.641	0	0.415
0.64	0	0.415
0.639	0	0.4175
0.638	0	0.4225
0.637	0	0.4225
0.636	0	0.425
0.635	0	0.4275
0.634	0	0.43
0.633	0	0.43
0.632	0	0.4325
0.631	0	0.4325
0.63	0	0.435
0.629	0	0.435
0.628	0	0.435
0.627	0	0.4375
0.626	0	0.44
0.625	0	0.4425
0.624	0	0.4475
0.623	0	0.4525
0.622	0	0.4525
0.621	0	0.455
0.62	0	0.46
0.619	0	0.4625
0.618	0	0.465
0.617	0	0.47
0.616	0	0.47
0.615	0	0.4725
0.614	0	0.475
0.613	0	0.4775
0.612	0	0.4775
0.611	0	0.48
0.61	0	0.48
0.609	0	0.4825
0.608	0	0.485
0.607	0	0.4875
0.606	0	0.4875
0.605	0	0.4875
0.604	0	0.4875
0.603	0	0.4925
0.602	0	0.495
0.601	0	0.5025
0.6	0	0.505
0.599	0	0.505
0.598	0	0.505
0.597	0	0.505
0.596	0	0.5075
0.595	0	0.5075
0.594	0	0.515
0.593	0	0.515
0.592	0	0.52
0.591	0	0.52
0.59	0	0.5225
0.589	0	0.525
0.588	0	0.5275
0.587	0	0.5275
0.586	0	0.5275
0.585	0	0.53
0.584	0	0.535
0.583	0	0.5375
0.582	0	0.5375
0.581	0	0.5375
0.58	0	0.54
0.579	0	0.5425
0.578	0	0.545
0.577	0	0.545
0.576	0	0.5475
0.575	0	0.5475
0.574	0	0.55
0.573	0	0.55
0.572	0	0.5525
0.571	0	0.5525
0.57	0	0.555
0.569	0	0.555
0.568	0	0.555
0.567	0	0.5575
0.566	0	0.5625
0.565	0	0.565
0.564	0	0.57
0.563	0	0.5725
0.562	0	0.575
0.561	0	0.5775
0.56	0	0.5775
0.559	0	0.58
0.558	0	0.58
0.557	0	0.5825
0.556	0	0.5825
0.555	0	0.5825
0.554	0	0.585
0.553	0	0.5875
0.552	0	0.595
0.551	0	0.595
0.55	0	0.595
0.549	0	0.6
0.548	0	0.6
0.547	0	0.605
0.546	0	0.61
0.545	0	0.6125
0.544	0	0.6175
0.543	0	0.6225
0.542	0	0.6225
0.541	0	0.6225
0.54	0	0.6225
0.539	0	0.6275
0.538	0	0.63
0.537	0	0.63
0.536	0	0.63
0.535	0	0.6325
0.534	0	0.6325
0.533	0	0.6325
0.532	0	0.6375
0.531	0	0.6375
0.53	0	0.64
0.529	0	0.6425
0.528	0	0.6475
0.527	0	0.6475
0.526	0	0.65
0.525	0	0.6525
0.524	0	0.655
0.523	0	0.655
0.522	0	0.6625
0.521	0	0.665
0.52	0	0.6675
0.519	0	0.67
0.518	0	0.6725
0.517	0	0.6725
0.516	0	0.675
0.515	0	0.675
0.514	0	0.6775
0.513	0	0.6775
0.512	0	0.68
0.511	0	0.68
0.51	0	0.68
0.509	0	0.6825
0.508	0	0.685
0.507	0	0.685
0.506	0	0.685
0.505	0	0.685
0.504	0	0.6875
0.503	0	0.6875
0.502	0	0.6875
0.501	0	0.6875
0.5	0	0.6875
0.499	0	0.6925
0.498	0	0.6925
0.497	0	0.695
0.496	0	0.695
0.495	0	0.695
0.494	0	0.695
0.493	0	0.7
0.492	0	0.7025
0.491	0	0.705
0.49	0	0.705
0.489	0	0.705
0.488	0	0.705
0.487	0	0.705
0.486	0	0.705
0.485	0	0.705
0.484	0	0.7075
0.483	0	0.71
0.482	0	0.71
0.481	0	0.71
0.48	0	0.7125
0.479	0	0.7125
0.478	0	0.715
0.477	0	0.715
0.476	0	0.7175
0.475	0	0.7175
0.474	0	0.72
0.473	0	0.7225
0.472	0	0.7225
0.471	0	0.7225
0.47	0	0.7225
0.469	0	0.7225
0.468	0	0.7225
0.467	0	0.7225
0.466	0	0.7275
0.465	0	0.73
0.464	0	0.73
0.463	0	0.73
0.462	0	0.735
0.461	0	0.735
0.46	0	0.735
0.459	0	0.735
0.458	0	0.7375
0.457	0	0.7375
0.456	0	0.74
0.455	0	0.7425
0.454	0	0.7425
0.453	0	0.7425
0.452	0	0.7425
0.451	0	0.7475
0.45	0	0.7475
0.449	0	0.7475
0.448	0	0.7475
0.447	0	0.75
0.446	0	0.75
0.445	0	0.75
0.444	0	0.75
0.443	0	0.7525
0.442	0	0.7525
0.441	0	0.7525
0.44	0	0.7525
0.439	0	0.7525
0.438	0	0.755
0.437	0	0.7575
0.436	0	0.7575
0.435	0	0.7575
0.434	0	0.7575
0.433	0	0.7575
0.432	0	0.7625
0.431	0	0.765
0.43	0	0.765
0.429	0	0.765
0.428	0	0.7675
0.427	0	0.7675
0.426	0	0.77
0.425	0	0.775
0.424	0	0.775
0.423	0	0.7775
0.422	0	0.78
0.421	0	0.7825
0.42	0	0.785
0.419	0	0.785
0.418	0	0.785
0.417	0	0.785
0.416	0	0.785
0.415	0	0.785
0.414	0	0.7875
0.413	0	0.7875
0.412	0	0.7875
0.411	0	0.7875
0.41	0	0.79
0.409	0	0.79
0.408	0	0.7925
0.407	0	0.7925
0.406	0	0.7925
0.405	0	0.795
0.404	2.525252525e-05	0.795
0.403	2.525252525e-05	0.7975
0.402	2.525252525e-05	0.8
0.401	2.525252525e-05	0.8
0.4	2.525252525e-05	0.8
0.399	5.050505051e-05	0.8
0.398	5.050505051e-05	0.8
0.397	5.050505051e-05	0.8
0.396	5.050505051e-05	0.8
0.395	5.050505051e-05	0.8025
0.394	7.575757576e-05	0.8025
0.393	7.575757576e-05	0.805
0.392	7.575757576e-05	0.805
0.391	7.575757576e-05	0.805
0.39	7.575757576e-05	0.805
0.389	7.575757576e-05	0.805
0.388	7.575757576e-05	0.8075
0.387	7.575757576e-05	0.8075
0.386	7.575757576e-05	0.8075
0.385	7.575757576e-05	0.81
0.384	7.575757576e-05	0.81
0.383	7.575757576e-05	0.8125
0.382	7.575757576e-05	0.8125
0.381	7.575757576e-05	0.8125
0.38	7.575757576e-05	0.8125
0.379	7.575757576e-05	0.8125
0.378	7.575757576e-05	0.8175
0.377	7.575757576e-05	0.8175
0.376	7.575757576e-05	0.8225
0.375	7.575757576e-05	0.8225
0.374	7.575757576e-05	0.8275
0.373	7.575757576e-05	0.83
0.372	0.000101010101	0.83
0.371	0.000101010101	0.83
0.37	0.000101010101	0.83
0.369	0.000101010101	0.83
0.368	0.000101010101	0.83
0.367	0.000101010101	0.8325
0.366	0.000101010101	0.8325
0.365	0.0001262626263	0.835
0.364	0.0001515151515	0.835
0.363	0.0001767676768	0.835
0.362	0.0001767676768	0.835
0.361	0.0001767676768	0.8375
0.36	0.0001767676768	0.8375
0.359	0.0001767676768	0.8375
0.358	0.0002272727273	0.84
0.357	0.0002272727273	0.84
0.356	0.0002272727273	0.84
0.355	0.0002272727273	0.8425
0.354	0.0002525252525	0.8425
0.353	0.0002777777778	0.8425
0.352	0.0002777777778	0.8425
0.351	0.000303030303	0.8425
0.35	0.000303030303	0.8425
0.349	0.0003535353535	0.8425
0.348	0.0003787878788	0.8425
0.347	0.0004292929293	0.8425
0.346	0.0004292929293	0.8425
0.345	0.0004545454545	0.8425
0.344	0.0004545454545	0.8425
0.343	0.0004545454545	0.8425
0.342	0.0004545454545	0.8425
0.341	0.0004545454545	0.8425
0.34	0.0004545454545	0.8425
0.339	0.0004545454545	0.8425
0.338	0.0004797979798	0.8425
0.337	0.0005050505051	0.8425
0.336	0.0005050505051	0.8425
0.335	0.0005050505051	0.8425
0.334	0.0005555555556	0.8425
0.333	0.0005808080808	0.8425
0.332	0.0006060606061	0.8425
0.331	0.0006313131313	0.8425
0.33	0.0006565656566	0.8425
0.329	0.0006818181818	0.845
0.328	0.0007575757576	0.845
0.327	0.0008080808081	0.8475
0.326	0.0008080808081	0.8475
0.325	0.0008585858586	0.8475
0.324	0.0008585858586	0.8475
0.323	0.0008838383838	0.8475
0.322	0.0009090909091	0.8475
0.321	0.0009343434343	0.8475
0.32	0.0009343434343	0.85
0.319	0.0009343434343	0.85
0.318	0.0009343434343	0.85
0.317	0.0009595959596	0.85
0.316	0.00101010101	0.85
0.315	0.001035353535	0.85
0.314	0.001085858586	0.8525
0.313	0.001111111111	0.8575
0.312	0.001186868687	0.86
0.311	0.001212121212	0.86
0.31	0.001212121212	0.86
0.309	0.001262626263	0.86
0.308	0.001262626263	0.8625
0.307	0.001313131313	0.8625
0.306	0.001414141414	0.8625
0.305	0.001439393939	0.8625
0.304	0.001515151515	0.8625
0.303	0.001515151515	0.8625
0.302	0.001590909091	0.8625
0.301	0.001717171717	0.8625
0.3	0.001717171717	0.8625
0.299	0.001717171717	0.8625
0.298	0.001717171717	0.8625
0.297	0.001767676768	0.865
0.296	0.001767676768	0.865
0.295	0.001818181818	0.865
0.294	0.001843434343	0.8675
0.293	0.001893939394	0.87
0.292	0.001994949495	0.87
0.291	0.00202020202	0.87
0.29	0.002146464646	0.8725
0.289	0.002146464646	0.8725
0.288	0.002146464646	0.8725
0.287	0.002171717172	0.8725
0.286	0.002348484848	0.8725
0.285	0.002525252525	0.8725
0.284	0.002702020202	0.875
0.283	0.002752525253	0.875
0.282	0.002828282828	0.875
0.281	0.003005050505	0.875
0.28	0.003156565657	0.875
0.279	0.003257575758	0.875
0.278	0.003434343434	0.875
0.277	0.003611111111	0.875
0.276	0.003712121212	0.875
0.275	0.003914141414	0.875
0.274	0.004090909091	0.875
0.273	0.004166666667	0.875
0.272	0.004368686869	0.875
0.271	0.004419191919	0.875
0.27	0.00452020202	0.875
0.269	0.004595959596	0.875
0.268	0.004722222222	0.875
0.267	0.004797979798	0.875
0.266	0.005025252525	0.875
0.265	0.005101010101	0.875
0.264	0.005303030303	0.875
0.263	0.005378787879	0.875
0.262	0.00547979798	0.875
0.261	0.005656565657	0.875
0.26	0.005808080808	0.875
0.259	0.006060606061	0.875
0.258	0.006287878788	0.875
0.257	0.00648989899	0.875
0.256	0.006666666667	0.875
0.255	0.006868686869	0.875
0.254	0.007095959596	0.875
0.253	0.007348484848	0.875
0.252	0.007626262626	0.875
0.251	0.007878787879	0.88
0.25	0.008080808081	0.88
0.249	0.008257575758	0.88
0.248	0.008383838384	0.88
0.247	0.008535353535	0.88
0.246	0.008787878788	0.88
0.245	0.00898989899	0.88
0.244	0.009267676768	0.88
0.243	0.009621212121	0.88
0.242	0.009873737374	0.88
0.241	0.01017676768	0.88
0.24	0.01053030303	0.88
0.239	0.01088383838	0.8825
0.238	0.01116161616	0.8825
0.237	0.01136363636	0.8825
0.236	0.01176767677	0.8825
0.235	0.0120959596	0.8825
0.234	0.01232323232	0.8825
0.233	0.01272727273	0.8825
0.232	0.01297979798	0.8825
0.231	0.01318181818	0.8825
0.23	0.01356060606	0.885
0.229	0.01391414141	0.885
0.228	0.01421717172	0.8875
0.227	0.01462121212	0.8875
0.226	0.01487373737	0.8875
0.225	0.01542929293	0.8875
0.224	0.01590909091	0.8875
0.223	0.01631313131	0.8875
0.222	0.01666666667	0.8875
0.221	0.01696969697	0.8875
0.22	0.01734848485	0.8875
0.219	0.01777777778	0.8875
0.218	0.01823232323	0.8875
0.217	0.01858585859	0.8875
0.216	0.01909090909	0.8875
0.215	0.01952020202	0.8875
0.214	0.0197979798	0.8875
0.213	0.02015151515	0.8875
0.212	0.02075757576	0.8875
0.211	0.02121212121	0.8875
0.21	0.02164141414	0.8875
0.209	0.02207070707	0.8875
0.208	0.02255050505	0.8875
0.207	0.02310606061	0.8875
0.206	0.02351010101	0.89
0.205	0.02404040404	0.89
0.204	0.02467171717	0.89
0.203	0.02505050505	0.89
0.202	0.02555555556	0.89
0.201	0.02616161616	0.89
0.2	0.02694444444	0.89
0.199	0.02755050505	0.89
0.198	0.02820707071	0.89
0.197	0.02871212121	0.89
0.196	0.02934343434	0.89
0.195	0.02977272727	0.89
0.194	0.03042929293	0.89
0.193	0.03103535354	0.89
0.192	0.03169191919	0.89
0.191	0.03234848485	0.89
0.19	0.03308080808	0.89
0.189	0.03383838384	0.89
0.188	0.03467171717	0.89
0.187	0.03542929293	0.8925
0.186	0.03606060606	0.8925
0.185	0.03684343434	0.8925
0.184	0.03752525253	0.8925
0.183	0.03851010101	0.8925
0.182	0.03929292929	0.8925
0.181	0.04027777778	0.8925
0.18	0.04106060606	0.8925
0.179	0.04199494949	0.8925
0.178	0.04313131313	0.8925
0.177	0.04388888889	0.8925
0.176	0.04474747475	0.8925
0.175	0.04580808081	0.8925
0.174	0.04707070707	0.8925
0.173	0.04805555556	0.8925
0.172	0.04924242424	0.8925
0.171	0.05005050505	0.8925
0.17	0.05068181818	0.8925
0.169	0.05174242424	0.8925
0.168	0.05275252525	0.8925
0.167	0.05371212121	0.8925
0.166	0.05454545455	0.8925
0.165	0.05555555556	0.8925
0.164	0.05659090909	0.8925
0.163	0.05757575758	0.8925
0.162	0.05871212121	0.8925
0.161	0.05994949495	0.8925
0.16	0.06118686869	0.895
0.159	0.06217171717	0.8975
0.158	0.06353535354	0.8975
0.157	0.06487373737	0.8975
0.156	0.06628787879	0.9
0.155	0.06747474747	0.9
0.154	0.06856060606	0.9
0.153	0.07	0.9
0.152	0.07101010101	0.9
0.151	0.07196969697	0.9025
0.15	0.07313131313	0.9025
0.149	0.07414141414	0.9025
0.148	0.07580808081	0.9025
0.147	0.07676767677	0.9025
0.146	0.07835858586	0.9025
0.145	0.0796969697	0.9025
0.144	0.08080808081	0.9025
0.143	0.08275252525	0.9025
0.142	0.08439393939	0.9025
0.141	0.08618686869	0.9025
0.14	0.08767676768	0.9025
0.139	0.08909090909	0.9025
0.138	0.0903030303	0.9025
0.137	0.09174242424	0.9025
0.136	0.09363636364	0.9025
0.135	0.0951010101	0.9025
0.134	0.09671717172	0.9025
0.133	0.09848484848	0.9025
0.132	0.1002272727	0.9025
0.131	0.101969697	0.9025
0.13	0.1036111111	0.9025
0.129	0.1054040404	0.9025
0.128	0.1075505051	0.9025
0.127	0.1095454545	0.9025
0.126	0.1114141414	0.905
0.125	0.1133585859	0.9075
0.124	0.1150252525	0.9075
0.123	0.1167424242	0.9075
0.122	0.1186363636	0.9075
0.121	0.1204292929	0.9075
0.12	0.1223232323	0.9075
0.119	0.1245707071	0.9075
0.118	0.1265909091	0.91
0.117	0.1282070707	0.91
0.116	0.130479798	0.9125
0.115	0.1328535354	0.9125
0.114	0.1348737374	0.9125
0.113	0.1370959596	0.9125
0.112	0.1393181818	0.9125
0.111	0.1417171717	0.9125
0.11	0.1436616162	0.9125
0.109	0.1460353535	0.915
0.108	0.1481818182	0.915
0.107	0.1500757576	0.915
0.106	0.152020202	0.915
0.105	0.1547222222	0.915
0.104	0.1568181818	0.915
0.103	0.159040404	0.915
0.102	0.1617929293	0.915
0.101	0.164520202	0.915
0.1	0.1671212121	0.915
0.099	0.1698232323	0.915
0.098	0.1718939394	0.9175
0.097	0.1743181818	0.92
0.096	0.1770454545	0.92
0.095	0.1793434343	0.92
0.094	0.1813636364	0.92
0.093	0.1840909091	0.9225
0.092	0.1862626263	0.9225
0.091	0.1892424242	0.9225
0.09	0.1921464646	0.9225
0.089	0.1951010101	0.925
0.088	0.1975757576	0.925
0.087	0.2007828283	0.925
0.086	0.2037121212	0.925
0.085	0.206540404	0.925
0.084	0.2096212121	0.925
0.083	0.2123737374	0.925
0.082	0.2149747475	0.9275
0.081	0.2182828283	0.9325
0.08	0.2211363636	0.9325
0.079	0.2237878788	0.935
0.078	0.226969697	0.935
0.077	0.2301010101	0.935
0.076	0.2327777778	0.935
0.075	0.2359343434	0.9375
0.074	0.2387121212	0.9375
0.073	0.2415656566	0.94
0.072	0.2446969697	0.94
0.071	0.2476767677	0.94
0.07	0.2510606061	0.94
0.069	0.2540151515	0.9425
0.068	0.2573232323	0.9425
0.067	0.2608585859	0.9425
0.066	0.2642676768	0.9425
0.065	0.2677777778	0.9425
0.064	0.2703282828	0.9425
0.063	0.2738131313	0.9425
0.062	0.2767171717	0.945
0.061	0.2799494949	0.9475
0.06	0.2833080808	0.9475
0.059	0.2867676768	0.9475
0.058	0.2897474747	0.9475
0.057	0.2931060606	0.95
0.056	0.2968939394	0.95
0.055	0.2997979798	0.95
0.054	0.3029545455	0.95
0.053	0.3056818182	0.9525
0.052	0.3093939394	0.9525
0.051	0.3130555556	0.9525
0.05	0.317020202	0.9525
0.049	0.3210353535	0.9525
0.048	0.3245707071	0.9525
0.047	0.3281060606	0.9525
0.046	0.3318434343	0.9525
0.045	0.3352777778	0.9525
0.044	0.3385606061	0.9525
0.043	0.3422474747	0.9525
0.042	0.3452525253	0.955
0.041	0.3493686869	0.955
0.04	0.3527525253	0.955
0.039	0.3557070707	0.955
0.038	0.3594949495	0.955
0.037	0.3634090909	0.955
0.036	0.3672222222	0.955
0.035	0.3706565657	0.955
0.034	0.3747222222	0.955
0.033	0.378510101	0.955
0.032	0.3827020202	0.955
0.031	0.387020202	0.955
0.03	0.391010101	0.955
0.029	0.3946969697	0.955
0.028	0.3986616162	0.955
0.027	0.4024494949	0.955
0.026	0.4058585859	0.955
0.025	0.4093181818	0.955
0.024	0.4134343434	0.955
0.023	0.4174747475	0.955
0.022	0.4211111111	0.955
0.021	0.4246212121	0.955
0.02	0.4285353535	0.955
0.019	0.4321212121	0.955
0.018	0.4357828283	0.955
0.017	0.4392676768	0.955
0.016	0.4429292929	0.955
0.015	0.446969697	0.955
0.014	0.450959596	0.955
0.013	0.4543686869	0.955
0.012	0.4585353535	0.955
0.011	0.4621717172	0.955
0.01	0.4661363636	0.955
0.009	0.470479798	0.9575
0.008	0.4742424242	0.9575
0.007	0.478510101	0.9575
0.006	0.4822727273	0.9575
0.005	0.4857070707	0.9575
0.004	0.4901010101	0.96
0.003	0.4939141414	0.96
0.002	0.4983080808	0.96
0.001	0.5024242424	0.96
0	0.506540404	0.96
-0.001	0.5104292929	0.96
-0.002	0.5140909091	0.96
-0.003	0.5183080808	0.96
-0.004	0.5227525253	0.96
-0.005	0.5268939394	0.96
-0.006	0.5311868687	0.96
-0.007	0.5347222222	0.96
-0.008	0.538510101	0.96
-0.009	0.5426262626	0.96
-0.01	0.546489899	0.96
-0.011	0.550479798	0.96
-0.012	0.5545707071	0.96
-0.013	0.5585606061	0.96
-0.014	0.5628535354	0.96
-0.015	0.5667424242	0.9625
-0.016	0.5706565657	0.965
-0.017	0.5747474747	0.9675
-0.018	0.5788636364	0.9675
-0.019	0.5827525253	0.9675
-0.02	0.5867929293	0.9675
-0.021	0.5908838384	0.9675
-0.022	0.5949494949	0.9675
-0.023	0.5984848485	0.9675
-0.024	0.6023484848	0.9675
-0.025	0.606010101	0.9675
-0.026	0.6096464646	0.9675
-0.027	0.6136111111	0.9675
-0.028	0.6173737374	0.9675
-0.029	0.6214141414	0.9675
-0.03	0.6252272727	0.9675
-0.031	0.6289393939	0.9675
-0.032	0.6329545455	0.9675
-0.033	0.6368434343	0.9675
-0.034	0.6411616162	0.97
-0.035	0.6445959596	0.97
-0.036	0.648510101	0.97
-0.037	0.6521969697	0.97
-0.038	0.6559090909	0.9725
-0.039	0.6604292929	0.9725
-0.04	0.6640656566	0.9725
-0.041	0.6682828283	0.9725
-0.042	0.6723989899	0.9725
-0.043	0.6761868687	0.9725
-0.044	0.6798989899	0.9725
-0.045	0.6828535354	0.9725
-0.046	0.6864646465	0.9725
-0.047	0.6899494949	0.9725
-0.048	0.6937373737	0.9725
-0.049	0.6974747475	0.9725
-0.05	0.7013131313	0.9725
-0.051	0.7046969697	0.9725
-0.052	0.7077777778	0.9725
-0.053	0.7109848485	0.9725
-0.054	0.7146717172	0.9725
-0.055	0.7184090909	0.9725
-0.056	0.7214393939	0.9725
-0.057	0.7251010101	0.9725
-0.058	0.7289141414	0.9725
-0.059	0.7322474747	0.9725
-0.06	0.7356818182	0.9725
-0.061	0.7389393939	0.9725
-0.062	0.7423484848	0.9725
-0.063	0.7457575758	0.9725
-0.064	0.7495454545	0.9725
-0.065	0.7528787879	0.9725
-0.066	0.7558585859	0.9775
-0.067	0.7591666667	0.98
-0.068	0.7622727273	0.98
-0.069	0.7655808081	0.98
-0.07	0.7688888889	0.9825
-0.071	0.7718434343	0.9825
-0.072	0.7748484848	0.9825
-0.073	0.7778282828	0.9825
-0.074	0.7803535354	0.9825
-0.075	0.7830555556	0.9825
-0.076	0.785530303	0.9825
-0.077	0.788459596	0.9825
-0.078	0.7913888889	0.9825
-0.079	0.7944191919	0.9825
-0.08	0.7977272727	0.9825
-0.081	0.8002272727	0.9825
-0.082	0.8030808081	0.9825
-0.083	0.8058585859	0.9825
-0.084	0.8085606061	0.9825
-0.085	0.8114646465	0.9825
-0.086	0.8143686869	0.9825
-0.087	0.8168434343	0.9825
-0.088	0.8193181818	0.9825
-0.089	0.8219191919	0.9825
-0.09	0.8242424242	0.9825
-0.091	0.8270454545	0.985
-0.092	0.8293939394	0.985
-0.093	0.831540404	0.985
-0.094	0.8346464646	0.985
-0.095	0.8371717172	0.985
-0.096	0.8396969697	0.985
-0.097	0.8422474747	0.985
-0.098	0.8448484848	0.985
-0.099	0.8471464646	0.985
-0.1	0.849469697	0.985
-0.101	0.8515656566	0.9875
-0.102	0.8543434343	0.9875
-0.103	0.8562121212	0.9875
-0.104	0.8583080808	0.9875
-0.105	0.8604040404	0.9875
-0.106	0.8626767677	0.9875
-0.107	0.8650757576	0.9875
-0.108	0.8675757576	0.9875
-0.109	0.8701767677	0.9875
-0.11	0.8723232323	0.9875
-0.111	0.8746212121	0.9875
-0.112	0.8767171717	0.9875
-0.113	0.8790909091	0.9875
-0.114	0.8814646465	0.9875
-0.115	0.8833838384	0.9875
-0.116	0.8854292929	0.9875
-0.117	0.8869444444	0.9875
-0.118	0.8887878788	0.9875
-0.119	0.8906565657	0.9875
-0.12	0.8927272727	0.9875
-0.121	0.8946969697	0.9875
-0.122	0.8964646465	0.9875
-0.123	0.898510101	0.9875
-0.124	0.9005050505	0.9875
-0.125	0.9021212121	0.9875
-0.126	0.9035858586	0.9875
-0.127	0.9055808081	0.9875
-0.128	0.9071969697	0.9875
-0.129	0.9083585859	0.9875
-0.13	0.9098484848	0.9875
-0.131	0.9112878788	0.9875
-0.132	0.9125757576	0.99
-0.133	0.9146212121	0.99
-0.134	0.9159848485	0.99
-0.135	0.9174494949	0.99
-0.136	0.9191666667	0.99
-0.137	0.9204040404	0.99
-0.138	0.9218939394	0.99
-0.139	0.9234848485	0.99
-0.14	0.9249242424	0.99
-0.141	0.9264393939	0.99
-0.142	0.9280050505	0.99
-0.143	0.9291919192	0.99
-0.144	0.9307070707	0.99
-0.145	0.9321212121	0.99
-0.146	0.933459596	0.99
-0.147	0.9344949495	0.99
-0.148	0.9358838384	0.99
-0.149	0.9372979798	0.99
-0.15	0.9386111111	0.99
-0.151	0.9397727273	0.99
-0.152	0.9409090909	0.99
-0.153	0.9421717172	0.9925
-0.154	0.9432575758	0.9925
-0.155	0.9444191919	0.9925
-0.156	0.9458080808	0.9925
-0.157	0.946969697	0.9925
-0.158	0.9478787879	0.9925
-0.159	0.9490909091	0.9925
-0.16	0.9502272727	0.9925
-0.161	0.9512626263	0.9925
-0.162	0.9523484848	0.9925
-0.163	0.9535353535	0.9925
-0.164	0.9546212121	0.9925
-0.165	0.9556565657	0.9925
-0.166	0.9562878788	0.9925
-0.167	0.9574242424	0.9925
-0.168	0.9583585859	0.9925
-0.169	0.9592171717	0.9925
-0.17	0.9602020202	0.9925
-0.171	0.9610606061	0.9925
-0.172	0.961969697	0.9925
-0.173	0.9625505051	0.9925
-0.174	0.963459596	0.9925
-0.175	0.9641161616	0.9925
-0.176	0.9650505051	0.995
-0.177	0.9658838384	0.995
-0.178	0.966489899	0.995
-0.179	0.9671969697	0.995
-0.18	0.9679292929	0.995
-0.181	0.9686616162	0.995
-0.182	0.9692929293	0.995
-0.183	0.9701767677	0.995
-0.184	0.9708080808	0.995
-0.185	0.9716919192	0.995
-0.186	0.9725505051	0.995
-0.187	0.9731565657	0.995
-0.188	0.9736363636	0.995
-0.189	0.9742676768	0.9975
-0.19	0.9748737374	0.9975
-0.191	0.9752777778	0.9975
-0.192	0.9759090909	0.9975
-0.193	0.9766161616	0.9975
-0.194	0.9773484848	0.9975
-0.195	0.9776767677	0.9975
-0.196	0.9782575758	0.9975
-0.197	0.9791161616	0.9975
-0.198	0.9794191919	0.9975
-0.199	0.9798232323	0.9975
-0.2	0.9804040404	0.9975
-0.201	0.9808333333	0.9975
-0.202	0.9813888889	1
-0.203	0.9819444444	1
-0.204	0.9822222222	1
-0.205	0.9827777778	1
-0.206	0.9831818182	1
-0.207	0.9835353535	1
-0.208	0.9838636364	1
-0.209	0.9843434343	1
-0.21	0.9847222222	1
-0.211	0.9850505051	1
-0.212	0.9853535354	1
-0.213	0.9857828283	1
-0.214	0.986010101	1
-0.215	0.9864393939	1
-0.216	0.9870707071	1
-0.217	0.9873484848	1
-0.218	0.9877020202	1
-0.219	0.9879040404	1
-0.22	0.9881060606	1
-0.221	0.9883838384	1
-0.222	0.9887878788	1
-0.223	0.9891161616	1
-0.224	0.9894444444	1
-0.225	0.9896969697	1
-0.226	0.9900252525	1
-0.227	0.9903030303	1
-0.228	0.9905555556	1
-0.229	0.9906818182	1
-0.23	0.9909343434	1
-0.231	0.9911616162	1
-0.232	0.9912878788	1
-0.233	0.9916666667	1
-0.234	0.9919444444	1
-0.235	0.9923737374	1
-0.236	0.9927525253	1
-0.237	0.9930050505	1
-0.238	0.9931818182	1
-0.239	0.993459596	1
-0.24	0.9936363636	1
-0.241	0.9938131313	1
-0.242	0.9941919192	1
-0.243	0.9943181818	1
-0.244	0.9944949495	1
-0.245	0.9946969697	1
-0.246	0.995	1
-0.247	0.9951010101	1
-0.248	0.9951767677	1
-0.249	0.9952777778	1
-0.25	0.9954040404	1
-0.251	0.995479798	1
-0.252	0.9956060606	1
-0.253	0.9957323232	1
-0.254	0.9958080808	1
-0.255	0.9958585859	1
-0.256	0.9959090909	1
-0.257	0.9961616162	1
-0.258	0.9963636364	1
-0.259	0.9965151515	1
-0.26	0.9965909091	1
-0.261	0.9967676768	1
-0.262	0.9968181818	1
-0.263	0.9970707071	1
-0.264	0.9972222222	1
-0.265	0.9973989899	1
-0.266	0.9975	1
-0.267	0.9975252525	1
-0.268	0.9975505051	1
-0.269	0.9975757576	1
-0.27	0.9977272727	1
-0.271	0.9978030303	1
-0.272	0.9979040404	1
-0.273	0.9979545455	1
-0.274	0.9980050505	1
-0.275	0.9980050505	1
-0.276	0.9980808081	1
-0.277	0.9981313131	1
-0.278	0.9982575758	1
-0.279	0.9983080808	1
-0.28	0.9983080808	1
-0.281	0.9983838384	1
-0.282	0.9984090909	1
-0.283	0.9984848485	1
-0.284	0.9985353535	1
-0.285	0.9985353535	1
-0.286	0.9985858586	1
-0.287	0.9986111111	1
-0.288	0.9986363636	1
-0.289	0.9986616162	1
-0.29	0.9987373737	1
-0.291	0.9987878788	1
-0.292	0.9988131313	1
-0.293	0.9988131313	1
-0.294	0.9988383838	1
-0.295	0.9988383838	1
-0.296	0.9989141414	1
-0.297	0.9989393939	1
-0.298	0.9990151515	1
-0.299	0.9990151515	1
-0.3	0.9990151515	1
-0.301	0.999040404	1
-0.302	0.9991414141	1
-0.303	0.9992424242	1
-0.304	0.9992676768	1
-0.305	0.9992929293	1
-0.306	0.9993181818	1
-0.307	0.9993434343	1
-0.308	0.9993434343	1
-0.309	0.9993434343	1
-0.31	0.9993686869	1
-0.311	0.9994191919	1
-0.312	0.999469697	1
-0.313	0.999469697	1
-0.314	0.9994949495	1
-0.315	0.9994949495	1
-0.316	0.9995454545	1
-0.317	0.9995454545	1
-0.318	0.9995707071	1
-0.319	0.9995707071	1
-0.32	0.9995707071	1
-0.321	0.9995959596	1
-0.322	0.9996212121	1
-0.323	0.9996212121	1
-0.324	0.9996212121	1
-0.325	0.9996212121	1
-0.326	0.9996212121	1
-0.327	0.9996464646	1
-0.328	0.9996717172	1
-0.329	0.9996969697	1
-0.33	0.9996969697	1
-0.331	0.9997222222	1
-0.332	0.9997474747	1
-0.333	0.9997474747	1
-0.334	0.9997979798	1
-0.335	0.9997979798	1
-0.336	0.9997979798	1
-0.337	0.9998232323	1
-0.338	0.9998232323	1
-0.339	0.9998232323	1
-0.34	0.9998484848	1
-0.341	0.9998484848	1
-0.342	0.9998484848	1
-0.343	0.9998484848	1
-0.344	0.9998484848	1
-0.345	0.9998737374	1
-0.346	0.9998737374	1
-0.347	0.9998737374	1
-0.348	0.9998737374	1
-0.349	0.9998737374	1
-0.35	0.9998737374	1
-0.351	0.9998737374	1
-0.352	0.9998737374	1
-0.353	0.9998737374	1
-0.354	0.9998737374	1
-0.355	0.9998737374	1
-0.356	0.9998989899	1
-0.357	0.9998989899	1
-0.358	0.9998989899	1
-0.359	0.9998989899	1
-0.36	0.9998989899	1
-0.361	0.9998989899	1
-0.362	0.9999242424	1
-0.363	0.9999242424	1
-0.364	0.9999242424	1
-0.365	0.9999242424	1
-0.366	0.9999242424	1
-0.367	0.9999242424	1
-0.368	0.9999242424	1
-0.369	0.9999242424	1
-0.37	0.9999494949	1
-0.371	0.9999494949	1
-0.372	0.9999494949	1
-0.373	0.9999494949	1
-0.374	0.9999494949	1
-0.375	0.9999747475	1
-0.376	0.9999747475	1
-0.377	0.9999747475	1
-0.378	0.9999747475	1
-0.379	0.9999747475	1
-0.38	0.9999747475	1
-0.381	0.9999747475	1
-0.382	0.9999747475	1
-0.383	0.9999747475	1
-0.384	1	1
-0.385	1	1
-0.386	1	1
-0.387	1	1
-0.388	1	1
-0.389	1	1
-0.39	1	1
-0.391	1	1
-0.392	1	1
-0.393	1	1
-0.394	1	1
-0.395	1	1
-0.396	1	1
-0.397	1	1
-0.398	1	1
-0.399	1	1
-0.4	1	1
-0.401	1	1
-0.402	1	1
-0.403	1	1
-0.404	1	1
-0.405	1	1
-0.406	1	1
-0.407	1	1
-0.408	1	1
-0.409	1	1
-0.41	1	1
-0.411	1	1
-0.412	1	1
-0.413	1	1
-0.414	1	1
-0.415	1	1
-0.416	1	1
-0.417	1	1
-0.418	1	1
-0.419	1	1
-0.42	1	1
-0.421	1	1
-0.422	1	1
-0.423	1	1
-0.424	1	1
-0.425	1	1
-0.426	1	1
-0.427	1	1
-0.428	1	1
-0.429	1	1
-0.43	1	1
-0.431	1	1
-0.432	1	1
-0.433	1	1
-0.434	1	1
-0.435	1	1
-0.436	1	1
-0.437	1	1
-0.438	1	1
-0.439	1	1
-0.44	1	1
-0.441	1	1
-0.442	1	1
-0.443	1	1
-0.444	1	1
-0.445	1	1
-0.446	1	1
-0.447	1	1
-0.448	1	1
-0.449	1	1
-0.45	1	1
-0.451	1	1
-0.452	1	1
-0.453	1	1
-0.454	1	1
-0.455	1	1
-0.456	1	1
-0.457	1	1
-0.458	1	1
-0.459	1	1
-0.46	1	1
-0.461	1	1
-0.462	1	1
-0.463	1	1
-0.464	1	1
-0.465	1	1
-0.466	1	1
-0.467	1	1
-0.468	1	1
-0.469	1	1
-0.47	1	1
-0.471	1	1
-0.472	1	1
-0.473	1	1
-0.474	1	1
-0.475	1	1
-0.476	1	1
-0.477	1	1
-0.478	1	1
-0.479	1	1
-0.48	1	1
-0.481	1	1
-0.482	1	1
-0.483	1	1
-0.484	1	1
-0.485	1	1
-0.486	1	1
-0.487	1	1
-0.488	1	1
-0.489	1	1
-0.49	1	1
-0.491	1	1
-0.492	1	1
-0.493	1	1
-0.494	1	1
-0.495	1	1
-0.496	1	1
-0.497	1	1
-0.498	1	1
-0.499	1	1
-0.5	1	1
-0.501	1	1
-0.502	1	1
-0.503	1	1
-0.504	1	1
-0.505	1	1
-0.506	1	1
-0.507	1	1
-0.508	1	1
-0.509	1	1
-0.51	1	1
-0.511	1	1
-0.512	1	1
-0.513	1	1
-0.514	1	1
-0.515	1	1
-0.516	1	1
-0.517	1	1
-0.518	1	1
-0.519	1	1
-0.52	1	1
-0.521	1	1
-0.522	1	1
-0.523	1	1
-0.524	1	1
-0.525	1	1
-0.526	1	1
-0.527	1	1
-0.528	1	1
-0.529	1	1
-0.53	1	1
-0.531	1	1
-0.532	1	1
-0.533	1	1
-0.534	1	1
-0.535	1	1
-0.536	1	1
-0.537	1	1
-0.538	1	1
-0.539	1	1
-0.54	1	1
-0.541	1	1
-0.542	1	1
-0.543	1	1
-0.544	1	1
-0.545	1	1
-0.546	1	1
-0.547	1	1
-0.548	1	1
-0.549	1	1
-0.55	1	1
-0.551	1	1
-0.552	1	1
-0.553	1	1
-0.554	1	1
-0.555	1	1
-0.556	1	1
-0.557	1	1
-0.558	1	1
-0.559	1	1
-0.56	1	1
-0.561	1	1
-0.562	1	1
-0.563	1	1
-0.564	1	1
-0.565	1	1
-0.566	1	1
-0.567	1	1
-0.568	1	1
-0.569	1	1
-0.57	1	1
-0.571	1	1
-0.572	1	1
-0.573	1	1
-0.574	1	1
-0.575	1	1
-0.576	1	1
-0.577	1	1
-0.578	1	1
-0.579	1	1
-0.58	1	1
-0.581	1	1
-0.582	1	1
-0.583	1	1
-0.584	1	1
-0.585	1	1
-0.586	1	1
-0.587	1	1
-0.588	1	1
-0.589	1	1
-0.59	1	1
-0.591	1	1
-0.592	1	1
-0.593	1	1
-0.594	1	1
-0.595	1	1
-0.596	1	1
-0.597	1	1
-0.598	1	1
-0.599	1	1
-0.6	1	1
-0.601	1	1
-0.602	1	1
-0.603	1	1
-0.604	1	1
-0.605	1	1
-0.606	1	1
-0.607	1	1
-0.608	1	1
-0.609	1	1
-0.61	1	1
-0.611	1	1
-0.612	1	1
-0.613	1	1
-0.614	1	1
-0.615	1	1
-0.616	1	1
-0.617	1	1
-0.618	1	1
-0.619	1	1
-0.62	1	1
-0.621	1	1
-0.622	1	1
-0.623	1	1
-0.624	1	1
-0.625	1	1
-0.626	1	1
-0.627	1	1
-0.628	1	1
-0.629	1	1
-0.63	1	1
-0.631	1	1
-0.632	1	1
-0.633	1	1
-0.634	1	1
-0.635	1	1
-0.636	1	1
-0.637	1	1
-0.638	1	1
-0.639	1	1
-0.64	1	1
-0.641	1	1
-0.642	1	1
-0.643	1	1
-0.644	1	1
-0.645	1	1
-0.646	1	1
-0.647	1	1
-0.648	1	1
-0.649	1	1
-0.65	1	1
-0.651	1	1
-0.652	1	1
-0.653	1	1
-0.654	1	1
-0.655	1	1
-0.656	1	1
-0.657	1	1
-0.658	1	1
-0.659	1	1
-0.66	1	1
-0.661	1	1
-0.662	1	1
-0.663	1	1
-0.664	1	1
-0.665	1	1
-0.666	1	1
-0.667	1	1
-0.668	1	1
-0.669	1	1
-0.67	1	1
-0.671	1	1
-0.672	1	1
-0.673	1	1
-0.674	1	1
-0.675	1	1
-0.676	1	1
-0.677	1	1
-0.678	1	1
-0.679	1	1
-0.68	1	1
-0.681	1	1
-0.682	1	1
-0.683	1	1
-0.684	1	1
-0.685	1	1
-0.686	1	1
-0.687	1	1
-0.688	1	1
-0.689	1	1
-0.69	1	1
-0.691	1	1
-0.692	1	1
-0.693	1	1
-0.694	1	1
-0.695	1	1
-0.696	1	1
-0.697	1	1
-0.698	1	1
-0.699	1	1
-0.7	1	1
-0.701	1	1
-0.702	1	1
-0.703	1	1
-0.704	1	1
-0.705	1	1
-0.706	1	1
-0.707	1	1
-0.708	1	1
-0.709	1	1
-0.71	1	1
-0.711	1	1
-0.712	1	1
-0.713	1	1
-0.714	1	1
-0.715	1	1
-0.716	1	1
-0.717	1	1
-0.718	1	1
-0.719	1	1
-0.72	1	1
-0.721	1	1
-0.722	1	1
-0.723	1	1
-0.724	1	1
-0.725	1	1
-0.726	1	1
-0.727	1	1
-0.728	1	1
-0.729	1	1
-0.73	1	1
-0.731	1	1
-0.732	1	1
-0.733	1	1
-0.734	1	1
-0.735	1	1
-0.736	1	1
-0.737	1	1
-0.738	1	1
-0.739	1	1
-0.74	1	1
-0.741	1	1
-0.742	1	1
-0.743	1	1
-0.744	1	1
-0.745	1	1
-0.746	1	1
-0.747	1	1
-0.748	1	1
-0.749	1	1
-0.75	1	1
-0.751	1	1
-0.752	1	1
-0.753	1	1
-0.754	1	1
-0.755	1	1
-0.756	1	1
-0.757	1	1
-0.758	1	1
-0.759	1	1
-0.76	1	1
-0.761	1	1
-0.762	1	1
-0.763	1	1
-0.764	1	1
-0.765	1	1
-0.766	1	1
-0.767	1	1
-0.768	1	1
-0.769	1	1
-0.77	1	1
-0.771	1	1
-0.772	1	1
-0.773	1	1
-0.774	1	1
-0.775	1	1
-0.776	1	1
-0.777	1	1
-0.778	1	1
-0.779	1	1
-0.78	1	1
-0.781	1	1
-0.782	1	1
-0.783	1	1
-0.784	1	1
-0.785	1	1
-0.786	1	1
-0.787	1	1
-0.788	1	1
-0.789	1	1
-0.79	1	1
-0.791	1	1
-0.792	1	1
-0.793	1	1
-0.794	1	1
-0.795	1	1
-0.796	1	1
-0.797	1	1
-0.798	1	1
-0.799	1	1
-0.8	1	1
-0.801	1	1
-0.802	1	1
-0.803	1	1
-0.804	1	1
-0.805	1	1
-0.806	1	1
-0.807	1	1
-0.808	1	1
-0.809	1	1
-0.81	1	1
-0.811	1	1
-0.812	1	1
-0.813	1	1
-0.814	1	1
-0.815	1	1
-0.816	1	1
-0.817	1	1
-0.818	1	1
-0.819	1	1
-0.82	1	1
-0.821	1	1
-0.822	1	1
-0.823	1	1
-0.824	1	1
-0.825	1	1
-0.826	1	1
-0.827	1	1
-0.828	1	1
-0.829	1	1
-0.83	1	1
-0.831	1	1
-0.832	1	1
-0.833	1	1
-0.834	1	1
-0.835	1	1
-0.836	1	1
-0.837	1	1
-0.838	1	1
-0.839	1	1
-0.84	1	1
-0.841	1	1
-0.842	1	1
-0.843	1	1
-0.844	1	1
-0.845	1	1
-0.846	1	1
-0.847	1	1
-0.848	1	1
-0.849	1	1
-0.85	1	1
-0.851	1	1
-0.852	1	1
-0.853	1	1
-0.854	1	1
-0.855	1	1
-0.856	1	1
-0.857	1	1
-0.858	1	1
-0.859	1	1
-0.86	1	1
-0.861	1	1
-0.862	1	1
-0.863	1	1
-0.864	1	1
-0.865	1	1
-0.866	1	1
-0.867	1	1
-0.868	1	1
-0.869	1	1
-0.87	1	1
-0.871	1	1
-0.872	1	1
-0.873	1	1
-0.874	1	1
-0.875	1	1
-0.876	1	1
-0.877	1	1
-0.878	1	1
-0.879	1	1
-0.88	1	1
-0.881	1	1
-0.882	1	1
-0.883	1	1
-0.884	1	1
-0.885	1	1
-0.886	1	1
-0.887	1	1
-0.888	1	1
-0.889	1	1
-0.89	1	1
-0.891	1	1
-0.892	1	1
-0.893	1	1
-0.894	1	1
-0.895	1	1
-0.896	1	1
-0.897	1	1
-0.898	1	1
-0.899	1	1
-0.9	1	1
-0.901	1	1
-0.902	1	1
-0.903	1	1
-0.904	1	1
-0.905	1	1
-0.906	1	1
-0.907	1	1
-0.908	1	1
-0.909	1	1
-0.91	1	1
-0.911	1	1
-0.912	1	1
-0.913	1	1
-0.914	1	1
-0.915	1	1
-0.916	1	1
-0.917	1	1
-0.918	1	1
-0.919	1	1
-0.92	1	1
-0.921	1	1
-0.922	1	1
-0.923	1	1
-0.924	1	1
-0.925	1	1
-0.926	1	1
-0.927	1	1
-0.928	1	1
-0.929	1	1
-0.93	1	1
-0.931	1	1
-0.932	1	1
-0.933	1	1
-0.934	1	1
-0.935	1	1
-0.936	1	1
-0.937	1	1
-0.938	1	1
-0.939	1	1
-0.94	1	1
-0.941	1	1
-0.942	1	1
-0.943	1	1
-0.944	1	1
-0.945	1	1
-0.946	1	1
-0.947	1	1
-0.948	1	1
-0.949	1	1
-0.95	1	1
-0.951	1	1
-0.952	1	1
-0.953	1	1
-0.954	1	1
-0.955	1	1
-0.956	1	1
-0.957	1	1
-0.958	1	1
-0.959	1	1
-0.96	1	1
-0.961	1	1
-0.962	1	1
-0.963	1	1
-0.964	1	1
-0.965	1	1
-0.966	1	1
-0.967	1	1
-0.968	1	1
-0.969	1	1
-0.97	1	1
-0.971	1	1
-0.972	1	1
-0.973	1	1
-0.974	1	1
-0.975	1	1
-0.976	1	1
-0.977	1	1
-0.978	1	1
-0.979	1	1
-0.98	1	1
-0.981	1	1
-0.982	1	1
-0.983	1	1
-0.984	1	1
-0.985	1	1
-0.986	1	1
-0.987	1	1
-0.988	1	1
-0.989	1	1
-0.99	1	1
-0.991	1	1
-0.992	1	1
-0.993	1	1
-0.994	1	1
-0.995	1	1
-0.996	1	1
-0.997	1	1
-0.998	1	1
-0.999	1	1
-1	1	1
