threshold	FAR	TAR
0.999	0	0
0.998	0	0
0.997	0	0
0.996	0	0
0.995	0	0
0.994	0	0
0.993	0	0
0.992	0	0
0.991	0	0
0.99	0	0
0.989	0	0
0.988	0	0
0.987	0	0
0.986	0	0
0.985	0	0
0.984	0	0
0.983	0	0.0025
0.982	0	0.0025
0.981	0	0.0025
0.98	0	0.0025
0.979	0	0.0025
0.978	0	0.0025
0.977	0	0.0025
0.976	0	0.0025
0.975	0	0.0025
0.974	0	0.0025
0.973	0	0.0025
0.972	0	0.0025
0.971	0	0.0025
0.97	0	0.0025
0.969	0	0.0025
0.968	0	0.0025
0.967	0	0.0025
0.966	0	0.0025
0.965	0	0.0025
0.964	0	0.0025
0.963	0	0.0025
0.962	0	0.0025
0.961	0	0.0025
0.96	0	0.0025
0.959	0	0.0025
0.958	0	0.0025
0.957	0	0.0025
0.956	0	0.0025
0.955	0	0.0025
0.954	0	0.0025
0.953	0	0.0025
0.952	0	0.0025
0.951	0	0.0025
0.95	0	0.0025
0.949	0	0.0025
0.948	0	0.0025
0.947	0	0.0025
0.946	0	0.0025
0.945	0	0.0025
0.944	0	0.0025
0.943	0	0.0025
0.942	0	0.0025
0.941	0	0.0025
0.94	0	0.005
0.939	0	0.005
0.938	0	0.005
0.937	0	0.005
0.936	0	0.005
0.935	0	0.005
0.934	0	0.005
0.933	0	0.005
0.932	0	0.005
0.931	0	0.005
0.93	0	0.005
0.929	0	0.005
0.928	0	0.005
0.927	0	0.005
0.926	0	0.005
0.925	0	0.005
0.924	0	0.005
0.923	0	0.0075
0.922	0	0.0075
0.921	0	0.0075
0.92	0	0.0075
0.919	0	0.0075
0.918	0	0.0075
0.917	0	0.0075
0.916	0	0.01
0.915	0	0.01
0.914	0	0.01
0.913	0	0.01
0.912	0	0.01
0.911	0	0.01
0.91	0	0.01
0.909	0	0.01
0.908	0	0.01
0.907	0	0.01
0.906	0	0.01
0.905	0	0.01
0.904	0	0.01
0.903	0	0.0125
0.902	0	0.0125
0.901	0	0.0125
0.9	0	0.015
0.899	0	0.015
0.898	0	0.015
0.897	0	0.015
0.896	0	0.015
0.895	0	0.015
0.894	0	0.015
0.893	0	0.015
0.892	0	0.0175
0.891	0	0.0175
0.89	0	0.0175
0.889	0	0.0175
0.888	0	0.0175
0.887	0	0.0175
0.886	0	0.0175
0.885	0	0.0175
0.884	0	0.02
0.883	0	0.02
0.882	0	0.02
0.881	0	0.02
0.88	0	0.02
0.879	0	0.02
0.878	0	0.02
0.877	0	0.02
0.876	0	0.025
0.875	0	0.025
0.874	0	0.025
0.873	0	0.025
0.872	0	0.025
0.871	0	0.025
0.87	0	0.025
0.869	0	0.0275
0.868	0	0.03
0.867	0	0.03
0.866	0	0.03
0.865	0	0.0325
0.864	0	0.0325
0.863	0	0.0325
0.862	0	0.0325
0.861	0	0.035
0.86	0	0.035
0.859	0	0.0375
0.858	0	0.04
0.857	0	0.0425
0.856	0	0.0475
0.855	0	0.0475
0.854	0	0.0475
0.853	0	0.0475
0.852	0	0.05
0.851	0	0.0525
0.85	0	0.0575
0.849	0	0.0575
0.848	0	0.0575
0.847	0	0.06
0.846	0	0.0625
0.845	0	0.065
0.844	0	0.065
0.843	0	0.065
0.842	0	0.065
0.841	0	0.065
0.84	0	0.065
0.839	0	0.065
0.838	0	0.065
0.837	0	0.065
0.836	0	0.065
0.835	0	0.065
0.834	0	0.065
0.833	0	0.065
0.832	0	0.065
0.831	0	0.065
0.83	0	0.065
0.829	0	0.065
0.828	0	0.065
0.827	0	0.065
0.826	0	0.065
0.825	0	0.0675
0.824	0	0.0675
0.823	0	0.07
0.822	0	0.0725
0.821	0	0.075
0.82	0	0.08
0.819	0	0.08
0.818	0	0.08
0.817	0	0.0825
0.816	0	0.085
0.815	0	0.085
0.814	0	0.0875
0.813	0	0.09
0.812	0	0.09
0.811	0	0.0925
0.81	0	0.0925
0.809	0	0.0925
0.808	0	0.095
0.807	0	0.095
0.806	0	0.0975
0.805	0	0.0975
0.804	0	0.0975
0.803	0	0.1
0.802	0	0.1025
0.801	0	0.1075
0.8	0	0.11
0.799	0	0.1125
0.798	0	0.1125
0.797	0	0.1125
0.796	0	0.115
0.795	0	0.1175
0.794	0	0.1175
0.793	0	0.1175
0.792	0	0.1175
0.791	0	0.12
0.79	0	0.125
0.789	0	0.125
0.788	0	0.1275
0.787	0	0.13
0.786	0	0.1325
0.785	0	0.1325
0.784	0	0.135
0.783	0	0.135
0.782	0	0.14
0.781	0	0.1425
0.78	0	0.145
0.779	0	0.15
0.778	0	0.1525
0.777	0	0.1575
0.776	0	0.16
0.775	0	0.16
0.774	0	0.16
0.773	0	0.16
0.772	0	0.16
0.771	0	0.16
0.77	0	0.1625
0.769	0	0.165
0.768	0	0.1675
0.767	0	0.1725
0.766	0	0.1775
0.765	0	0.18
0.764	0	0.1825
0.763	0	0.1925
0.762	0	0.195
0.761	0	0.195
0.76	0	0.195
0.759	0	0.1975
0.758	0	0.2
0.757	0	0.2025
0.756	0	0.2025
0.755	0	0.21
0.754	0	0.21
0.753	0	0.21
0.752	0	0.2125
0.751	0	0.2125
0.75	0	0.215
0.749	0	0.22
0.748	0	0.2225
0.747	0	0.225
0.746	0	0.2275
0.745	0	0.23
0.744	0	0.2325
0.743	0	0.2325
0.742	0	0.235
0.741	0	0.235
0.74	0	0.24
0.739	0	0.2425
0.738	0	0.2425
0.737	0	0.2425
0.736	0	0.2425
0.735	0	0.2425
0.734	0	0.2475
0.733	0	0.2525
0.732	0	0.255
0.731	0	0.2575
0.73	0	0.26
0.729	0	0.26
0.728	0	0.2625
0.727	0	0.2675
0.726	0	0.27
0.725	0	0.27
0.724	0	0.2725
0.723	0	0.275
0.722	0	0.275
0.721	0	0.28
0.72	0	0.285
0.719	0	0.2875
0.718	0	0.2875
0.717	0	0.29
0.716	0	0.2925
0.715	0	0.2925
0.714	0	0.295
0.713	0	0.2975
0.712	0	0.2975
0.711	0	0.2975
0.71	0	0.3075
0.709	0	0.3075
0.708	0	0.3075
0.707	0	0.3075
0.706	0	0.3075
0.705	0	0.31
0.704	0	0.31
0.703	0	0.3175
0.702	0	0.3175
0.701	0	0.32
0.7	0	0.3225
0.699	0	0.3225
0.698	0	0.3225
0.697	0	0.3225
0.696	0	0.3225
0.695	0	0.33
0.694	0	0.33
0.693	0	0.335
0.692	0	0.335
0.691	0	0.3375
0.69	0	0.3375
0.689	0	0.3425
0.688	0	0.3475
0.687	0	0.3525
0.686	0	0.355
0.685	0	0.3625
0.684	0	0.365
0.683	0	0.365
0.682	0	0.365
0.681	0	0.3675
0.68	0	0.37
0.679	0	0.3775
0.678	0	0.38
0.677	0	0.3825
0.676	0	0.3825
0.675	0	0.385
0.674	2.525252525e-05	0.3875
0.673	2.525252525e-05	0.3875
0.672	2.525252525e-05	0.3925
0.671	2.525252525e-05	0.3925
0.67	2.525252525e-05	0.3975
0.669	2.525252525e-05	0.4
0.668	2.525252525e-05	0.4025
0.667	2.525252525e-05	0.405
0.666	2.525252525e-05	0.405
0.665	2.525252525e-05	0.405
0.664	2.525252525e-05	0.405
0.663	2.525252525e-05	0.4075
0.662	2.525252525e-05	0.4075
0.661	2.525252525e-05	0.41
0.66	2.525252525e-05	0.4125
0.659	2.525252525e-05	0.4125
0.658	2.525252525e-05	0.4125
0.657	2.525252525e-05	0.4125
0.656	2.525252525e-05	0.415
0.655	2.525252525e-05	0.415
0.654	2.525252525e-05	0.415
0.653	2.525252525e-05	0.4175
0.652	2.525252525e-05	0.42
0.651	2.525252525e-05	0.4225
0.65	2.525252525e-05	0.425
0.649	2.525252525e-05	0.43
0.648	2.525252525e-05	0.43
0.647	2.525252525e-05	0.4325
0.646	2.525252525e-05	0.4325
0.645	2.525252525e-05	0.435
0.644	2.525252525e-05	0.435
0.643	2.525252525e-05	0.435
0.642	2.525252525e-05	0.4375
0.641	2.525252525e-05	0.44
0.64	2.525252525e-05	0.44
0.639	2.525252525e-05	0.4525
0.638	2.525252525e-05	0.455
0.637	2.525252525e-05	0.4625
0.636	2.525252525e-05	0.465
0.635	2.525252525e-05	0.465
0.634	2.525252525e-05	0.4675
0.633	2.525252525e-05	0.4675
0.632	2.525252525e-05	0.4675
0.631	2.525252525e-05	0.4675
0.63	2.525252525e-05	0.47
0.629	2.525252525e-05	0.47
0.628	2.525252525e-05	0.475
0.627	2.525252525e-05	0.4775
0.626	2.525252525e-05	0.4775
0.625	2.525252525e-05	0.4775
0.624	2.525252525e-05	0.48
0.623	2.525252525e-05	0.4825
0.622	2.525252525e-05	0.4825
0.621	2.525252525e-05	0.4925
0.62	2.525252525e-05	0.4925
0.619	2.525252525e-05	0.4975
0.618	2.525252525e-05	0.4975
0.617	2.525252525e-05	0.5
0.616	2.525252525e-05	0.5
0.615	2.525252525e-05	0.5
0.614	5.050505051e-05	0.5025
0.613	5.050505051e-05	0.505
0.612	5.050505051e-05	0.51
0.611	5.050505051e-05	0.51
0.61	5.050505051e-05	0.5125
0.609	5.050505051e-05	0.5125
0.608	5.050505051e-05	0.5125
0.607	5.050505051e-05	0.5125
0.606	5.050505051e-05	0.5125
0.605	5.050505051e-05	0.5125
0.604	5.050505051e-05	0.5175
0.603	5.050505051e-05	0.52
0.602	5.050505051e-05	0.52
0.601	7.575757576e-05	0.5225
0.6	7.575757576e-05	0.525
0.599	7.575757576e-05	0.525
0.598	7.575757576e-05	0.525
0.597	0.000101010101	0.5275
0.596	0.000101010101	0.53
0.595	0.000101010101	0.5325
0.594	0.000101010101	0.5325
0.593	0.000101010101	0.535
0.592	0.000101010101	0.5375
0.591	0.000101010101	0.54
0.59	0.000101010101	0.545
0.589	0.000101010101	0.545
0.588	0.000101010101	0.5525
0.587	0.000101010101	0.5525
0.586	0.0001262626263	0.5575
0.585	0.0001262626263	0.5575
0.584	0.0001262626263	0.5575
0.583	0.0001262626263	0.5575
0.582	0.0001262626263	0.5575
0.581	0.0001262626263	0.5575
0.58	0.0001262626263	0.56
0.579	0.0001262626263	0.5625
0.578	0.0001262626263	0.565
0.577	0.0001262626263	0.5675
0.576	0.0001515151515	0.5675
0.575	0.0001515151515	0.57
0.574	0.0001515151515	0.5725
0.573	0.0001515151515	0.5725
0.572	0.0001515151515	0.575
0.571	0.0001515151515	0.5775
0.57	0.0001767676768	0.58
0.569	0.0001767676768	0.58
0.568	0.0001767676768	0.58
0.567	0.0001767676768	0.58
0.566	0.0001767676768	0.58
0.565	0.0001767676768	0.585
0.564	0.0001767676768	0.585
0.563	0.0001767676768	0.5875
0.562	0.0001767676768	0.59
0.561	0.0001767676768	0.5925
0.56	0.000202020202	0.5925
0.559	0.000202020202	0.5925
0.558	0.0002272727273	0.595
0.557	0.0002525252525	0.595
0.556	0.0002525252525	0.595
0.555	0.0002525252525	0.595
0.554	0.0002525252525	0.595
0.553	0.0002777777778	0.595
0.552	0.000303030303	0.5975
0.551	0.0003282828283	0.6025
0.55	0.0003282828283	0.6025
0.549	0.0003535353535	0.6075
0.548	0.0003535353535	0.61
0.547	0.0003787878788	0.61
0.546	0.000404040404	0.6125
0.545	0.000404040404	0.6125
0.544	0.000404040404	0.615
0.543	0.0004292929293	0.615
0.542	0.0004292929293	0.6175
0.541	0.0004545454545	0.6175
0.54	0.0005050505051	0.6175
0.539	0.0005303030303	0.6175
0.538	0.0005303030303	0.6175
0.537	0.0005555555556	0.6225
0.536	0.0006060606061	0.6275
0.535	0.0006060606061	0.6325
0.534	0.0006313131313	0.635
0.533	0.0006565656566	0.6375
0.532	0.0006818181818	0.64
0.531	0.0007070707071	0.64
0.53	0.0007070707071	0.645
0.529	0.0007323232323	0.6475
0.528	0.0007575757576	0.65
0.527	0.0007828282828	0.6525
0.526	0.0008080808081	0.655
0.525	0.0009090909091	0.655
0.524	0.0009343434343	0.655
0.523	0.0009595959596	0.6625
0.522	0.001035353535	0.665
0.521	0.001035353535	0.665
0.52	0.001035353535	0.67
0.519	0.001060606061	0.675
0.518	0.001136363636	0.6775
0.517	0.001161616162	0.6775
0.516	0.001262626263	0.6775
0.515	0.001262626263	0.6775
0.514	0.001262626263	0.6775
0.513	0.001313131313	0.6825
0.512	0.001338383838	0.685
0.511	0.001363636364	0.685
0.51	0.001363636364	0.6875
0.509	0.001388888889	0.6875
0.508	0.001388888889	0.6875
0.507	0.001388888889	0.6875
0.506	0.001388888889	0.69
0.505	0.001439393939	0.6925
0.504	0.001439393939	0.6925
0.503	0.00148989899	0.695
0.502	0.001515151515	0.695
0.501	0.001515151515	0.695
0.5	0.00154040404	0.695
0.499	0.001590909091	0.6975
0.498	0.001616161616	0.6975
0.497	0.001666666667	0.6975
0.496	0.001742424242	0.6975
0.495	0.001792929293	0.7
0.494	0.001843434343	0.7025
0.493	0.001893939394	0.705
0.492	0.001944444444	0.705
0.491	0.001994949495	0.705
0.49	0.00202020202	0.7075
0.489	0.002070707071	0.7075
0.488	0.002121212121	0.71
0.487	0.002171717172	0.71
0.486	0.002196969697	0.71
0.485	0.002196969697	0.7125
0.484	0.002222222222	0.715
0.483	0.002222222222	0.715
0.482	0.002222222222	0.715
0.481	0.002222222222	0.715
0.48	0.002247474747	0.7175
0.479	0.002297979798	0.72
0.478	0.002348484848	0.72
0.477	0.002373737374	0.7225
0.476	0.002424242424	0.7225
0.475	0.002424242424	0.7225
0.474	0.002474747475	0.7225
0.473	0.0025	0.725
0.472	0.0025	0.725
0.471	0.002550505051	0.725
0.47	0.002676767677	0.725
0.469	0.002752525253	0.725
0.468	0.002752525253	0.7275
0.467	0.002853535354	0.7325
0.466	0.002878787879	0.735
0.465	0.002904040404	0.735
0.464	0.003005050505	0.735
0.463	0.003055555556	0.735
0.462	0.003106060606	0.735
0.461	0.003181818182	0.735
0.46	0.003257575758	0.735
0.459	0.003333333333	0.735
0.458	0.003434343434	0.735
0.457	0.003484848485	0.735
0.456	0.003611111111	0.7375
0.455	0.003636363636	0.74
0.454	0.003686868687	0.74
0.453	0.003712121212	0.7425
0.452	0.003762626263	0.745
0.451	0.003863636364	0.745
0.45	0.003939393939	0.7475
0.449	0.00398989899	0.7475
0.448	0.004065656566	0.7475
0.447	0.004090909091	0.75
0.446	0.004141414141	0.75
0.445	0.004242424242	0.7525
0.444	0.004318181818	0.755
0.443	0.004343434343	0.7575
0.442	0.004368686869	0.7575
0.441	0.004444444444	0.7575
0.44	0.004570707071	0.76
0.439	0.004696969697	0.76
0.438	0.004772727273	0.76
0.437	0.004797979798	0.7625
0.436	0.004848484848	0.765
0.435	0.004848484848	0.765
0.434	0.005050505051	0.7675
0.433	0.005126262626	0.7675
0.432	0.005202020202	0.7675
0.431	0.005353535354	0.7675
0.43	0.005429292929	0.7675
0.429	0.005631313131	0.7675
0.428	0.005782828283	0.77
0.427	0.005909090909	0.77
0.426	0.00601010101	0.77
0.425	0.006111111111	0.77
0.424	0.006212121212	0.77
0.423	0.006313131313	0.77
0.422	0.006363636364	0.7725
0.421	0.006464646465	0.7725
0.42	0.006616161616	0.7725
0.419	0.006717171717	0.7725
0.418	0.006742424242	0.7725
0.417	0.006893939394	0.7725
0.416	0.006994949495	0.7725
0.415	0.007070707071	0.7725
0.414	0.007247474747	0.7725
0.413	0.007373737374	0.7725
0.412	0.007474747475	0.7725
0.411	0.007676767677	0.7725
0.41	0.007727272727	0.7725
0.409	0.007929292929	0.775
0.408	0.00803030303	0.775
0.407	0.008131313131	0.7825
0.406	0.008207070707	0.785
0.405	0.008434343434	0.785
0.404	0.008560606061	0.785
0.403	0.008636363636	0.785
0.402	0.008787878788	0.7875
0.401	0.009015151515	0.7875
0.4	0.009242424242	0.79
0.399	0.009393939394	0.79
0.398	0.00946969697	0.79
0.397	0.009595959596	0.79
0.396	0.009772727273	0.79
0.395	0.009924242424	0.79
0.394	0.01017676768	0.79
0.393	0.01037878788	0.79
0.392	0.01053030303	0.79
0.391	0.01060606061	0.79
0.39	0.01078282828	0.79
0.389	0.01088383838	0.79
0.388	0.01095959596	0.7925
0.387	0.01116161616	0.7925
0.386	0.01138888889	0.7925
0.385	0.01154040404	0.7925
0.384	0.01166666667	0.7925
0.383	0.01171717172	0.7925
0.382	0.01199494949	0.7925
0.381	0.01217171717	0.7925
0.38	0.01237373737	0.7925
0.379	0.01252525253	0.795
0.378	0.01272727273	0.795
0.377	0.01285353535	0.795
0.376	0.01292929293	0.7975
0.375	0.01318181818	0.8
0.374	0.01343434343	0.8
0.373	0.01358585859	0.8
0.372	0.01376262626	0.8
0.371	0.01406565657	0.8025
0.37	0.01431818182	0.8025
0.369	0.01452020202	0.8025
0.368	0.01482323232	0.8025
0.367	0.01507575758	0.805
0.366	0.01537878788	0.805
0.365	0.01558080808	0.805
0.364	0.01583333333	0.805
0.363	0.01598484848	0.8075
0.362	0.01628787879	0.8075
0.361	0.01656565657	0.8075
0.36	0.01681818182	0.8075
0.359	0.01712121212	0.8075
0.358	0.0175	0.8075
0.357	0.01775252525	0.8075
0.356	0.01795454545	0.81
0.355	0.01818181818	0.81
0.354	0.01833333333	0.81
0.353	0.01866161616	0.8125
0.352	0.01876262626	0.815
0.351	0.01904040404	0.815
0.35	0.01939393939	0.815
0.349	0.01967171717	0.815
0.348	0.02002525253	0.815
0.347	0.0202020202	0.8175
0.346	0.02055555556	0.8175
0.345	0.02075757576	0.8175
0.344	0.02113636364	0.8175
0.343	0.02156565657	0.8175
0.342	0.02186868687	0.8175
0.341	0.02222222222	0.82
0.34	0.02262626263	0.82
0.339	0.0229040404	0.8225
0.338	0.02320707071	0.8225
0.337	0.02345959596	0.8225
0.336	0.02388888889	0.8225
0.335	0.02436868687	0.825
0.334	0.0247979798	0.8275
0.333	0.02507575758	0.8275
0.332	0.02522727273	0.8275
0.331	0.02585858586	0.83
0.33	0.02626262626	0.83
0.329	0.02656565657	0.83
0.328	0.02689393939	0.83
0.327	0.0272979798	0.8325
0.326	0.0275	0.835
0.325	0.02795454545	0.835
0.324	0.02835858586	0.835
0.323	0.02886363636	0.835
0.322	0.02921717172	0.8375
0.321	0.02967171717	0.8375
0.32	0.03015151515	0.8375
0.319	0.03055555556	0.8375
0.318	0.03093434343	0.8375
0.317	0.03131313131	0.8375
0.316	0.03169191919	0.8375
0.315	0.03212121212	0.84
0.314	0.03257575758	0.84
0.313	0.03308080808	0.84
0.312	0.03340909091	0.84
0.311	0.03388888889	0.8425
0.31	0.03436868687	0.8425
0.309	0.03484848485	0.8425
0.308	0.0353030303	0.8425
0.307	0.03575757576	0.8425
0.306	0.03616161616	0.8425
0.305	0.03669191919	0.8425
0.304	0.03696969697	0.8425
0.303	0.0373989899	0.8425
0.302	0.03787878788	0.8425
0.301	0.03835858586	0.8425
0.3	0.03898989899	0.8425
0.299	0.03946969697	0.845
0.298	0.03997474747	0.845
0.297	0.0404040404	0.845
0.296	0.04101010101	0.845
0.295	0.04148989899	0.845
0.294	0.04202020202	0.8475
0.293	0.04237373737	0.8475
0.292	0.0429040404	0.8475
0.291	0.04330808081	0.85
0.29	0.04371212121	0.8525
0.289	0.04449494949	0.8525
0.288	0.0452020202	0.8525
0.287	0.04570707071	0.8525
0.286	0.04633838384	0.8525
0.285	0.0470959596	0.855
0.284	0.0476010101	0.855
0.283	0.04815656566	0.855
0.282	0.04893939394	0.855
0.281	0.0495959596	0.855
0.28	0.05025252525	0.855
0.279	0.05063131313	0.855
0.278	0.05101010101	0.855
0.277	0.05174242424	0.8575
0.276	0.05232323232	0.8575
0.275	0.0528030303	0.8575
0.274	0.05366161616	0.8575
0.273	0.05434343434	0.8575
0.272	0.05502525253	0.8575
0.271	0.05583333333	0.8575
0.27	0.05628787879	0.8575
0.269	0.05691919192	0.8575
0.268	0.05744949495	0.8575
0.267	0.05818181818	0.8575
0.266	0.05898989899	0.8575
0.265	0.05967171717	0.86
0.264	0.06035353535	0.86
0.263	0.06106060606	0.86
0.262	0.06199494949	0.86
0.261	0.06297979798	0.86
0.26	0.06383838384	0.86
0.259	0.06484848485	0.86
0.258	0.06611111111	0.86
0.257	0.06694444444	0.86
0.256	0.06772727273	0.86
0.255	0.06868686869	0.86
0.254	0.06931818182	0.86
0.253	0.0702020202	0.86
0.252	0.07101010101	0.86
0.251	0.07176767677	0.86
0.25	0.07272727273	0.86
0.249	0.07366161616	0.86
0.248	0.07454545455	0.86
0.247	0.07547979798	0.86
0.246	0.07643939394	0.86
0.245	0.0772979798	0.86
0.244	0.07823232323	0.86
0.243	0.07888888889	0.8625
0.242	0.07997474747	0.8625
0.241	0.08073232323	0.8625
0.24	0.08154040404	0.8625
0.239	0.0822979798	0.8625
0.238	0.08308080808	0.8625
0.237	0.08411616162	0.8625
0.236	0.08507575758	0.8625
0.235	0.08593434343	0.8625
0.234	0.08661616162	0.8625
0.233	0.08732323232	0.8625
0.232	0.08835858586	0.8625
0.231	0.08944444444	0.8625
0.23	0.09047979798	0.8625
0.229	0.09141414141	0.8625
0.228	0.0927020202	0.865
0.227	0.09391414141	0.87
0.226	0.09487373737	0.87
0.225	0.09590909091	0.87
0.224	0.09689393939	0.87
0.223	0.09782828283	0.87
0.222	0.09906565657	0.87
0.221	0.1000757576	0.87
0.22	0.101010101	0.87
0.219	0.1021464646	0.87
0.218	0.1032828283	0.8725
0.217	0.1046212121	0.8725
0.216	0.1057323232	0.8725
0.215	0.1067424242	0.8725
0.214	0.1080050505	0.875
0.213	0.1092424242	0.875
0.212	0.1102272727	0.875
0.211	0.1113636364	0.8775
0.21	0.1123737374	0.88
0.209	0.1139141414	0.88
0.208	0.1149494949	0.88
0.207	0.1162373737	0.88
0.206	0.1176262626	0.8825
0.205	0.1186111111	0.8825
0.204	0.1197979798	0.8825
0.203	0.1210353535	0.885
0.202	0.1221717172	0.885
0.201	0.1237121212	0.885
0.2	0.1246969697	0.8875
0.199	0.1257575758	0.8875
0.198	0.1268939394	0.8875
0.197	0.1282323232	0.8875
0.196	0.1298232323	0.8875
0.195	0.1310606061	0.8875
0.194	0.1325505051	0.8875
0.193	0.133989899	0.89
0.192	0.1355050505	0.89
0.191	0.137020202	0.89
0.19	0.1381313131	0.89
0.189	0.1395959596	0.89
0.188	0.1409343434	0.89
0.187	0.1421464646	0.89
0.186	0.1436111111	0.89
0.185	0.1447474747	0.89
0.184	0.1464393939	0.8925
0.183	0.1477525253	0.8925
0.182	0.1491919192	0.8925
0.181	0.1507575758	0.8925
0.18	0.1521717172	0.8925
0.179	0.1538383838	0.8925
0.178	0.1552020202	0.8925
0.177	0.1564646465	0.8925
0.176	0.1580050505	0.8925
0.175	0.159520202	0.8925
0.174	0.1611363636	0.895
0.173	0.1627272727	0.895
0.172	0.1639393939	0.895
0.171	0.1656565657	0.8975
0.17	0.1675252525	0.9
0.169	0.1689393939	0.9025
0.168	0.1707828283	0.905
0.167	0.1722222222	0.905
0.166	0.1735858586	0.91
0.165	0.1749494949	0.91
0.164	0.1767676768	0.91
0.163	0.1782070707	0.91
0.162	0.1796717172	0.915
0.161	0.1814646465	0.9175
0.16	0.1832070707	0.9175
0.159	0.1852020202	0.9175
0.158	0.1867676768	0.9175
0.157	0.1883080808	0.92
0.156	0.1902525253	0.92
0.155	0.1922222222	0.92
0.154	0.1942929293	0.92
0.153	0.1956818182	0.92
0.152	0.1975505051	0.92
0.151	0.1995454545	0.92
0.15	0.201540404	0.92
0.149	0.2031060606	0.92
0.148	0.2051262626	0.92
0.147	0.2071969697	0.92
0.146	0.2090909091	0.92
0.145	0.2112121212	0.92
0.144	0.213030303	0.9225
0.143	0.2147474747	0.9225
0.142	0.216540404	0.9225
0.141	0.2184343434	0.9225
0.14	0.2201767677	0.9225
0.139	0.2217676768	0.9225
0.138	0.2236363636	0.9225
0.137	0.2254545455	0.9225
0.136	0.2273232323	0.9225
0.135	0.2289393939	0.925
0.134	0.2307070707	0.925
0.133	0.2324494949	0.925
0.132	0.2343434343	0.925
0.131	0.2362878788	0.925
0.13	0.2385858586	0.925
0.129	0.2407828283	0.925
0.128	0.2427777778	0.925
0.127	0.2449242424	0.925
0.126	0.2470454545	0.925
0.125	0.2489393939	0.925
0.124	0.2502777778	0.925
0.123	0.2521969697	0.925
0.122	0.2542424242	0.925
0.121	0.2565151515	0.925
0.12	0.2589141414	0.925
0.119	0.2615151515	0.925
0.118	0.2635606061	0.925
0.117	0.2655808081	0.925
0.116	0.2673484848	0.925
0.115	0.2691919192	0.9275
0.114	0.2712373737	0.9275
0.113	0.2734343434	0.93
0.112	0.2757575758	0.93
0.111	0.2777777778	0.93
0.11	0.2797979798	0.93
0.109	0.281489899	0.93
0.108	0.2830808081	0.9325
0.107	0.2851515152	0.935
0.106	0.2873484848	0.935
0.105	0.2894444444	0.935
0.104	0.2912878788	0.935
0.103	0.293459596	0.935
0.102	0.2960606061	0.935
0.101	0.2983080808	0.935
0.1	0.3004292929	0.935
0.099	0.3026515152	0.935
0.098	0.3046212121	0.94
0.097	0.3067424242	0.94
0.096	0.3091161616	0.94
0.095	0.3115151515	0.94
0.094	0.3139646465	0.94
0.093	0.3162878788	0.94
0.092	0.3181060606	0.94
0.091	0.3205050505	0.94
0.09	0.3224747475	0.94
0.089	0.3249747475	0.94
0.088	0.3274494949	0.94
0.087	0.3298484848	0.94
0.086	0.3318181818	0.94
0.085	0.334469697	0.94
0.084	0.3371717172	0.94
0.083	0.3395707071	0.9425
0.082	0.3418686869	0.945
0.081	0.3441666667	0.945
0.08	0.3465909091	0.945
0.079	0.3487878788	0.945
0.078	0.351010101	0.9475
0.077	0.3538131313	0.95
0.076	0.3562121212	0.95
0.075	0.3590909091	0.95
0.074	0.3616919192	0.9525
0.073	0.364520202	0.9525
0.072	0.3674242424	0.9525
0.071	0.3701767677	0.9525
0.07	0.3727020202	0.9525
0.069	0.3750757576	0.9525
0.068	0.3776010101	0.9525
0.067	0.3800505051	0.9525
0.066	0.3828787879	0.9525
0.065	0.385479798	0.9525
0.064	0.3884090909	0.9525
0.063	0.3912373737	0.955
0.062	0.3935606061	0.955
0.061	0.3964646465	0.955
0.06	0.3987626263	0.955
0.059	0.4013131313	0.955
0.058	0.4032575758	0.9575
0.057	0.4055555556	0.9575
0.056	0.4079545455	0.9575
0.055	0.4098737374	0.9575
0.054	0.4127272727	0.9575
0.053	0.4154545455	0.9575
0.052	0.4181565657	0.9575
0.051	0.4203282828	0.9575
0.05	0.4227525253	0.96
0.049	0.4252777778	0.96
0.048	0.4277525253	0.96
0.047	0.4303282828	0.96
0.046	0.433030303	0.96
0.045	0.4354545455	0.96
0.044	0.4380050505	0.96
0.043	0.4411868687	0.96
0.042	0.4432828283	0.96
0.041	0.4458080808	0.96
0.04	0.4484343434	0.96
0.039	0.4512878788	0.96
0.038	0.4534848485	0.96
0.037	0.4557323232	0.96
0.036	0.458030303	0.96
0.035	0.4607070707	0.96
0.034	0.4629292929	0.9625
0.033	0.4655555556	0.9625
0.032	0.4687626263	0.9625
0.031	0.4717424242	0.9625
0.03	0.4741414141	0.9625
0.029	0.4767929293	0.9625
0.028	0.4793939394	0.9625
0.027	0.4821464646	0.965
0.026	0.484520202	0.965
0.025	0.486969697	0.965
0.024	0.4900757576	0.965
0.023	0.4926515152	0.9675
0.022	0.4948737374	0.9675
0.021	0.4978787879	0.9675
0.02	0.5003030303	0.9675
0.019	0.5032323232	0.9675
0.018	0.5063131313	0.9675
0.017	0.5092676768	0.9675
0.016	0.5123737374	0.9675
0.015	0.5151767677	0.9675
0.014	0.5183080808	0.9675
0.013	0.5212626263	0.9675
0.012	0.523989899	0.9675
0.011	0.5267424242	0.9675
0.01	0.5295959596	0.9675
0.009	0.5323232323	0.9675
0.008	0.5352525253	0.9675
0.007	0.5382323232	0.9675
0.006	0.5409848485	0.9675
0.005	0.5440151515	0.9675
0.004	0.5465909091	0.9675
0.003	0.5493181818	0.9675
0.002	0.5519444444	0.9675
0.001	0.5545959596	0.9675
0	0.5574494949	0.9675
-0.001	0.5600757576	0.9675
-0.002	0.5629040404	0.97
-0.003	0.5656818182	0.97
-0.004	0.5685858586	0.97
-0.005	0.5712373737	0.97
-0.006	0.5732070707	0.97
-0.007	0.5759343434	0.97
-0.008	0.5785858586	0.97
-0.009	0.580959596	0.97
-0.01	0.5833838384	0.97
-0.011	0.5856060606	0.97
-0.012	0.5883333333	0.97
-0.013	0.5911616162	0.97
-0.014	0.5936616162	0.97
-0.015	0.5961868687	0.97
-0.016	0.5987373737	0.9725
-0.017	0.601540404	0.9725
-0.018	0.6042424242	0.9725
-0.019	0.6074747475	0.9725
-0.02	0.6101767677	0.9725
-0.021	0.6123989899	0.9725
-0.022	0.6150252525	0.9725
-0.023	0.6178787879	0.9725
-0.024	0.6203030303	0.9725
-0.025	0.6230050505	0.9725
-0.026	0.6253787879	0.975
-0.027	0.6280050505	0.975
-0.028	0.6307323232	0.975
-0.029	0.6331818182	0.975
-0.03	0.6359090909	0.975
-0.031	0.6386111111	0.975
-0.032	0.6414646465	0.9775
-0.033	0.6438636364	0.9775
-0.034	0.6465656566	0.9775
-0.035	0.6488636364	0.98
-0.036	0.6516414141	0.98
-0.037	0.6537626263	0.98
-0.038	0.6562373737	0.98
-0.039	0.6587373737	0.98
-0.04	0.6614393939	0.98
-0.041	0.6638636364	0.98
-0.042	0.6661111111	0.98
-0.043	0.6682070707	0.98
-0.044	0.6703787879	0.98
-0.045	0.6727272727	0.98
-0.046	0.6751010101	0.98
-0.047	0.6773232323	0.98
-0.048	0.6798989899	0.98
-0.049	0.6824747475	0.98
-0.05	0.6846969697	0.98
-0.051	0.6870959596	0.98
-0.052	0.6896464646	0.98
-0.053	0.6918939394	0.98
-0.054	0.6940909091	0.98
-0.055	0.6966919192	0.98
-0.056	0.6988131313	0.98
-0.057	0.7010606061	0.98
-0.058	0.7037878788	0.98
-0.059	0.7062626263	0.98
-0.06	0.7087626263	0.9825
-0.061	0.7109343434	0.9825
-0.062	0.7131565657	0.9825
-0.063	0.7156818182	0.9825
-0.064	0.7177272727	0.9825
-0.065	0.7200505051	0.9825
-0.066	0.7226767677	0.9825
-0.067	0.7252020202	0.985
-0.068	0.7271717172	0.985
-0.069	0.7292676768	0.985
-0.07	0.7313383838	0.985
-0.071	0.7335353535	0.985
-0.072	0.7357828283	0.985
-0.073	0.7382828283	0.985
-0.074	0.7402777778	0.985
-0.075	0.7426262626	0.985
-0.076	0.7443939394	0.985
-0.077	0.7461363636	0.985
-0.078	0.7487373737	0.985
-0.079	0.7503535354	0.985
-0.08	0.7521969697	0.985
-0.081	0.7545454545	0.985
-0.082	0.7567424242	0.9875
-0.083	0.7589393939	0.9875
-0.084	0.7613131313	0.9875
-0.085	0.7633838384	0.9875
-0.086	0.7655808081	0.9875
-0.087	0.7677525253	0.9875
-0.088	0.7695454545	0.9875
-0.089	0.7713636364	0.9875
-0.09	0.7738131313	0.9875
-0.091	0.7756313131	0.9875
-0.092	0.7773737374	0.9875
-0.093	0.7797222222	0.9875
-0.094	0.7813131313	0.9875
-0.095	0.7832323232	0.9875
-0.096	0.7851767677	0.9875
-0.097	0.7871717172	0.9875
-0.098	0.7887878788	0.9875
-0.099	0.790959596	0.9875
-0.1	0.7931565657	0.9875
-0.101	0.7947979798	0.9875
-0.102	0.7966919192	0.9875
-0.103	0.7986868687	0.9875
-0.104	0.8004545455	0.99
-0.105	0.8024242424	0.99
-0.106	0.804520202	0.99
-0.107	0.8064646465	0.99
-0.108	0.8084848485	0.99
-0.109	0.8105808081	0.99
-0.11	0.8125757576	0.99
-0.111	0.8147474747	0.99
-0.112	0.816540404	0.99
-0.113	0.8178787879	0.99
-0.114	0.8199747475	0.99
-0.115	0.8217424242	0.99
-0.116	0.8237121212	0.99
-0.117	0.8252525253	0.99
-0.118	0.8267676768	0.99
-0.119	0.8285606061	0.99
-0.12	0.8306060606	0.99
-0.121	0.8320959596	0.99
-0.122	0.8337878788	0.99
-0.123	0.8358585859	0.99
-0.124	0.8373989899	0.99
-0.125	0.839040404	0.99
-0.126	0.8405555556	0.99
-0.127	0.8423737374	0.99
-0.128	0.8441919192	0.99
-0.129	0.845530303	0.99
-0.13	0.8471969697	0.99
-0.131	0.8488131313	0.99
-0.132	0.8503787879	0.99
-0.133	0.8518434343	0.99
-0.134	0.8536363636	0.99
-0.135	0.8552525253	0.99
-0.136	0.8570959596	0.99
-0.137	0.8588383838	0.99
-0.138	0.8604292929	0.99
-0.139	0.8618686869	0.99
-0.14	0.8633333333	0.99
-0.141	0.8648484848	0.99
-0.142	0.8662878788	0.99
-0.143	0.8675	0.99
-0.144	0.8687878788	0.99
-0.145	0.8702272727	0.99
-0.146	0.8713888889	0.99
-0.147	0.8726515152	0.99
-0.148	0.8745454545	0.99
-0.149	0.8756565657	0.99
-0.15	0.8767171717	0.99
-0.151	0.8782070707	0.99
-0.152	0.8795454545	0.99
-0.153	0.8808080808	0.99
-0.154	0.8820959596	0.99
-0.155	0.8835353535	0.99
-0.156	0.8849242424	0.99
-0.157	0.8861111111	0.99
-0.158	0.8875252525	0.99
-0.159	0.8892676768	0.99
-0.16	0.8911616162	0.99
-0.161	0.8923737374	0.99
-0.162	0.8939141414	0.99
-0.163	0.8949747475	0.99
-0.164	0.8962626263	0.99
-0.165	0.8976010101	0.99
-0.166	0.898510101	0.99
-0.167	0.8993939394	0.99
-0.168	0.9005555556	0.99
-0.169	0.901489899	0.99
-0.17	0.9027525253	0.99
-0.171	0.9037373737	0.99
-0.172	0.9048232323	0.99
-0.173	0.9061111111	0.99
-0.174	0.9072979798	0.99
-0.175	0.908510101	0.99
-0.176	0.9096212121	0.99
-0.177	0.9108585859	0.99
-0.178	0.9116666667	0.99
-0.179	0.9127525253	0.99
-0.18	0.9139646465	0.99
-0.181	0.9149494949	0.99
-0.182	0.9159090909	0.99
-0.183	0.916969697	0.99
-0.184	0.9182575758	0.99
-0.185	0.9195454545	0.99
-0.186	0.9208333333	0.99
-0.187	0.9218181818	0.99
-0.188	0.9227272727	0.99
-0.189	0.9237373737	0.99
-0.19	0.9245454545	0.99
-0.191	0.925530303	0.99
-0.192	0.9265909091	0.99
-0.193	0.9274242424	0.99
-0.194	0.9283838384	0.99
-0.195	0.9296969697	0.99
-0.196	0.9304040404	0.99
-0.197	0.9312878788	0.99
-0.198	0.9321717172	0.99
-0.199	0.9329292929	0.99
-0.2	0.9337121212	0.99
-0.201	0.9348232323	0.99
-0.202	0.9356313131	0.99
-0.203	0.9365909091	0.99
-0.204	0.9375	0.99
-0.205	0.938459596	0.99
-0.206	0.939520202	0.99
-0.207	0.9403030303	0.99
-0.208	0.9409343434	0.99
-0.209	0.9418434343	0.99
-0.21	0.9426262626	0.99
-0.211	0.9433333333	0.99
-0.212	0.944040404	0.9925
-0.213	0.9449494949	0.9925
-0.214	0.9456313131	0.9925
-0.215	0.9463131313	0.9925
-0.216	0.9473737374	0.995
-0.217	0.948030303	0.995
-0.218	0.949040404	0.995
-0.219	0.9496969697	0.995
-0.22	0.950479798	0.995
-0.221	0.9510353535	0.995
-0.222	0.9517171717	0.995
-0.223	0.9524494949	0.995
-0.224	0.9529292929	0.995
-0.225	0.9537626263	0.995
-0.226	0.9545454545	0.995
-0.227	0.9551515152	0.995
-0.228	0.9558585859	0.995
-0.229	0.9565656566	0.995
-0.23	0.9573232323	0.995
-0.231	0.9580808081	0.995
-0.232	0.9586363636	0.995
-0.233	0.959469697	0.995
-0.234	0.9599242424	0.995
-0.235	0.9605050505	0.995
-0.236	0.961010101	0.995
-0.237	0.961540404	0.995
-0.238	0.9619444444	0.995
-0.239	0.9624242424	0.995
-0.24	0.9631313131	0.995
-0.241	0.9634848485	0.995
-0.242	0.9640909091	0.995
-0.243	0.9646717172	0.995
-0.244	0.9650757576	0.995
-0.245	0.9654292929	0.9975
-0.246	0.9659343434	0.9975
-0.247	0.9664141414	0.9975
-0.248	0.9671717172	0.9975
-0.249	0.9677272727	0.9975
-0.25	0.9681565657	0.9975
-0.251	0.9688383838	0.9975
-0.252	0.9692929293	0.9975
-0.253	0.9699242424	0.9975
-0.254	0.9703787879	0.9975
-0.255	0.9711363636	1
-0.256	0.971540404	1
-0.257	0.9719191919	1
-0.258	0.9722474747	1
-0.259	0.9727272727	1
-0.26	0.9731565657	1
-0.261	0.9735353535	1
-0.262	0.9738888889	1
-0.263	0.9743686869	1
-0.264	0.9746969697	1
-0.265	0.9750757576	1
-0.266	0.9756313131	1
-0.267	0.9759848485	1
-0.268	0.976489899	1
-0.269	0.977020202	1
-0.27	0.9773737374	1
-0.271	0.9776010101	1
-0.272	0.9778787879	1
-0.273	0.9783333333	1
-0.274	0.9785858586	1
-0.275	0.9788383838	1
-0.276	0.9792171717	1
-0.277	0.979520202	1
-0.278	0.9798232323	1
-0.279	0.9801262626	1
-0.28	0.9805050505	1
-0.281	0.9806818182	1
-0.282	0.9810858586	1
-0.283	0.9816414141	1
-0.284	0.9819444444	1
-0.285	0.9821717172	1
-0.286	0.9825505051	1
-0.287	0.9829545455	1
-0.288	0.9832575758	1
-0.289	0.9835858586	1
-0.29	0.9839393939	1
-0.291	0.9842929293	1
-0.292	0.984520202	1
-0.293	0.9848484848	1
-0.294	0.9850757576	1
-0.295	0.9852777778	1
-0.296	0.9856313131	1
-0.297	0.9860353535	1
-0.298	0.9862626263	1
-0.299	0.9865151515	1
-0.3	0.9867676768	1
-0.301	0.987020202	1
-0.302	0.9872474747	1
-0.303	0.9873484848	1
-0.304	0.9876515152	1
-0.305	0.9878535354	1
-0.306	0.988030303	1
-0.307	0.9882828283	1
-0.308	0.9886363636	1
-0.309	0.9888131313	1
-0.31	0.9889646465	1
-0.311	0.9891666667	1
-0.312	0.9893686869	1
-0.313	0.9896464646	1
-0.314	0.9898484848	1
-0.315	0.9900757576	1
-0.316	0.9902020202	1
-0.317	0.9905050505	1
-0.318	0.9907070707	1
-0.319	0.9908333333	1
-0.32	0.990959596	1
-0.321	0.9909848485	1
-0.322	0.9911363636	1
-0.323	0.9912878788	1
-0.324	0.9914393939	1
-0.325	0.9916414141	1
-0.326	0.9917929293	1
-0.327	0.991969697	1
-0.328	0.9921212121	1
-0.329	0.9922474747	1
-0.33	0.9922979798	1
-0.331	0.9923989899	1
-0.332	0.9925	1
-0.333	0.9927020202	1
-0.334	0.9929545455	1
-0.335	0.9930808081	1
-0.336	0.9932070707	1
-0.337	0.9932828283	1
-0.338	0.9934090909	1
-0.339	0.993459596	1
-0.34	0.9935353535	1
-0.341	0.9936868687	1
-0.342	0.9938383838	1
-0.343	0.9939646465	1
-0.344	0.9941666667	1
-0.345	0.9942929293	1
-0.346	0.9943939394	1
-0.347	0.9945454545	1
-0.348	0.9946212121	1
-0.349	0.9946969697	1
-0.35	0.9948484848	1
-0.351	0.995	1
-0.352	0.9950757576	1
-0.353	0.9951515152	1
-0.354	0.9953030303	1
-0.355	0.9954040404	1
-0.356	0.995479798	1
-0.357	0.995530303	1
-0.358	0.9955555556	1
-0.359	0.9956060606	1
-0.36	0.9958080808	1
-0.361	0.9959090909	1
-0.362	0.996010101	1
-0.363	0.9960353535	1
-0.364	0.9960353535	1
-0.365	0.9960858586	1
-0.366	0.9960858586	1
-0.367	0.9962121212	1
-0.368	0.9962878788	1
-0.369	0.9963383838	1
-0.37	0.9963888889	1
-0.371	0.9964646465	1
-0.372	0.9965151515	1
-0.373	0.9965656566	1
-0.374	0.9966919192	1
-0.375	0.9967424242	1
-0.376	0.9968434343	1
-0.377	0.9968939394	1
-0.378	0.997020202	1
-0.379	0.9971212121	1
-0.38	0.9971464646	1
-0.381	0.9972222222	1
-0.382	0.9972727273	1
-0.383	0.9973737374	1
-0.384	0.9974494949	1
-0.385	0.9974747475	1
-0.386	0.9975505051	1
-0.387	0.9975757576	1
-0.388	0.9976262626	1
-0.389	0.9977272727	1
-0.39	0.9978030303	1
-0.391	0.9978535354	1
-0.392	0.9978787879	1
-0.393	0.9979292929	1
-0.394	0.9979545455	1
-0.395	0.998030303	1
-0.396	0.9981565657	1
-0.397	0.9982323232	1
-0.398	0.9983080808	1
-0.399	0.9983080808	1
-0.4	0.9983585859	1
-0.401	0.9984090909	1
-0.402	0.998459596	1
-0.403	0.998510101	1
-0.404	0.998510101	1
-0.405	0.9985858586	1
-0.406	0.9986616162	1
-0.407	0.9987373737	1
-0.408	0.9987878788	1
-0.409	0.9987878788	1
-0.41	0.9988131313	1
-0.411	0.9988131313	1
-0.412	0.9988131313	1
-0.413	0.9988383838	1
-0.414	0.9988636364	1
-0.415	0.9988888889	1
-0.416	0.9988888889	1
-0.417	0.9989141414	1
-0.418	0.9989393939	1
-0.419	0.9989393939	1
-0.42	0.9989393939	1
-0.421	0.9989393939	1
-0.422	0.9989646465	1
-0.423	0.998989899	1
-0.424	0.999040404	1
-0.425	0.9990656566	1
-0.426	0.9991161616	1
-0.427	0.9991414141	1
-0.428	0.9991414141	1
-0.429	0.9991666667	1
-0.43	0.9991919192	1
-0.431	0.9992424242	1
-0.432	0.9992424242	1
-0.433	0.9992676768	1
-0.434	0.9993181818	1
-0.435	0.9993434343	1
-0.436	0.9993434343	1
-0.437	0.9993939394	1
-0.438	0.9993939394	1
-0.439	0.9994191919	1
-0.44	0.9994191919	1
-0.441	0.9994444444	1
-0.442	0.999469697	1
-0.443	0.999469697	1
-0.444	0.999469697	1
-0.445	0.999469697	1
-0.446	0.999469697	1
-0.447	0.9994949495	1
-0.448	0.9994949495	1
-0.449	0.999520202	1
-0.45	0.999520202	1
-0.451	0.999520202	1
-0.452	0.9995707071	1
-0.453	0.9995707071	1
-0.454	0.9996212121	1
-0.455	0.9996212121	1
-0.456	0.9996212121	1
-0.457	0.9996212121	1
-0.458	0.9996212121	1
-0.459	0.9996464646	1
-0.46	0.9996717172	1
-0.461	0.9996717172	1
-0.462	0.9996717172	1
-0.463	0.9996717172	1
-0.464	0.9996717172	1
-0.465	0.9996717172	1
-0.466	0.9996717172	1
-0.467	0.9996717172	1
-0.468	0.9996717172	1
-0.469	0.9996717172	1
-0.47	0.9996969697	1
-0.471	0.9997222222	1
-0.472	0.9997222222	1
-0.473	0.9997222222	1
-0.474	0.9997222222	1
-0.475	0.9997222222	1
-0.476	0.9997222222	1
-0.477	0.9997474747	1
-0.478	0.9997474747	1
-0.479	0.9997727273	1
-0.48	0.9997727273	1
-0.481	0.9997727273	1
-0.482	0.9997727273	1
-0.483	0.9997727273	1
-0.484	0.9997727273	1
-0.485	0.9997727273	1
-0.486	0.9997727273	1
-0.487	0.9997727273	1
-0.488	0.9997727273	1
-0.489	0.9997727273	1
-0.49	0.9997727273	1
-0.491	0.9997979798	1
-0.492	0.9997979798	1
-0.493	0.9998232323	1
-0.494	0.9998232323	1
-0.495	0.9998232323	1
-0.496	0.9998484848	1
-0.497	0.9998484848	1
-0.498	0.9998484848	1
-0.499	0.9998484848	1
-0.5	0.9998484848	1
-0.501	0.9998484848	1
-0.502	0.9998484848	1
-0.503	0.9998737374	1
-0.504	0.9998737374	1
-0.505	0.9998737374	1
-0.506	0.9998737374	1
-0.507	0.9998737374	1
-0.508	0.9998737374	1
-0.509	0.9998989899	1
-0.51	0.9998989899	1
-0.511	0.9998989899	1
-0.512	0.9999242424	1
-0.513	0.9999242424	1
-0.514	0.9999242424	1
-0.515	0.9999494949	1
-0.516	0.9999494949	1
-0.517	0.9999494949	1
-0.518	0.9999494949	1
-0.519	0.9999747475	1
-0.52	0.9999747475	1
-0.521	0.9999747475	1
-0.522	0.9999747475	1
-0.523	0.9999747475	1
-0.524	0.9999747475	1
-0.525	0.9999747475	1
-0.526	0.9999747475	1
-0.527	0.9999747475	1
-0.528	0.9999747475	1
-0.529	0.9999747475	1
-0.53	0.9999747475	1
-0.531	0.9999747475	1
-0.532	0.9999747475	1
-0.533	1	1
-0.534	1	1
-0.535	1	1
-0.536	1	1
-0.537	1	1
-0.538	1	1
-0.539	1	1
-0.54	1	1
-0.541	1	1
-0.542	1	1
-0.543	1	1
-0.544	1	1
-0.545	1	1
-0.546	1	1
-0.547	1	1
-0.548	1	1
-0.549	1	1
-0.55	1	1
-0.551	1	1
-0.552	1	1
-0.553	1	1
-0.554	1	1
-0.555	1	1
-0.556	1	1
-0.557	1	1
-0.558	1	1
-0.559	1	1
-0.56	1	1
-0.561	1	1
-0.562	1	1
-0.563	1	1
-0.564	1	1
-0.565	1	1
-0.566	1	1
-0.567	1	1
-0.568	1	1
-0.569	1	1
-0.57	1	1
-0.571	1	1
-0.572	1	1
-0.573	1	1
-0.574	1	1
-0.575	1	1
-0.576	1	1
-0.577	1	1
-0.578	1	1
-0.579	1	1
-0.58	1	1
-0.581	1	1
-0.582	1	1
-0.583	1	1
-0.584	1	1
-0.585	1	1
-0.586	1	1
-0.587	1	1
-0.588	1	1
-0.589	1	1
-0.59	1	1
-0.591	1	1
-0.592	1	1
-0.593	1	1
-0.594	1	1
-0.595	1	1
-0.596	1	1
-0.597	1	1
-0.598	1	1
-0.599	1	1
-0.6	1	1
-0.601	1	1
-0.602	1	1
-0.603	1	1
-0.604	1	1
-0.605	1	1
-0.606	1	1
-0.607	1	1
-0.608	1	1
-0.609	1	1
-0.61	1	1
-0.611	1	1
-0.612	1	1
-0.613	1	1
-0.614	1	1
-0.615	1	1
-0.616	1	1
-0.617	1	1
-0.618	1	1
-0.619	1	1
-0.62	1	1
-0.621	1	1
-0.622	1	1
-0.623	1	1
-0.624	1	1
-0.625	1	1
-0.626	1	1
-0.627	1	1
-0.628	1	1
-0.629	1	1
-0.63	1	1
-0.631	1	1
-0.632	1	1
-0.633	1	1
-0.634	1	1
-0.635	1	1
-0.636	1	1
-0.637	1	1
-0.638	1	1
-0.639	1	1
-0.64	1	1
-0.641	1	1
-0.642	1	1
-0.643	1	1
-0.644	1	1
-0.645	1	1
-0.646	1	1
-0.647	1	1
-0.648	1	1
-0.649	1	1
-0.65	1	1
-0.651	1	1
-0.652	1	1
-0.653	1	1
-0.654	1	1
-0.655	1	1
-0.656	1	1
-0.657	1	1
-0.658	1	1
-0.659	1	1
-0.66	1	1
-0.661	1	1
-0.662	1	1
-0.663	1	1
-0.664	1	1
-0.665	1	1
-0.666	1	1
-0.667	1	1
-0.668	1	1
-0.669	1	1
-0.67	1	1
-0.671	1	1
-0.672	1	1
-0.673	1	1
-0.674	1	1
-0.675	1	1
-0.676	1	1
-0.677	1	1
-0.678	1	1
-0.679	1	1
-0.68	1	1
-0.681	1	1
-0.682	1	1
-0.683	1	1
-0.684	1	1
-0.685	1	1
-0.686	1	1
-0.687	1	1
-0.688	1	1
-0.689	1	1
-0.69	1	1
-0.691	1	1
-0.692	1	1
-0.693	1	1
-0.694	1	1
-0.695	1	1
-0.696	1	1
-0.697	1	1
-0.698	1	1
-0.699	1	1
-0.7	1	1
-0.701	1	1
-0.702	1	1
-0.703	1	1
-0.704	1	1
-0.705	1	1
-0.706	1	1
-0.707	1	1
-0.708	1	1
-0.709	1	1
-0.71	1	1
-0.711	1	1
-0.712	1	1
-0.713	1	1
-0.714	1	1
-0.715	1	1
-0.716	1	1
-0.717	1	1
-0.718	1	1
-0.719	1	1
-0.72	1	1
-0.721	1	1
-0.722	1	1
-0.723	1	1
-0.724	1	1
-0.725	1	1
-0.726	1	1
-0.727	1	1
-0.728	1	1
-0.729	1	1
-0.73	1	1
-0.731	1	1
-0.732	1	1
-0.733	1	1
-0.734	1	1
-0.735	1	1
-0.736	1	1
-0.737	1	1
-0.738	1	1
-0.739	1	1
-0.74	1	1
-0.741	1	1
-0.742	1	1
-0.743	1	1
-0.744	1	1
-0.745	1	1
-0.746	1	1
-0.747	1	1
-0.748	1	1
-0.749	1	1
-0.75	1	1
-0.751	1	1
-0.752	1	1
-0.753	1	1
-0.754	1	1
-0.755	1	1
-0.756	1	1
-0.757	1	1
-0.758	1	1
-0.759	1	1
-0.76	1	1
-0.761	1	1
-0.762	1	1
-0.763	1	1
-0.764	1	1
-0.765	1	1
-0.766	1	1
-0.767	1	1
-0.768	1	1
-0.769	1	1
-0.77	1	1
-0.771	1	1
-0.772	1	1
-0.773	1	1
-0.774	1	1
-0.775	1	1
-0.776	1	1
-0.777	1	1
-0.778	1	1
-0.779	1	1
-0.78	1	1
-0.781	1	1
-0.782	1	1
-0.783	1	1
-0.784	1	1
-0.785	1	1
-0.786	1	1
-0.787	1	1
-0.788	1	1
-0.789	1	1
-0.79	1	1
-0.791	1	1
-0.792	1	1
-0.793	1	1
-0.794	1	1
-0.795	1	1
-0.796	1	1
-0.797	1	1
-0.798	1	1
-0.799	1	1
-0.8	1	1
-0.801	1	1
-0.802	1	1
-0.803	1	1
-0.804	1	1
-0.805	1	1
-0.806	1	1
-0.807	1	1
-0.808	1	1
-0.809	1	1
-0.81	1	1
-0.811	1	1
-0.812	1	1
-0.813	1	1
-0.814	1	1
-0.815	1	1
-0.816	1	1
-0.817	1	1
-0.818	1	1
-0.819	1	1
-0.82	1	1
-0.821	1	1
-0.822	1	1
-0.823	1	1
-0.824	1	1
-0.825	1	1
-0.826	1	1
-0.827	1	1
-0.828	1	1
-0.829	1	1
-0.83	1	1
-0.831	1	1
-0.832	1	1
-0.833	1	1
-0.834	1	1
-0.835	1	1
-0.836	1	1
-0.837	1	1
-0.838	1	1
-0.839	1	1
-0.84	1	1
-0.841	1	1
-0.842	1	1
-0.843	1	1
-0.844	1	1
-0.845	1	1
-0.846	1	1
-0.847	1	1
-0.848	1	1
-0.849	1	1
-0.85	1	1
-0.851	1	1
-0.852	1	1
-0.853	1	1
-0.854	1	1
-0.855	1	1
-0.856	1	1
-0.857	1	1
-0.858	1	1
-0.859	1	1
-0.86	1	1
-0.861	1	1
-0.862	1	1
-0.863	1	1
-0.864	1	1
-0.865	1	1
-0.866	1	1
-0.867	1	1
-0.868	1	1
-0.869	1	1
-0.87	1	1
-0.871	1	1
-0.872	1	1
-0.873	1	1
-0.874	1	1
-0.875	1	1
-0.876	1	1
-0.877	1	1
-0.878	1	1
-0.879	1	1
-0.88	1	1
-0.881	1	1
-0.882	1	1
-0.883	1	1
-0.884	1	1
-0.885	1	1
-0.886	1	1
-0.887	1	1
-0.888	1	1
-0.889	1	1
-0.89	1	1
-0.891	1	1
-0.892	1	1
-0.893	1	1
-0.894	1	1
-0.895	1	1
-0.896	1	1
-0.897	1	1
-0.898	1	1
-0.899	1	1
-0.9	1	1
-0.901	1	1
-0.902	1	1
-0.903	1	1
-0.904	1	1
-0.905	1	1
-0.906	1	1
-0.907	1	1
-0.908	1	1
-0.909	1	1
-0.91	1	1
-0.911	1	1
-0.912	1	1
-0.913	1	1
-0.914	1	1
-0.915	1	1
-0.916	1	1
-0.917	1	1
-0.918	1	1
-0.919	1	1
-0.92	1	1
-0.921	1	1
-0.922	1	1
-0.923	1	1
-0.924	1	1
-0.925	1	1
-0.926	1	1
-0.927	1	1
-0.928	1	1
-0.929	1	1
-0.93	1	1
-0.931	1	1
-0.932	1	1
-0.933	1	1
-0.934	1	1
-0.935	1	1
-0.936	1	1
-0.937	1	1
-0.938	1	1
-0.939	1	1
-0.94	1	1
-0.941	1	1
-0.942	1	1
-0.943	1	1
-0.944	1	1
-0.945	1	1
-0.946	1	1
-0.947	1	1
-0.948	1	1
-0.949	1	1
-0.95	1	1
-0.951	1	1
-0.952	1	1
-0.953	1	1
-0.954	1	1
-0.955	1	1
-0.956	1	1
-0.957	1	1
-0.958	1	1
-0.959	1	1
-0.96	1	1
-0.961	1	1
-0.962	1	1
-0.963	1	1
-0.964	1	1
-0.965	1	1
-0.966	1	1
-0.967	1	1
-0.968	1	1
-0.969	1	1
-0.97	1	1
-0.971	1	1
-0.972	1	1
-0.973	1	1
-0.974	1	1
-0.975	1	1
-0.976	1	1
-0.977	1	1
-0.978	1	1
-0.979	1	1
-0.98	1	1
-0.981	1	1
-0.982	1	1
-0.983	1	1
-0.984	1	1
-0.985	1	1
-0.986	1	1
-0.987	1	1
-0.988	1	1
-0.989	1	1
-0.99	1	1
-0.991	1	1
-0.992	1	1
-0.993	1	1
-0.994	1	1
-0.995	1	1
-0.996	1	1
-0.997	1	1
-0.998	1	1
-0.999	1	1
-1	1	1
