threshold	FAR	TAR
0.999	0	0
0.998	0	0
0.997	0	0
0.996	0	0
0.995	0	0
0.994	0	0
0.993	0	0
0.992	0	0
0.991	0	0
0.99	0	0
0.989	0	0
0.988	0	0.0001052631579
0.987	0	0.0001052631579
0.986	0	0.0002105263158
0.985	0	0.0002105263158
0.984	0	0.0002105263158
0.983	0	0.0002105263158
0.982	0	0.0002105263158
0.981	0	0.0002105263158
0.98	0	0.0002105263158
0.979	0	0.0002105263158
0.978	0	0.0003157894737
0.977	0	0.0003157894737
0.976	0	0.0003157894737
0.975	0	0.0003157894737
0.974	0	0.0003157894737
0.973	0	0.0003157894737
0.972	0	0.0003157894737
0.971	0	0.0003157894737
0.97	0	0.0003157894737
0.969	0	0.0003157894737
0.968	0	0.0003157894737
0.967	0	0.0003157894737
0.966	0	0.0004210526316
0.965	0	0.0004210526316
0.964	0	0.0004210526316
0.963	0	0.0004210526316
0.962	0	0.0004210526316
0.961	0	0.0004210526316
0.96	0	0.0005263157895
0.959	0	0.0005263157895
0.958	0	0.0005263157895
0.957	0	0.0005263157895
0.956	0	0.0006315789474
0.955	0	0.0007368421053
0.954	0	0.0008421052632
0.953	0	0.0008421052632
0.952	0	0.0008421052632
0.951	0	0.0009473684211
0.95	0	0.001052631579
0.949	0	0.001052631579
0.948	0	0.001052631579
0.947	0	0.001052631579
0.946	0	0.001157894737
0.945	0	0.001263157895
0.944	0	0.001368421053
0.943	0	0.001368421053
0.942	0	0.001578947368
0.941	0	0.001578947368
0.94	0	0.001578947368
0.939	0	0.001684210526
0.938	0	0.001684210526
0.937	0	0.001684210526
0.936	0	0.001684210526
0.935	0	0.001684210526
0.934	0	0.001684210526
0.933	0	0.001684210526
0.932	0	0.001894736842
0.931	0	0.002105263158
0.93	0	0.002105263158
0.929	0	0.002421052632
0.928	0	0.002631578947
0.927	0	0.002736842105
0.926	0	0.002736842105
0.925	0	0.002736842105
0.924	0	0.002736842105
0.923	0	0.002947368421
0.922	0	0.003052631579
0.921	0	0.003052631579
0.92	0	0.003263157895
0.919	0	0.003263157895
0.918	0	0.003473684211
0.917	0	0.003473684211
0.916	0	0.003473684211
0.915	0	0.003578947368
0.914	0	0.003684210526
0.913	0	0.003684210526
0.912	0	0.003894736842
0.911	0	0.004315789474
0.91	0	0.004315789474
0.909	0	0.004315789474
0.908	0	0.004421052632
0.907	0	0.004631578947
0.906	0	0.004842105263
0.905	0	0.004842105263
0.904	0	0.004842105263
0.903	0	0.004947368421
0.902	0	0.005157894737
0.901	0	0.005368421053
0.9	0	0.005473684211
0.899	0	0.005789473684
0.898	0	0.005789473684
0.897	0	0.006
0.896	0	0.006105263158
0.895	0	0.006421052632
0.894	0	0.006736842105
0.893	0	0.006947368421
0.892	0	0.007052631579
0.891	0	0.007263157895
0.89	0	0.007368421053
0.889	0	0.007578947368
0.888	0	0.007684210526
0.887	0	0.007894736842
0.886	0	0.007894736842
0.885	0	0.008210526316
0.884	0	0.008631578947
0.883	0	0.008947368421
0.882	0	0.009263157895
0.881	0	0.009473684211
0.88	0	0.009789473684
0.879	0	0.009789473684
0.878	0	0.009894736842
0.877	0	0.01010526316
0.876	0	0.01094736842
0.875	0	0.01136842105
0.874	0	0.01168421053
0.873	0	0.01210526316
0.872	0	0.01231578947
0.871	0	0.01284210526
0.87	0	0.01305263158
0.869	0	0.01421052632
0.868	0	0.01494736842
0.867	0	0.01610526316
0.866	0	0.01673684211
0.865	0	0.01694736842
0.864	0	0.01715789474
0.863	0	0.01768421053
0.862	0	0.018
0.861	0	0.01884210526
0.86	0	0.01926315789
0.859	0	0.01968421053
0.858	0	0.02031578947
0.857	0	0.02105263158
0.856	0	0.02189473684
0.855	0	0.02231578947
0.854	0	0.02294736842
0.853	0	0.02326315789
0.852	0	0.02378947368
0.851	0	0.02452631579
0.85	0	0.02515789474
0.849	0	0.02610526316
0.848	0	0.02663157895
0.847	0	0.02705263158
0.846	0	0.02810526316
0.845	0	0.02894736842
0.844	0	0.02926315789
0.843	0	0.03010526316
0.842	0	0.03063157895
0.841	0	0.03094736842
0.84	0	0.03178947368
0.839	0	0.03221052632
0.838	0	0.03294736842
0.837	0	0.03336842105
0.836	0	0.03421052632
0.835	0	0.03494736842
0.834	0	0.03568421053
0.833	0	0.03642105263
0.832	0	0.03747368421
0.831	0	0.03894736842
0.83	0	0.03978947368
0.829	0	0.04031578947
0.828	0	0.04105263158
0.827	0	0.04210526316
0.826	0	0.04252631579
0.825	0	0.04315789474
0.824	0	0.04357894737
0.823	0	0.04473684211
0.822	0	0.04505263158
0.821	0	0.04621052632
0.82	0	0.04726315789
0.819	0	0.04852631579
0.818	0	0.04957894737
0.817	0	0.05094736842
0.816	0	0.052
0.815	0	0.05294736842
0.814	0	0.05378947368
0.813	0	0.05463157895
0.812	0	0.05557894737
0.811	0	0.05663157895
0.81	0	0.05768421053
0.809	0	0.05852631579
0.808	0	0.05947368421
0.807	0	0.06010526316
0.806	0	0.06136842105
0.805	0	0.06221052632
0.804	0	0.06294736842
0.803	0	0.06378947368
0.802	0	0.06484210526
0.801	0	0.06578947368
0.8	0	0.06747368421
0.799	0	0.06926315789
0.798	0	0.07052631579
0.797	0	0.072
0.796	0	0.07347368421
0.795	0	0.07494736842
0.794	0	0.07631578947
0.793	0	0.07757894737
0.792	0	0.07863157895
0.791	0	0.07989473684
0.79	0	0.08115789474
0.789	0	0.08294736842
0.788	0	0.08421052632
0.787	0	0.08557894737
0.786	0	0.08642105263
0.785	0	0.08884210526
0.784	0	0.09021052632
0.783	0	0.09147368421
0.782	0	0.09315789474
0.781	0	0.09484210526
0.78	0	0.09631578947
0.779	0	0.09736842105
0.778	0	0.098
0.777	0	0.09968421053
0.776	0	0.1014736842
0.775	0	0.1028421053
0.774	0	0.1044210526
0.773	0	0.1058947368
0.772	0	0.1071578947
0.771	0	0.1088421053
0.77	0	0.1101052632
0.769	0	0.1123157895
0.768	0	0.1129473684
0.767	0	0.1146315789
0.766	0	0.1157894737
0.765	0	0.1169473684
0.764	0	0.1175789474
0.763	0	0.1191578947
0.762	0	0.1206315789
0.761	0	0.1227368421
0.76	0	0.1235789474
0.759	0	0.1256842105
0.758	0	0.1270526316
0.757	0	0.1291578947
0.756	0	0.1306315789
0.755	0	0.1315789474
0.754	0	0.1326315789
0.753	0	0.134
0.752	0	0.1355789474
0.751	0	0.1382105263
0.75	0	0.1395789474
0.749	0	0.1416842105
0.748	0	0.1430526316
0.747	0	0.1454736842
0.746	0	0.1483157895
0.745	0	0.1492631579
0.744	0	0.1512631579
0.743	0	0.154
0.742	0	0.1556842105
0.741	0	0.1569473684
0.74	0	0.1593684211
0.739	0	0.162
0.738	0	0.1633684211
0.737	0	0.1652631579
0.736	0	0.1674736842
0.735	0	0.1689473684
0.734	0	0.1711578947
0.733	0	0.1730526316
0.732	0	0.1747368421
0.731	0	0.1756842105
0.73	0	0.1776842105
0.729	0	0.1796842105
0.728	0	0.1811578947
0.727	0	0.1833684211
0.726	0	0.186
0.725	0	0.1886315789
0.724	0	0.1902105263
0.723	0	0.1915789474
0.722	0	0.1930526316
0.721	0	0.1954736842
0.72	0	0.1972631579
0.719	0	0.1990526316
0.718	0	0.2009473684
0.717	0	0.2021052632
0.716	0	0.2041052632
0.715	0	0.2056842105
0.714	0	0.2073684211
0.713	0	0.2090526316
0.712	0	0.2110526316
0.711	0	0.2124210526
0.71	0	0.2142105263
0.709	0	0.2161052632
0.708	0	0.2178947368
0.707	0	0.22
0.706	0	0.2241052632
0.705	0	0.2261052632
0.704	0	0.2283157895
0.703	0	0.2302105263
0.702	0	0.2327368421
0.701	0	0.2350526316
0.7	0	0.2368421053
0.699	0	0.2389473684
0.698	0	0.2411578947
0.697	0	0.244
0.696	0	0.2456842105
0.695	0	0.2482105263
0.694	0	0.25
0.693	0	0.2517894737
0.692	0	0.2542105263
0.691	0	0.256
0.69	0	0.258
0.689	0	0.2596842105
0.688	0	0.2630526316
0.687	0	0.266
0.686	0	0.2673684211
0.685	0	0.2695789474
0.684	0	0.2716842105
0.683	0	0.2743157895
0.682	0	0.2771578947
0.681	0	0.2801052632
0.68	0	0.282
0.679	0	0.2838947368
0.678	0	0.2861052632
0.677	0	0.2894736842
0.676	0	0.2918947368
0.675	0	0.294
0.674	0	0.2966315789
0.673	0	0.2989473684
0.672	0	0.3009473684
0.671	0	0.3029473684
0.67	0	0.3051578947
0.669	0	0.3082105263
0.668	0	0.3096842105
0.667	0	0.312
0.666	0	0.3129473684
0.665	0	0.3143157895
0.664	0	0.3166315789
0.663	0	0.3195789474
0.662	0	0.3229473684
0.661	0	0.3245263158
0.66	0	0.3274736842
0.659	0	0.3294736842
0.658	0	0.3315789474
0.657	0	0.3341052632
0.656	0	0.3365263158
0.655	0	0.3390526316
0.654	0	0.3406315789
0.653	0	0.3424210526
0.652	0	0.3449473684
0.651	0	0.3475789474
0.65	0	0.3503157895
0.649	0	0.3523157895
0.648	0	0.3547368421
0.647	2.109482122e-07	0.3568421053
0.646	2.109482122e-07	0.3582105263
0.645	2.109482122e-07	0.3608421053
0.644	4.218964244e-07	0.364
0.643	4.218964244e-07	0.3668421053
0.642	4.218964244e-07	0.3695789474
0.641	4.218964244e-07	0.3717894737
0.64	4.218964244e-07	0.3742105263
0.639	4.218964244e-07	0.3764210526
0.638	4.218964244e-07	0.3785263158
0.637	4.218964244e-07	0.3809473684
0.636	4.218964244e-07	0.3832631579
0.635	4.218964244e-07	0.386
0.634	4.218964244e-07	0.3887368421
0.633	4.218964244e-07	0.3909473684
0.632	4.218964244e-07	0.3930526316
0.631	4.218964244e-07	0.3951578947
0.63	4.218964244e-07	0.3977894737
0.629	4.218964244e-07	0.3996842105
0.628	4.218964244e-07	0.4021052632
0.627	4.218964244e-07	0.4046315789
0.626	4.218964244e-07	0.4066315789
0.625	4.218964244e-07	0.4081052632
0.624	4.218964244e-07	0.4116842105
0.623	4.218964244e-07	0.4143157895
0.622	4.218964244e-07	0.4172631579
0.621	4.218964244e-07	0.4195789474
0.62	4.218964244e-07	0.4215789474
0.619	4.218964244e-07	0.4237894737
0.618	4.218964244e-07	0.4256842105
0.617	4.218964244e-07	0.4274736842
0.616	4.218964244e-07	0.4289473684
0.615	4.218964244e-07	0.4310526316
0.614	4.218964244e-07	0.4330526316
0.613	4.218964244e-07	0.4344210526
0.612	4.218964244e-07	0.4366315789
0.611	4.218964244e-07	0.4375789474
0.61	4.218964244e-07	0.4394736842
0.609	4.218964244e-07	0.4413684211
0.608	4.218964244e-07	0.4435789474
0.607	4.218964244e-07	0.4450526316
0.606	6.328446366e-07	0.4468421053
0.605	6.328446366e-07	0.4498947368
0.604	6.328446366e-07	0.4523157895
0.603	6.328446366e-07	0.4550526316
0.602	6.328446366e-07	0.4578947368
0.601	6.328446366e-07	0.4609473684
0.6	6.328446366e-07	0.4632631579
0.599	6.328446366e-07	0.4653684211
0.598	6.328446366e-07	0.4674736842
0.597	6.328446366e-07	0.4697894737
0.596	6.328446366e-07	0.4717894737
0.595	8.437928489e-07	0.4735789474
0.594	8.437928489e-07	0.4754736842
0.593	8.437928489e-07	0.4771578947
0.592	8.437928489e-07	0.4802105263
0.591	8.437928489e-07	0.4822105263
0.59	8.437928489e-07	0.4843157895
0.589	1.054741061e-06	0.4868421053
0.588	1.054741061e-06	0.4885263158
0.587	1.054741061e-06	0.49
0.586	1.054741061e-06	0.4925263158
0.585	1.054741061e-06	0.4942105263
0.584	1.054741061e-06	0.4962105263
0.583	1.054741061e-06	0.4983157895
0.582	1.054741061e-06	0.5002105263
0.581	1.265689273e-06	0.5026315789
0.58	1.265689273e-06	0.5042105263
0.579	1.265689273e-06	0.5072631579
0.578	1.265689273e-06	0.5090526316
0.577	1.265689273e-06	0.5117894737
0.576	1.265689273e-06	0.5142105263
0.575	1.265689273e-06	0.5163157895
0.574	1.265689273e-06	0.5187368421
0.573	1.265689273e-06	0.5201052632
0.572	1.265689273e-06	0.5226315789
0.571	1.265689273e-06	0.5238947368
0.57	1.265689273e-06	0.5251578947
0.569	1.265689273e-06	0.5268421053
0.568	1.265689273e-06	0.5297894737
0.567	1.265689273e-06	0.5323157895
0.566	1.265689273e-06	0.5337894737
0.565	1.265689273e-06	0.5354736842
0.564	1.265689273e-06	0.5375789474
0.563	1.265689273e-06	0.5390526316
0.562	1.265689273e-06	0.5409473684
0.561	1.265689273e-06	0.5436842105
0.56	1.265689273e-06	0.546
0.559	1.476637485e-06	0.5481052632
0.558	1.476637485e-06	0.5497894737
0.557	1.476637485e-06	0.5518947368
0.556	1.687585698e-06	0.5541052632
0.555	1.687585698e-06	0.5556842105
0.554	1.89853391e-06	0.5566315789
0.553	1.89853391e-06	0.5583157895
0.552	1.89853391e-06	0.5596842105
0.551	1.89853391e-06	0.5628421053
0.55	1.89853391e-06	0.564
0.549	1.89853391e-06	0.5661052632
0.548	1.89853391e-06	0.5676842105
0.547	1.89853391e-06	0.5705263158
0.546	1.89853391e-06	0.5723157895
0.545	1.89853391e-06	0.5744210526
0.544	1.89853391e-06	0.5754736842
0.543	1.89853391e-06	0.5772631579
0.542	1.89853391e-06	0.5786315789
0.541	1.89853391e-06	0.5807368421
0.54	1.89853391e-06	0.5829473684
0.539	2.109482122e-06	0.5849473684
0.538	2.109482122e-06	0.5872631579
0.537	2.109482122e-06	0.5896842105
0.536	2.109482122e-06	0.5912631579
0.535	2.109482122e-06	0.5937894737
0.534	2.320430334e-06	0.5966315789
0.533	2.320430334e-06	0.598
0.532	2.320430334e-06	0.5994736842
0.531	2.320430334e-06	0.6009473684
0.53	2.320430334e-06	0.6028421053
0.529	2.320430334e-06	0.6042105263
0.528	2.320430334e-06	0.6052631579
0.527	2.320430334e-06	0.6070526316
0.526	2.531378547e-06	0.6090526316
0.525	2.531378547e-06	0.6111578947
0.524	2.531378547e-06	0.6132631579
0.523	2.742326759e-06	0.6155789474
0.522	2.742326759e-06	0.6173684211
0.521	2.953274971e-06	0.6184210526
0.52	2.953274971e-06	0.6197894737
0.519	2.953274971e-06	0.6223157895
0.518	2.953274971e-06	0.6244210526
0.517	3.164223183e-06	0.6262105263
0.516	3.164223183e-06	0.6276842105
0.515	3.164223183e-06	0.6294736842
0.514	3.164223183e-06	0.6309473684
0.513	3.164223183e-06	0.6327368421
0.512	3.586119608e-06	0.6347368421
0.511	3.586119608e-06	0.6365263158
0.51	3.586119608e-06	0.6382105263
0.509	3.586119608e-06	0.6395789474
0.508	3.79706782e-06	0.6406315789
0.507	3.79706782e-06	0.642
0.506	4.218964244e-06	0.6431578947
0.505	4.218964244e-06	0.6448421053
0.504	4.218964244e-06	0.6472631579
0.503	4.429912456e-06	0.6486315789
0.502	4.429912456e-06	0.6498947368
0.501	4.851808881e-06	0.6512631579
0.5	4.851808881e-06	0.6528421053
0.499	5.062757093e-06	0.6545263158
0.498	5.062757093e-06	0.6562105263
0.497	5.062757093e-06	0.6575789474
0.496	5.062757093e-06	0.6591578947
0.495	5.273705305e-06	0.6616842105
0.494	5.69560173e-06	0.6627368421
0.493	6.117498154e-06	0.6638947368
0.492	6.539394579e-06	0.6658947368
0.491	6.750342791e-06	0.6672631579
0.49	6.961291003e-06	0.6687368421
0.489	6.961291003e-06	0.6698947368
0.488	6.961291003e-06	0.6715789474
0.487	6.961291003e-06	0.6730526316
0.486	6.961291003e-06	0.6742105263
0.485	7.383187427e-06	0.6761052632
0.484	7.383187427e-06	0.6771578947
0.483	7.383187427e-06	0.6783157895
0.482	7.59413564e-06	0.68
0.481	8.016032064e-06	0.6812631579
0.48	8.437928489e-06	0.6825263158
0.479	9.281721337e-06	0.6837894737
0.478	1.012551419e-05	0.6849473684
0.477	1.012551419e-05	0.6856842105
0.476	1.03364624e-05	0.6868421053
0.475	1.075835882e-05	0.6885263158
0.474	1.075835882e-05	0.69
0.473	1.139120346e-05	0.6908421053
0.472	1.139120346e-05	0.6922105263
0.471	1.20240481e-05	0.6937894737
0.47	1.20240481e-05	0.6951578947
0.469	1.286784095e-05	0.6961052632
0.468	1.307878916e-05	0.6973684211
0.467	1.350068558e-05	0.6983157895
0.466	1.371163379e-05	0.6994736842
0.465	1.476637485e-05	0.7002105263
0.464	1.56101677e-05	0.7017894737
0.463	1.72977534e-05	0.7029473684
0.462	1.771964983e-05	0.7046315789
0.461	1.877439089e-05	0.7063157895
0.46	1.89853391e-05	0.7074736842
0.459	1.919628731e-05	0.7090526316
0.458	1.940723552e-05	0.7103157895
0.457	2.046197658e-05	0.7118947368
0.456	2.172766586e-05	0.7125263158
0.455	2.214956228e-05	0.7134736842
0.454	2.341525156e-05	0.7153684211
0.453	2.404809619e-05	0.7163157895
0.452	2.489188904e-05	0.7176842105
0.451	2.489188904e-05	0.7190526316
0.45	2.615757831e-05	0.7204210526
0.449	2.679042295e-05	0.7226315789
0.448	2.805611222e-05	0.7237894737
0.447	2.953274971e-05	0.7247368421
0.446	2.974369792e-05	0.7261052632
0.445	3.10093872e-05	0.7277894737
0.444	3.164223183e-05	0.7285263158
0.443	3.206412826e-05	0.7298947368
0.442	3.332981753e-05	0.7311578947
0.441	3.354076574e-05	0.7323157895
0.44	3.396266217e-05	0.7336842105
0.439	3.45955068e-05	0.7341052632
0.438	3.586119608e-05	0.7349473684
0.437	3.79706782e-05	0.736
0.436	3.902541926e-05	0.7369473684
0.435	3.986921211e-05	0.738
0.434	4.113490138e-05	0.7391578947
0.433	4.197869423e-05	0.7402105263
0.432	4.366627993e-05	0.7415789474
0.431	4.514291741e-05	0.7429473684
0.43	4.809619238e-05	0.7438947368
0.429	5.062757093e-05	0.7448421053
0.428	5.210420842e-05	0.7464210526
0.427	5.463558696e-05	0.7472631579
0.426	5.801075836e-05	0.748
0.425	6.012024048e-05	0.7492631579
0.424	6.159687797e-05	0.75
0.423	6.370636009e-05	0.7512631579
0.422	6.581584221e-05	0.7527368421
0.421	6.750342791e-05	0.7533684211
0.42	7.003480646e-05	0.7548421053
0.419	7.404282249e-05	0.7557894737
0.418	7.573040818e-05	0.7567368421
0.417	7.762894209e-05	0.7576842105
0.416	8.016032064e-05	0.7588421053
0.415	8.205885455e-05	0.7598947368
0.414	8.374644025e-05	0.7605263158
0.413	8.501212952e-05	0.7618947368
0.412	8.859824913e-05	0.7626315789
0.411	9.112962768e-05	0.7645263158
0.41	9.429385086e-05	0.7654736842
0.409	9.745807404e-05	0.7668421053
0.408	0.0001008332454	0.7682105263
0.407	0.0001037865204	0.7698947368
0.406	0.00010737264	0.7709473684
0.405	0.0001094821221	0.7723157895
0.404	0.0001151777239	0.7730526316
0.403	0.0001185528953	0.7738947368
0.402	0.000121295222	0.7747368421
0.401	0.0001240375488	0.776
0.4	0.000127201772	0.7767368421
0.399	0.0001307878916	0.7774736842
0.398	0.0001345849594	0.7784210526
0.397	0.0001383820272	0.7788421053
0.396	0.0001434447843	0.7796842105
0.395	0.000148085645	0.7805263158
0.394	0.0001529374539	0.7811578947
0.393	0.0001577892627	0.7814736842
0.392	0.0001641177091	0.7822105263
0.391	0.0001702352073	0.7828421053
0.39	0.0001761417572	0.7833684211
0.389	0.0001805716697	0.7846315789
0.388	0.0001873220124	0.7852631579
0.387	0.0001940723552	0.7856842105
0.386	0.000200822698	0.7864210526
0.385	0.000207783989	0.7874736842
0.384	0.0002151671765	0.7882105263
0.383	0.0002198080371	0.7887368421
0.382	0.0002271912246	0.7894736842
0.381	0.0002371057905	0.7902105263
0.38	0.0002451218226	0.7910526316
0.379	0.0002516612172	0.7914736842
0.378	0.0002577787153	0.7922105263
0.377	0.0002655837992	0.7931578947
0.376	0.0002742326759	0.7933684211
0.375	0.0002835143972	0.7943157895
0.374	0.0002923742221	0.7950526316
0.373	0.000303132581	0.7956842105
0.372	0.0003153675773	0.7968421053
0.371	0.0003246492986	0.7978947368
0.37	0.0003343529164	0.7990526316
0.369	0.000345955068	0.8
0.368	0.0003577681679	0.8008421053
0.367	0.0003693703196	0.8015789474
0.366	0.000380761523	0.8027368421
0.365	0.0003921527265	0.8031578947
0.364	0.0004027001371	0.8037894737
0.363	0.0004130365995	0.8050526316
0.362	0.000425482544	0.8057894737
0.361	0.0004406708153	0.8067368421
0.36	0.0004526948634	0.8072631579
0.359	0.0004676721865	0.8078947368
0.358	0.0004809619238	0.8084210526
0.357	0.000494040713	0.8091578947
0.356	0.0005115494146	0.8096842105
0.355	0.0005254719966	0.8108421053
0.354	0.0005425588018	0.8110526316
0.353	0.0005590127624	0.8112631579
0.352	0.0005767324122	0.8117894737
0.351	0.0005931863727	0.8124210526
0.35	0.0006079527476	0.8127368421
0.349	0.0006296804135	0.8135789474
0.348	0.0006465562704	0.8147368421
0.347	0.0006657525577	0.8150526316
0.346	0.0006864254825	0.8158947368
0.345	0.000704777977	0.8168421053
0.344	0.0007250290054	0.8173684211
0.343	0.0007419048624	0.8178947368
0.342	0.0007670076996	0.8190526316
0.341	0.0007895791583	0.8197894737
0.34	0.0008115177724	0.8206315789
0.339	0.0008364096614	0.8212631579
0.338	0.000856871638	0.8218947368
0.337	0.0008783883557	0.8227368421
0.336	0.0008956861091	0.8233684211
0.335	0.0009218436874	0.8238947368
0.334	0.0009511654889	0.8246315789
0.333	0.0009773230672	0.8249473684
0.332	0.001002004008	0.8253684211
0.331	0.001028794431	0.8263157895
0.33	0.001058116232	0.8267368421
0.329	0.001090180361	0.8271578947
0.328	0.001125197764	0.8277894737
0.327	0.001157683789	0.8284210526
0.326	0.001193123088	0.8288421053
0.325	0.001224132475	0.8293684211
0.324	0.001259993672	0.8301052632
0.323	0.001293112541	0.8308421053
0.322	0.001330450374	0.8313684211
0.321	0.001365678726	0.8318947368
0.32	0.001399641388	0.8323157895
0.319	0.001438877756	0.8331578947
0.318	0.001479379812	0.8334736842
0.317	0.00152325704	0.8337894737
0.316	0.001568610906	0.834
0.315	0.00161649615	0.8347368421
0.314	0.001664803291	0.8352631579
0.313	0.001714376121	0.8355789474
0.312	0.001761839468	0.836
0.311	0.001807404282	0.8369473684
0.31	0.00185845375	0.8375789474
0.309	0.001917730197	0.8378947368
0.308	0.001967724924	0.8385263158
0.307	0.002021727666	0.8391578947
0.306	0.002082691699	0.84
0.305	0.002137538234	0.8407368421
0.304	0.002195759941	0.8414736842
0.303	0.002259677249	0.8422105263
0.302	0.002322750765	0.8428421053
0.301	0.002382027212	0.8435789474
0.3	0.002443835038	0.8444210526
0.299	0.00250733045	0.8447368421
0.298	0.002575677671	0.8449473684
0.297	0.002642337306	0.8452631579
0.296	0.002711106423	0.8455789474
0.295	0.002785360194	0.8461052632
0.294	0.002856238793	0.8465263158
0.293	0.002935766269	0.8472631579
0.292	0.003015715642	0.8481052632
0.291	0.003094610273	0.8485263158
0.29	0.003186161797	0.8493684211
0.289	0.003261048413	0.8494736842
0.288	0.003347326231	0.8496842105
0.287	0.00344183103	0.8502105263
0.286	0.003531273072	0.8507368421
0.285	0.003619238477	0.8511578947
0.284	0.003729142496	0.8514736842
0.283	0.003825967725	0.8522105263
0.282	0.003927855711	0.8527368421
0.281	0.0040354393	0.8536842105
0.28	0.004138382027	0.8541052632
0.279	0.00425018458	0.8545263158
0.278	0.004352494463	0.8553684211
0.277	0.004462609429	0.8556842105
0.276	0.004577154309	0.8561052632
0.275	0.004693175825	0.8569473684
0.274	0.004826495095	0.8572631579
0.273	0.004943149457	0.8584210526
0.272	0.005069718384	0.8586315789
0.271	0.005193123088	0.8588421053
0.27	0.005326442358	0.8592631579
0.269	0.005461238266	0.8592631579
0.268	0.005598565552	0.8592631579
0.267	0.005742432233	0.8595789474
0.266	0.005895580635	0.8598947368
0.265	0.006045564814	0.86
0.264	0.006195548993	0.8603157895
0.263	0.006357979116	0.8606315789
0.262	0.00651914355	0.8609473684
0.261	0.006686214534	0.8611578947
0.26	0.006852441726	0.8614736842
0.259	0.00702773969	0.862
0.258	0.007210420842	0.8626315789
0.257	0.007395633372	0.8632631579
0.256	0.007581478747	0.8637894737
0.255	0.007773863517	0.8641052632
0.254	0.007958021306	0.8644210526
0.253	0.008150406075	0.8645263158
0.252	0.008347853602	0.8650526316
0.251	0.008563020778	0.8658947368
0.25	0.008780930282	0.8661052632
0.249	0.008992933235	0.8664210526
0.248	0.009200928172	0.8667368421
0.247	0.009426853707	0.8670526316
0.246	0.009645185107	0.8673684211
0.245	0.009885244173	0.8675789474
0.244	0.01012572513	0.868
0.243	0.0103662061	0.8685263158
0.242	0.01061617973	0.8687368421
0.241	0.01088767008	0.8688421053
0.24	0.0111507225	0.8690526316
0.239	0.01141651725	0.8693684211
0.238	0.01168610906	0.8694736842
0.237	0.0119706782	0.8697894737
0.236	0.01225292691	0.8701052632
0.235	0.01254023837	0.8706315789
0.234	0.0128440038	0.8708421053
0.233	0.01314249552	0.8710526316
0.232	0.01345469887	0.8713684211
0.231	0.01377365257	0.8717894737
0.23	0.01409281721	0.8717894737
0.229	0.01442274022	0.8721052632
0.228	0.01476616391	0.8725263158
0.227	0.0151152832	0.8733684211
0.226	0.01547262947	0.8736842105
0.225	0.01582828816	0.874
0.224	0.01619069718	0.8744210526
0.223	0.01656808354	0.8750526316
0.222	0.01694926695	0.8754736842
0.221	0.01734374011	0.8756842105
0.22	0.01773378336	0.876
0.219	0.01812888936	0.8765263158
0.218	0.01855247337	0.8768421053
0.217	0.01897015083	0.8770526316
0.216	0.01940153992	0.8771578947
0.215	0.01983883557	0.8775789474
0.214	0.02028330345	0.8777894737
0.213	0.02072840418	0.8784210526
0.212	0.02118763843	0.8786315789
0.211	0.02164202088	0.8787368421
0.21	0.02212256091	0.8790526316
0.209	0.02262229723	0.8794736842
0.208	0.02311844742	0.88
0.207	0.02362598882	0.8804210526
0.206	0.02414534332	0.8808421053
0.205	0.02470245755	0.8812631579
0.204	0.02525851703	0.8815789474
0.203	0.02581795169	0.882
0.202	0.02638139437	0.8823157895
0.201	0.02697732307	0.8827368421
0.2	0.02757915832	0.8829473684
0.199	0.02817445417	0.8832631579
0.198	0.0287547727	0.8836842105
0.197	0.02938846113	0.884
0.196	0.03000970362	0.8841052632
0.195	0.03063073515	0.8843157895
0.194	0.03126990824	0.8843157895
0.193	0.03193924691	0.8848421053
0.192	0.03261174982	0.8848421053
0.191	0.03331251978	0.8852631579
0.19	0.03400696129	0.8853684211
0.189	0.03473388883	0.8854736842
0.188	0.03546482439	0.886
0.187	0.03621010442	0.886
0.186	0.03694694652	0.8863157895
0.185	0.03771015716	0.8864210526
0.184	0.03849678304	0.8868421053
0.183	0.03930281616	0.8871578947
0.182	0.04010146609	0.8875789474
0.181	0.04091235102	0.8878947368
0.18	0.0417462293	0.8882105263
0.179	0.04259993672	0.8885263158
0.178	0.04348022361	0.8886315789
0.177	0.04437548782	0.8888421053
0.176	0.04527265056	0.8892631579
0.175	0.04618415779	0.8895789474
0.174	0.04710473579	0.8896842105
0.173	0.04803269697	0.89
0.172	0.04899356608	0.8902105263
0.171	0.04997194389	0.8903157895
0.17	0.05096909609	0.8905263158
0.169	0.0519641388	0.8910526316
0.168	0.05298955806	0.8912631579
0.167	0.05402721232	0.8912631579
0.166	0.05506064761	0.8916842105
0.165	0.05611602152	0.8917894737
0.164	0.05720282671	0.8923157895
0.163	0.05833477481	0.8927368421
0.162	0.0594570193	0.8930526316
0.161	0.06058432655	0.8932631579
0.16	0.06176648033	0.8934736842
0.159	0.06290496783	0.8936842105
0.158	0.06407741799	0.8937894737
0.157	0.0652863622	0.8937894737
0.156	0.06650859614	0.8943157895
0.155	0.06780656049	0.8945263158
0.154	0.06907224976	0.8949473684
0.153	0.07036494041	0.8953684211
0.152	0.07164940407	0.8956842105
0.151	0.07297690117	0.8956842105
0.15	0.07429828077	0.896
0.149	0.07568125725	0.8964210526
0.148	0.07707878916	0.8967368421
0.147	0.07848032908	0.8970526316
0.146	0.07991308934	0.8975789474
0.145	0.08130661323	0.8977894737
0.144	0.08281109588	0.8982105263
0.143	0.08427845164	0.8985263158
0.142	0.0857934817	0.8988421053
0.141	0.08733466934	0.8992631579
0.14	0.08887416939	0.8992631579
0.139	0.0904305453	0.8998947368
0.138	0.09203881447	0.9001052632
0.137	0.09367387406	0.9003157895
0.136	0.09529627676	0.9005263158
0.135	0.09696951798	0.9007368421
0.134	0.09862651619	0.9008421053
0.133	0.1003153676	0.9010526316
0.132	0.1020402911	0.9013684211
0.131	0.1037968569	0.902
0.13	0.1055557431	0.9023157895
0.129	0.1073460605	0.9024210526
0.128	0.1091513553	0.9026315789
0.127	0.1109836515	0.9027368421
0.126	0.1128355659	0.9032631579
0.125	0.1146940196	0.9034736842
0.124	0.1165763105	0.9037894737
0.123	0.1184938298	0.9041052632
0.122	0.120464508	0.9047368421
0.121	0.1224041768	0.9051578947
0.12	0.1243803396	0.9058947368
0.119	0.1263807615	0.9058947368
0.118	0.1284301234	0.9064210526
0.117	0.1304777977	0.9073684211
0.116	0.132598671	0.9076842105
0.115	0.1347026685	0.9081052632
0.114	0.1368395739	0.9081052632
0.113	0.1390091762	0.9082105263
0.112	0.141218015	0.9087368421
0.111	0.143421791	0.9088421053
0.11	0.1456669128	0.9092631579
0.109	0.1479346061	0.9096842105
0.108	0.1502227613	0.9098947368
0.107	0.1525613332	0.9103157895
0.106	0.1548589811	0.9108421053
0.105	0.1572093661	0.9108421053
0.104	0.1595576416	0.9109473684
0.103	0.1619896635	0.9113684211
0.102	0.1644183103	0.9118947368
0.101	0.1668372535	0.9123157895
0.1	0.1692848856	0.9124210526
0.099	0.1717877861	0.9126315789
0.098	0.1742927961	0.9129473684
0.097	0.1768081426	0.9133684211
0.096	0.1793758042	0.9137894737
0.095	0.1819403017	0.914
0.094	0.184533488	0.9141052632
0.093	0.1872026158	0.9145263158
0.092	0.1898700559	0.9148421053
0.091	0.192549942	0.9149473684
0.09	0.1952471258	0.9151578947
0.089	0.1979540133	0.9152631579
0.088	0.2007001371	0.9157894737
0.087	0.2035200928	0.9166315789
0.086	0.2063103048	0.9171578947
0.085	0.2091292058	0.9176842105
0.084	0.211987765	0.9181052632
0.083	0.2148161586	0.9186315789
0.082	0.2177099462	0.9188421053
0.081	0.2206292585	0.9191578947
0.08	0.2235489927	0.9194736842
0.079	0.2264851809	0.9197894737
0.078	0.2294829659	0.9201052632
0.077	0.2324860247	0.9203157895
0.076	0.2355027951	0.9206315789
0.075	0.2385917097	0.9210526316
0.074	0.2416321063	0.9211578947
0.073	0.2447349436	0.9214736842
0.072	0.2478753296	0.9222105263
0.071	0.2509739479	0.9227368421
0.07	0.2541514608	0.9229473684
0.069	0.2573574517	0.9231578947
0.068	0.2605343318	0.9237894737
0.067	0.2637601519	0.924
0.066	0.2669990507	0.9246315789
0.065	0.2702704356	0.9249473684
0.064	0.2735996203	0.9251578947
0.063	0.2769482122	0.9254736842
0.062	0.2803065078	0.9261052632
0.061	0.2836582639	0.9262105263
0.06	0.2870435608	0.9266315789
0.059	0.2904172556	0.9271578947
0.058	0.2937884189	0.928
0.057	0.2972713849	0.9284210526
0.056	0.3006661745	0.9290526316
0.055	0.3041489294	0.9292631579
0.054	0.3076466617	0.9293684211
0.053	0.3111614809	0.9296842105
0.052	0.3147058327	0.9302105263
0.051	0.3182698028	0.9307368421
0.05	0.3217753402	0.9309473684
0.049	0.325331927	0.9315789474
0.048	0.3289115072	0.9315789474
0.047	0.3325379179	0.9324210526
0.046	0.3361493513	0.9330526316
0.045	0.3398749077	0.9335789474
0.044	0.3435059593	0.934
0.043	0.3471458707	0.9343157895
0.042	0.3508895686	0.9344210526
0.041	0.3545955068	0.9349473684
0.04	0.3583600886	0.9353684211
0.039	0.3621094821	0.9357894737
0.038	0.3658844004	0.936
0.037	0.3696882185	0.9363157895
0.036	0.3734633477	0.9369473684
0.035	0.3772426959	0.9376842105
0.034	0.3810764687	0.9382105263
0.033	0.3848794431	0.9385263158
0.032	0.3887102626	0.9388421053
0.031	0.3925509967	0.9394736842
0.03	0.3964027001	0.9402105263
0.029	0.4002615758	0.9408421053
0.028	0.4041238266	0.9411578947
0.027	0.4080194072	0.9416842105
0.026	0.4119284886	0.942
0.025	0.4158557114	0.9423157895
0.024	0.4197647927	0.9425263158
0.023	0.423653834	0.9429473684
0.022	0.4276289421	0.9436842105
0.021	0.431600675	0.9438947368
0.02	0.4355369687	0.9442105263
0.019	0.4395390782	0.9447368421
0.018	0.4435281088	0.9450526316
0.017	0.4475548993	0.9454736842
0.016	0.451527687	0.9456842105
0.015	0.4555384453	0.9461052632
0.014	0.4595141863	0.9469473684
0.013	0.4635238899	0.9474736842
0.012	0.4674675667	0.9475789474
0.011	0.4715169286	0.9477894737
0.01	0.4755363358	0.9482105263
0.009	0.4795656576	0.9490526316
0.008	0.4835378125	0.9495789474
0.007	0.4875610168	0.9502105263
0.006	0.4915629153	0.9502105263
0.005	0.4955865415	0.9509473684
0.004	0.4995793693	0.9514736842
0.003	0.5035768379	0.9517894737
0.002	0.5076025736	0.9522105263
0.001	0.5116255669	0.9528421053
0	0.5155808459	0.9532631579
-0.001	0.519608902	0.9534736842
-0.002	0.5236270436	0.954
-0.003	0.5276061597	0.9545263158
-0.004	0.5316124881	0.9547368421
-0.005	0.5356051049	0.9552631579
-0.006	0.5396563654	0.9557894737
-0.007	0.5436304187	0.9561052632
-0.008	0.5476555216	0.9569473684
-0.009	0.551682101	0.9578947368
-0.01	0.5556314735	0.9584210526
-0.011	0.5596255669	0.9587368421
-0.012	0.5635861196	0.9592631579
-0.013	0.5675772598	0.9598947368
-0.014	0.5715745175	0.9604210526
-0.015	0.5754890834	0.9608421053
-0.016	0.5794289632	0.9614736842
-0.017	0.5833694758	0.9622105263
-0.018	0.5872876279	0.9625263158
-0.019	0.5912530324	0.9631578947
-0.02	0.5951851071	0.9632631579
-0.021	0.5991572619	0.9634736842
-0.022	0.6030275287	0.9638947368
-0.023	0.6069169919	0.9641052632
-0.024	0.610781985	0.9643157895
-0.025	0.6146501424	0.9644210526
-0.026	0.6185383398	0.9648421053
-0.027	0.6224098724	0.9653684211
-0.028	0.6262681152	0.9655789474
-0.029	0.630101888	0.9658947368
-0.03	0.6338974792	0.9662105263
-0.031	0.6377297753	0.9667368421
-0.032	0.6415013184	0.9670526316
-0.033	0.6452568294	0.9675789474
-0.034	0.6490254193	0.968
-0.035	0.652765953	0.9683157895
-0.036	0.6564864466	0.9690526316
-0.037	0.6601708681	0.9697894737
-0.038	0.6639029638	0.9702105263
-0.039	0.6675654467	0.9704210526
-0.04	0.6712741272	0.9711578947
-0.041	0.6749323911	0.9715789474
-0.042	0.6785516296	0.972
-0.043	0.6822255036	0.972
-0.044	0.68583314	0.9723157895
-0.045	0.6893741167	0.9727368421
-0.046	0.6929144605	0.9732631579
-0.047	0.6965096509	0.9733684211
-0.048	0.7000493619	0.9737894737
-0.049	0.7035544774	0.9741052632
-0.05	0.7070838519	0.9744210526
-0.051	0.7106033119	0.9746315789
-0.052	0.7140388145	0.9747368421
-0.053	0.7174954119	0.9750526316
-0.054	0.7209273283	0.9752631579
-0.055	0.7243316106	0.9756842105
-0.056	0.727702774	0.9758947368
-0.057	0.7310600148	0.9761052632
-0.058	0.7344206307	0.9765263158
-0.059	0.7377481278	0.9769473684
-0.06	0.7410560068	0.9770526316
-0.061	0.7443242274	0.9773684211
-0.062	0.7476124881	0.9776842105
-0.063	0.7508739584	0.9781052632
-0.064	0.7541122244	0.9782105263
-0.065	0.7573019724	0.9786315789
-0.066	0.7604792743	0.9790526316
-0.067	0.7636607953	0.9793684211
-0.068	0.7667539289	0.9798947368
-0.069	0.7698879865	0.9802105263
-0.07	0.7729828077	0.9805263158
-0.071	0.7760305875	0.9808421053
-0.072	0.7790821643	0.9811578947
-0.073	0.7820993566	0.9814736842
-0.074	0.7850633899	0.9817894737
-0.075	0.7880210948	0.982
-0.076	0.7909596034	0.9822105263
-0.077	0.7938976901	0.9826315789
-0.078	0.7968028689	0.9833684211
-0.079	0.7996361143	0.984
-0.08	0.8024955174	0.984
-0.081	0.805295222	0.9845263158
-0.082	0.8080537918	0.9847368421
-0.083	0.8108484337	0.9850526316
-0.084	0.8135960342	0.9852631579
-0.085	0.8163790739	0.9853684211
-0.086	0.8191154941	0.9862105263
-0.087	0.8217987554	0.9864210526
-0.088	0.8244372956	0.9867368421
-0.089	0.827050944	0.9867368421
-0.09	0.8296437085	0.9869473684
-0.091	0.8322301445	0.9873684211
-0.092	0.8347794536	0.9875789474
-0.093	0.8373218015	0.9877894737
-0.094	0.8398664698	0.988
-0.095	0.8423284464	0.9882105263
-0.096	0.8448138382	0.9884210526
-0.097	0.847234047	0.9884210526
-0.098	0.8496430756	0.9885263158
-0.099	0.8519890307	0.9886315789
-0.1	0.8543550258	0.9888421053
-0.101	0.8566497205	0.9895789474
-0.102	0.8589861829	0.9897894737
-0.103	0.8612498682	0.9901052632
-0.104	0.8634983652	0.9902105263
-0.105	0.8657084696	0.9905263158
-0.106	0.8678770172	0.9907368421
-0.107	0.8700419787	0.9909473684
-0.108	0.8721974475	0.9910526316
-0.109	0.874342158	0.9911578947
-0.11	0.8764488978	0.9911578947
-0.111	0.8785026896	0.9911578947
-0.112	0.8805718806	0.9911578947
-0.113	0.8826125936	0.9912631579
-0.114	0.8846144921	0.9914736842
-0.115	0.886607109	0.9916842105
-0.116	0.8885526843	0.9917894737
-0.117	0.8904691488	0.9917894737
-0.118	0.8924003797	0.9918947368
-0.119	0.8942845691	0.9918947368
-0.12	0.8961360616	0.9921052632
-0.121	0.8980046409	0.9923157895
-0.122	0.8998061386	0.9925263158
-0.123	0.9015947685	0.9926315789
-0.124	0.9033658897	0.9926315789
-0.125	0.9051108533	0.9927368421
-0.126	0.9068408396	0.9928421053
-0.127	0.9085571142	0.9930526316
-0.128	0.9102430123	0.9930526316
-0.129	0.9118822909	0.9932631579
-0.13	0.9135245227	0.9936842105
-0.131	0.9151370109	0.9936842105
-0.132	0.9167298808	0.9941052632
-0.133	0.9182660057	0.9941052632
-0.134	0.9198112014	0.9942105263
-0.135	0.9213129417	0.9944210526
-0.136	0.9228142601	0.9947368421
-0.137	0.9242778188	0.9947368421
-0.138	0.9257238688	0.9947368421
-0.139	0.9271602152	0.9947368421
-0.14	0.9285961396	0.9947368421
-0.141	0.9300018985	0.9949473684
-0.142	0.9313857188	0.9951578947
-0.143	0.9327539289	0.9952631579
-0.144	0.9340875435	0.9956842105
-0.145	0.9353905706	0.9956842105
-0.146	0.9366701825	0.9957894737
-0.147	0.937930809	0.9957894737
-0.148	0.9391920683	0.9958947368
-0.149	0.9404109271	0.9958947368
-0.15	0.9416097458	0.9958947368
-0.151	0.942806455	0.9958947368
-0.152	0.9439799599	0.9961052632
-0.153	0.9451294167	0.9962105263
-0.154	0.9462638962	0.9963157895
-0.155	0.9473798123	0.9964210526
-0.156	0.9485003692	0.9965263158
-0.157	0.9495842211	0.9966315789
-0.158	0.9506423373	0.9967368421
-0.159	0.9517242907	0.9969473684
-0.16	0.9527773442	0.9969473684
-0.161	0.9537782934	0.9971578947
-0.162	0.954761734	0.9973684211
-0.163	0.9557405337	0.9973684211
-0.164	0.9566853707	0.9974736842
-0.165	0.9576369581	0.9974736842
-0.166	0.9585600675	0.9974736842
-0.167	0.9594593397	0.9974736842
-0.168	0.9603602995	0.9974736842
-0.169	0.9612163274	0.9975789474
-0.17	0.9620670815	0.9975789474
-0.171	0.9628929438	0.9976842105
-0.172	0.9637384242	0.9976842105
-0.173	0.9645670288	0.9977894737
-0.174	0.9653580846	0.9977894737
-0.175	0.9661280456	0.9977894737
-0.176	0.9668942095	0.9977894737
-0.177	0.9676504588	0.9978947368
-0.178	0.9683900432	0.9978947368
-0.179	0.9691195022	0.998
-0.18	0.9698344057	0.998
-0.181	0.9705286362	0.9981052632
-0.182	0.9712517667	0.9982105263
-0.183	0.9719316528	0.9984210526
-0.184	0.9725845375	0.9984210526
-0.185	0.9732190697	0.9984210526
-0.186	0.9738690012	0.9984210526
-0.187	0.9744986816	0.9986315789
-0.188	0.9751108533	0.9987368421
-0.189	0.9757055163	0.9987368421
-0.19	0.9762776078	0.9989473684
-0.191	0.9768347221	0.9989473684
-0.192	0.9773871954	0.9989473684
-0.193	0.9779322856	0.9990526316
-0.194	0.9784611328	0.9990526316
-0.195	0.9790053792	0.9990526316
-0.196	0.97951946	0.9990526316
-0.197	0.9800196182	0.9990526316
-0.198	0.9805107056	0.9990526316
-0.199	0.9810119186	0.9991578947
-0.2	0.9814795908	0.9991578947
-0.201	0.9819295433	0.9991578947
-0.202	0.982378652	0.9991578947
-0.203	0.9828195338	0.9991578947
-0.204	0.9832606265	0.9991578947
-0.205	0.9836958127	0.9993684211
-0.206	0.9841006223	0.9993684211
-0.207	0.9844991035	0.9993684211
-0.208	0.9849018036	0.9993684211
-0.209	0.98527919	0.9994736842
-0.21	0.9856654361	0.9994736842
-0.211	0.9860303765	0.9994736842
-0.212	0.9863974264	0.9994736842
-0.213	0.9867340998	0.9994736842
-0.214	0.987083641	0.9994736842
-0.215	0.9874336041	0.9994736842
-0.216	0.9877586752	0.9994736842
-0.217	0.9880919734	0.9994736842
-0.218	0.9884079738	0.9994736842
-0.219	0.9887229195	0.9994736842
-0.22	0.9890338572	0.9994736842
-0.221	0.9893281299	0.9994736842
-0.222	0.9896287311	0.9994736842
-0.223	0.9899080266	0.9994736842
-0.224	0.9901911191	0.9994736842
-0.225	0.990452062	0.9994736842
-0.226	0.9907108955	0.9994736842
-0.227	0.990965299	0.9994736842
-0.228	0.9912266639	0.9995789474
-0.229	0.9914800127	0.9995789474
-0.23	0.9917160637	0.9995789474
-0.231	0.9919506381	0.9995789474
-0.232	0.9921782512	0.9995789474
-0.233	0.9923898323	0.9995789474
-0.234	0.9926062652	0.9995789474
-0.235	0.9928199557	0.9995789474
-0.236	0.9930188799	0.9995789474
-0.237	0.9932118975	0.9996842105
-0.238	0.9934047041	0.9996842105
-0.239	0.9935975108	0.9996842105
-0.24	0.9937730197	0.9996842105
-0.241	0.9939487396	0.9996842105
-0.242	0.9941440776	0.9996842105
-0.243	0.9943149457	0.9996842105
-0.244	0.9944818057	0.9996842105
-0.245	0.9946423373	0.9996842105
-0.246	0.9947967514	0.9996842105
-0.247	0.9949439932	0.9996842105
-0.248	0.9950954541	0.9996842105
-0.249	0.995242485	0.9996842105
-0.25	0.9953823436	0.9996842105
-0.251	0.9955186162	0.9996842105
-0.252	0.9956599515	0.9996842105
-0.253	0.9957947474	0.9996842105
-0.254	0.995914355	0.9996842105
-0.255	0.9960348065	0.9996842105
-0.256	0.9961569455	0.9996842105
-0.257	0.9962634743	0.9996842105
-0.258	0.9963851914	0.9996842105
-0.259	0.9964877123	0.9996842105
-0.26	0.9965980382	0.9996842105
-0.261	0.9967081531	0.9996842105
-0.262	0.996810674	0.9997894737
-0.263	0.9969026474	0.9998947368
-0.264	0.9970009493	0.9998947368
-0.265	0.9970965088	0.9998947368
-0.266	0.9971827866	0.9998947368
-0.267	0.9972720177	0.9998947368
-0.268	0.9973513342	0.9998947368
-0.269	0.9974357135	0.9998947368
-0.27	0.9975116549	0.9998947368
-0.271	0.9975970889	0.9998947368
-0.272	0.9976673347	0.9998947368
-0.273	0.9977344162	0.9998947368
-0.274	0.9978071933	0.9998947368
-0.275	0.9978734311	0.9998947368
-0.276	0.9979457863	0.9998947368
-0.277	0.9980145554	0.9998947368
-0.278	0.9980727771	0.9998947368
-0.279	0.9981379601	1
-0.28	0.9981976585	1
-0.281	0.9982552473	1
-0.282	0.9983105158	1
-0.283	0.9983672608	1
-0.284	0.9984197869	1
-0.285	0.9984676722	1
-0.286	0.9985166122	1
-0.287	0.998566185	1
-0.288	0.9986102732	1
-0.289	0.9986541504	1
-0.29	0.9986980276	1
-0.291	0.9987359983	1
-0.292	0.9987866259	1
-0.293	0.9988321907	1
-0.294	0.9988686847	1
-0.295	0.9989028583	1
-0.296	0.9989389305	1
-0.297	0.9989722603	1
-0.298	0.9990039025	1
-0.299	0.9990340681	1
-0.3	0.9990690855	1
-0.301	0.9991007278	1
-0.302	0.9991327919	1
-0.303	0.9991612699	1
-0.304	0.9991872165	1
-0.305	0.9992148508	1
-0.306	0.9992429069	1
-0.307	0.9992722287	1
-0.308	0.9992907921	1
-0.309	0.9993165278	1
-0.31	0.9993386774	1
-0.311	0.9993654678	1
-0.312	0.9993897268	1
-0.313	0.9994097669	1
-0.314	0.9994336041	1
-0.315	0.9994553317	1
-0.316	0.9994760046	1
-0.317	0.99949499	1
-0.318	0.9995133425	1
-0.319	0.9995306402	1
-0.32	0.9995466723	1
-0.321	0.9995629153	1
-0.322	0.9995768379	1
-0.323	0.9995941356	1
-0.324	0.9996070035	1
-0.325	0.9996228246	1
-0.326	0.99963738	1
-0.327	0.9996519354	1
-0.328	0.9996635376	1
-0.329	0.9996751398	1
-0.33	0.999690328	1
-0.331	0.9996991878	1
-0.332	0.9997101572	1
-0.333	0.9997219703	1
-0.334	0.9997346271	1
-0.335	0.999743487	1
-0.336	0.9997531906	1
-0.337	0.9997605738	1
-0.338	0.9997704883	1
-0.339	0.9997806139	1
-0.34	0.9997894737	1
-0.341	0.9997998101	1
-0.342	0.9998080371	1
-0.343	0.9998177407	1
-0.344	0.9998257568	1
-0.345	0.9998318743	1
-0.346	0.9998394684	1
-0.347	0.9998445312	1
-0.348	0.9998508596	1
-0.349	0.9998561333	1
-0.35	0.9998624618	1
-0.351	0.9998677355	1
-0.352	0.9998740639	1
-0.353	0.999877861	1
-0.354	0.9998820799	1
-0.355	0.9998871427	1
-0.356	0.9998907288	1
-0.357	0.9998966354	1
-0.358	0.9999029638	1
-0.359	0.9999078156	1
-0.36	0.9999116127	1
-0.361	0.9999139331	1
-0.362	0.9999168864	1
-0.363	0.9999213163	1
-0.364	0.9999246915	1
-0.365	0.9999276448	1
-0.366	0.9999291214	1
-0.367	0.9999316528	1
-0.368	0.9999367155	1
-0.369	0.9999394579	1
-0.37	0.9999415673	1
-0.371	0.9999449425	1
-0.372	0.9999468411	1
-0.373	0.9999508491	1
-0.374	0.9999538023	1
-0.375	0.9999563337	1
-0.376	0.9999582323	1
-0.377	0.9999594979	1
-0.378	0.9999611855	1
-0.379	0.999963295	1
-0.38	0.9999639279	1
-0.381	0.9999656154	1
-0.382	0.999967514	1
-0.383	0.9999694125	1
-0.384	0.9999706782	1
-0.385	0.9999727877	1
-0.386	0.9999740534	1
-0.387	0.9999763738	1
-0.388	0.9999780614	1
-0.389	0.9999784833	1
-0.39	0.9999791161	1
-0.391	0.9999799599	1
-0.392	0.9999808037	1
-0.393	0.9999818585	1
-0.394	0.9999827022	1
-0.395	0.999983757	1
-0.396	0.9999841789	1
-0.397	0.9999850227	1
-0.398	0.9999852336	1
-0.399	0.9999860774	1
-0.4	0.9999867103	1
-0.401	0.9999875541	1
-0.402	0.9999883978	1
-0.403	0.9999888197	1
-0.404	0.9999890307	1
-0.405	0.9999900854	1
-0.406	0.9999905073	1
-0.407	0.9999907183	1
-0.408	0.9999909292	1
-0.409	0.9999909292	1
-0.41	0.9999909292	1
-0.411	0.9999909292	1
-0.412	0.9999913511	1
-0.413	0.9999915621	1
-0.414	0.999991984	1
-0.415	0.9999924059	1
-0.416	0.9999926168	1
-0.417	0.9999928278	1
-0.418	0.9999928278	1
-0.419	0.9999932497	1
-0.42	0.9999932497	1
-0.421	0.9999934606	1
-0.422	0.9999943044	1
-0.423	0.9999945153	1
-0.424	0.9999949372	1
-0.425	0.9999953591	1
-0.426	0.999995781	1
-0.427	0.9999964139	1
-0.428	0.9999964139	1
-0.429	0.9999964139	1
-0.43	0.9999966248	1
-0.431	0.9999966248	1
-0.432	0.9999970467	1
-0.433	0.9999974686	1
-0.434	0.9999974686	1
-0.435	0.9999981015	1
-0.436	0.9999981015	1
-0.437	0.9999981015	1
-0.438	0.9999983124	1
-0.439	0.9999985234	1
-0.44	0.9999987343	1
-0.441	0.9999987343	1
-0.442	0.9999987343	1
-0.443	0.9999987343	1
-0.444	0.9999989453	1
-0.445	0.9999989453	1
-0.446	0.9999991562	1
-0.447	0.9999991562	1
-0.448	0.9999991562	1
-0.449	0.9999991562	1
-0.45	0.9999993672	1
-0.451	0.9999993672	1
-0.452	0.9999995781	1
-0.453	0.9999995781	1
-0.454	0.9999995781	1
-0.455	0.9999995781	1
-0.456	0.9999997891	1
-0.457	0.9999997891	1
-0.458	0.9999997891	1
-0.459	0.9999997891	1
-0.46	0.9999997891	1
-0.461	0.9999997891	1
-0.462	0.9999997891	1
-0.463	0.9999997891	1
-0.464	0.9999997891	1
-0.465	0.9999997891	1
-0.466	0.9999997891	1
-0.467	0.9999997891	1
-0.468	1	1
-0.469	1	1
-0.47	1	1
-0.471	1	1
-0.472	1	1
-0.473	1	1
-0.474	1	1
-0.475	1	1
-0.476	1	1
-0.477	1	1
-0.478	1	1
-0.479	1	1
-0.48	1	1
-0.481	1	1
-0.482	1	1
-0.483	1	1
-0.484	1	1
-0.485	1	1
-0.486	1	1
-0.487	1	1
-0.488	1	1
-0.489	1	1
-0.49	1	1
-0.491	1	1
-0.492	1	1
-0.493	1	1
-0.494	1	1
-0.495	1	1
-0.496	1	1
-0.497	1	1
-0.498	1	1
-0.499	1	1
-0.5	1	1
-0.501	1	1
-0.502	1	1
-0.503	1	1
-0.504	1	1
-0.505	1	1
-0.506	1	1
-0.507	1	1
-0.508	1	1
-0.509	1	1
-0.51	1	1
-0.511	1	1
-0.512	1	1
-0.513	1	1
-0.514	1	1
-0.515	1	1
-0.516	1	1
-0.517	1	1
-0.518	1	1
-0.519	1	1
-0.52	1	1
-0.521	1	1
-0.522	1	1
-0.523	1	1
-0.524	1	1
-0.525	1	1
-0.526	1	1
-0.527	1	1
-0.528	1	1
-0.529	1	1
-0.53	1	1
-0.531	1	1
-0.532	1	1
-0.533	1	1
-0.534	1	1
-0.535	1	1
-0.536	1	1
-0.537	1	1
-0.538	1	1
-0.539	1	1
-0.54	1	1
-0.541	1	1
-0.542	1	1
-0.543	1	1
-0.544	1	1
-0.545	1	1
-0.546	1	1
-0.547	1	1
-0.548	1	1
-0.549	1	1
-0.55	1	1
-0.551	1	1
-0.552	1	1
-0.553	1	1
-0.554	1	1
-0.555	1	1
-0.556	1	1
-0.557	1	1
-0.558	1	1
-0.559	1	1
-0.56	1	1
-0.561	1	1
-0.562	1	1
-0.563	1	1
-0.564	1	1
-0.565	1	1
-0.566	1	1
-0.567	1	1
-0.568	1	1
-0.569	1	1
-0.57	1	1
-0.571	1	1
-0.572	1	1
-0.573	1	1
-0.574	1	1
-0.575	1	1
-0.576	1	1
-0.577	1	1
-0.578	1	1
-0.579	1	1
-0.58	1	1
-0.581	1	1
-0.582	1	1
-0.583	1	1
-0.584	1	1
-0.585	1	1
-0.586	1	1
-0.587	1	1
-0.588	1	1
-0.589	1	1
-0.59	1	1
-0.591	1	1
-0.592	1	1
-0.593	1	1
-0.594	1	1
-0.595	1	1
-0.596	1	1
-0.597	1	1
-0.598	1	1
-0.599	1	1
-0.6	1	1
-0.601	1	1
-0.602	1	1
-0.603	1	1
-0.604	1	1
-0.605	1	1
-0.606	1	1
-0.607	1	1
-0.608	1	1
-0.609	1	1
-0.61	1	1
-0.611	1	1
-0.612	1	1
-0.613	1	1
-0.614	1	1
-0.615	1	1
-0.616	1	1
-0.617	1	1
-0.618	1	1
-0.619	1	1
-0.62	1	1
-0.621	1	1
-0.622	1	1
-0.623	1	1
-0.624	1	1
-0.625	1	1
-0.626	1	1
-0.627	1	1
-0.628	1	1
-0.629	1	1
-0.63	1	1
-0.631	1	1
-0.632	1	1
-0.633	1	1
-0.634	1	1
-0.635	1	1
-0.636	1	1
-0.637	1	1
-0.638	1	1
-0.639	1	1
-0.64	1	1
-0.641	1	1
-0.642	1	1
-0.643	1	1
-0.644	1	1
-0.645	1	1
-0.646	1	1
-0.647	1	1
-0.648	1	1
-0.649	1	1
-0.65	1	1
-0.651	1	1
-0.652	1	1
-0.653	1	1
-0.654	1	1
-0.655	1	1
-0.656	1	1
-0.657	1	1
-0.658	1	1
-0.659	1	1
-0.66	1	1
-0.661	1	1
-0.662	1	1
-0.663	1	1
-0.664	1	1
-0.665	1	1
-0.666	1	1
-0.667	1	1
-0.668	1	1
-0.669	1	1
-0.67	1	1
-0.671	1	1
-0.672	1	1
-0.673	1	1
-0.674	1	1
-0.675	1	1
-0.676	1	1
-0.677	1	1
-0.678	1	1
-0.679	1	1
-0.68	1	1
-0.681	1	1
-0.682	1	1
-0.683	1	1
-0.684	1	1
-0.685	1	1
-0.686	1	1
-0.687	1	1
-0.688	1	1
-0.689	1	1
-0.69	1	1
-0.691	1	1
-0.692	1	1
-0.693	1	1
-0.694	1	1
-0.695	1	1
-0.696	1	1
-0.697	1	1
-0.698	1	1
-0.699	1	1
-0.7	1	1
-0.701	1	1
-0.702	1	1
-0.703	1	1
-0.704	1	1
-0.705	1	1
-0.706	1	1
-0.707	1	1
-0.708	1	1
-0.709	1	1
-0.71	1	1
-0.711	1	1
-0.712	1	1
-0.713	1	1
-0.714	1	1
-0.715	1	1
-0.716	1	1
-0.717	1	1
-0.718	1	1
-0.719	1	1
-0.72	1	1
-0.721	1	1
-0.722	1	1
-0.723	1	1
-0.724	1	1
-0.725	1	1
-0.726	1	1
-0.727	1	1
-0.728	1	1
-0.729	1	1
-0.73	1	1
-0.731	1	1
-0.732	1	1
-0.733	1	1
-0.734	1	1
-0.735	1	1
-0.736	1	1
-0.737	1	1
-0.738	1	1
-0.739	1	1
-0.74	1	1
-0.741	1	1
-0.742	1	1
-0.743	1	1
-0.744	1	1
-0.745	1	1
-0.746	1	1
-0.747	1	1
-0.748	1	1
-0.749	1	1
-0.75	1	1
-0.751	1	1
-0.752	1	1
-0.753	1	1
-0.754	1	1
-0.755	1	1
-0.756	1	1
-0.757	1	1
-0.758	1	1
-0.759	1	1
-0.76	1	1
-0.761	1	1
-0.762	1	1
-0.763	1	1
-0.764	1	1
-0.765	1	1
-0.766	1	1
-0.767	1	1
-0.768	1	1
-0.769	1	1
-0.77	1	1
-0.771	1	1
-0.772	1	1
-0.773	1	1
-0.774	1	1
-0.775	1	1
-0.776	1	1
-0.777	1	1
-0.778	1	1
-0.779	1	1
-0.78	1	1
-0.781	1	1
-0.782	1	1
-0.783	1	1
-0.784	1	1
-0.785	1	1
-0.786	1	1
-0.787	1	1
-0.788	1	1
-0.789	1	1
-0.79	1	1
-0.791	1	1
-0.792	1	1
-0.793	1	1
-0.794	1	1
-0.795	1	1
-0.796	1	1
-0.797	1	1
-0.798	1	1
-0.799	1	1
-0.8	1	1
-0.801	1	1
-0.802	1	1
-0.803	1	1
-0.804	1	1
-0.805	1	1
-0.806	1	1
-0.807	1	1
-0.808	1	1
-0.809	1	1
-0.81	1	1
-0.811	1	1
-0.812	1	1
-0.813	1	1
-0.814	1	1
-0.815	1	1
-0.816	1	1
-0.817	1	1
-0.818	1	1
-0.819	1	1
-0.82	1	1
-0.821	1	1
-0.822	1	1
-0.823	1	1
-0.824	1	1
-0.825	1	1
-0.826	1	1
-0.827	1	1
-0.828	1	1
-0.829	1	1
-0.83	1	1
-0.831	1	1
-0.832	1	1
-0.833	1	1
-0.834	1	1
-0.835	1	1
-0.836	1	1
-0.837	1	1
-0.838	1	1
-0.839	1	1
-0.84	1	1
-0.841	1	1
-0.842	1	1
-0.843	1	1
-0.844	1	1
-0.845	1	1
-0.846	1	1
-0.847	1	1
-0.848	1	1
-0.849	1	1
-0.85	1	1
-0.851	1	1
-0.852	1	1
-0.853	1	1
-0.854	1	1
-0.855	1	1
-0.856	1	1
-0.857	1	1
-0.858	1	1
-0.859	1	1
-0.86	1	1
-0.861	1	1
-0.862	1	1
-0.863	1	1
-0.864	1	1
-0.865	1	1
-0.866	1	1
-0.867	1	1
-0.868	1	1
-0.869	1	1
-0.87	1	1
-0.871	1	1
-0.872	1	1
-0.873	1	1
-0.874	1	1
-0.875	1	1
-0.876	1	1
-0.877	1	1
-0.878	1	1
-0.879	1	1
-0.88	1	1
-0.881	1	1
-0.882	1	1
-0.883	1	1
-0.884	1	1
-0.885	1	1
-0.886	1	1
-0.887	1	1
-0.888	1	1
-0.889	1	1
-0.89	1	1
-0.891	1	1
-0.892	1	1
-0.893	1	1
-0.894	1	1
-0.895	1	1
-0.896	1	1
-0.897	1	1
-0.898	1	1
-0.899	1	1
-0.9	1	1
-0.901	1	1
-0.902	1	1
-0.903	1	1
-0.904	1	1
-0.905	1	1
-0.906	1	1
-0.907	1	1
-0.908	1	1
-0.909	1	1
-0.91	1	1
-0.911	1	1
-0.912	1	1
-0.913	1	1
-0.914	1	1
-0.915	1	1
-0.916	1	1
-0.917	1	1
-0.918	1	1
-0.919	1	1
-0.92	1	1
-0.921	1	1
-0.922	1	1
-0.923	1	1
-0.924	1	1
-0.925	1	1
-0.926	1	1
-0.927	1	1
-0.928	1	1
-0.929	1	1
-0.93	1	1
-0.931	1	1
-0.932	1	1
-0.933	1	1
-0.934	1	1
-0.935	1	1
-0.936	1	1
-0.937	1	1
-0.938	1	1
-0.939	1	1
-0.94	1	1
-0.941	1	1
-0.942	1	1
-0.943	1	1
-0.944	1	1
-0.945	1	1
-0.946	1	1
-0.947	1	1
-0.948	1	1
-0.949	1	1
-0.95	1	1
-0.951	1	1
-0.952	1	1
-0.953	1	1
-0.954	1	1
-0.955	1	1
-0.956	1	1
-0.957	1	1
-0.958	1	1
-0.959	1	1
-0.96	1	1
-0.961	1	1
-0.962	1	1
-0.963	1	1
-0.964	1	1
-0.965	1	1
-0.966	1	1
-0.967	1	1
-0.968	1	1
-0.969	1	1
-0.97	1	1
-0.971	1	1
-0.972	1	1
-0.973	1	1
-0.974	1	1
-0.975	1	1
-0.976	1	1
-0.977	1	1
-0.978	1	1
-0.979	1	1
-0.98	1	1
-0.981	1	1
-0.982	1	1
-0.983	1	1
-0.984	1	1
-0.985	1	1
-0.986	1	1
-0.987	1	1
-0.988	1	1
-0.989	1	1
-0.99	1	1
-0.991	1	1
-0.992	1	1
-0.993	1	1
-0.994	1	1
-0.995	1	1
-0.996	1	1
-0.997	1	1
-0.998	1	1
-0.999	1	1
-1	1	1
