threshold	FAR	TAR
0.999	0	0.0001052631579
0.998	0	0.0001052631579
0.997	0	0.0001052631579
0.996	0	0.0001052631579
0.995	0	0.0001052631579
0.994	0	0.0001052631579
0.993	0	0.0002105263158
0.992	0	0.0002105263158
0.991	0	0.0002105263158
0.99	0	0.0002105263158
0.989	0	0.0002105263158
0.988	0	0.0002105263158
0.987	0	0.0002105263158
0.986	0	0.0003157894737
0.985	0	0.0004210526316
0.984	0	0.0004210526316
0.983	0	0.0004210526316
0.982	0	0.0004210526316
0.981	0	0.0005263157895
0.98	0	0.0005263157895
0.979	0	0.0006315789474
0.978	0	0.0006315789474
0.977	0	0.0007368421053
0.976	0	0.0007368421053
0.975	0	0.0007368421053
0.974	0	0.0008421052632
0.973	0	0.0008421052632
0.972	0	0.0009473684211
0.971	0	0.0009473684211
0.97	0	0.0009473684211
0.969	0	0.0009473684211
0.968	0	0.0009473684211
0.967	0	0.001052631579
0.966	0	0.001052631579
0.965	0	0.001052631579
0.964	0	0.001052631579
0.963	0	0.001052631579
0.962	0	0.001052631579
0.961	0	0.001052631579
0.96	0	0.001052631579
0.959	0	0.001157894737
0.958	0	0.001157894737
0.957	0	0.001157894737
0.956	0	0.001157894737
0.955	0	0.001157894737
0.954	0	0.001157894737
0.953	0	0.001157894737
0.952	0	0.001263157895
0.951	0	0.001263157895
0.95	0	0.001263157895
0.949	0	0.001368421053
0.948	0	0.001473684211
0.947	0	0.001473684211
0.946	0	0.001578947368
0.945	0	0.001684210526
0.944	0	0.001684210526
0.943	0	0.001684210526
0.942	0	0.001684210526
0.941	0	0.001789473684
0.94	0	0.001789473684
0.939	0	0.001789473684
0.938	0	0.001789473684
0.937	0	0.001789473684
0.936	0	0.001789473684
0.935	0	0.001789473684
0.934	0	0.001789473684
0.933	0	0.001789473684
0.932	0	0.001789473684
0.931	0	0.001789473684
0.93	0	0.001789473684
0.929	0	0.001789473684
0.928	0	0.001789473684
0.927	0	0.001894736842
0.926	0	0.001894736842
0.925	0	0.001894736842
0.924	0	0.001894736842
0.923	0	0.001894736842
0.922	0	0.001894736842
0.921	0	0.001894736842
0.92	0	0.001894736842
0.919	0	0.002105263158
0.918	0	0.002105263158
0.917	0	0.002105263158
0.916	0	0.002210526316
0.915	0	0.002210526316
0.914	0	0.002315789474
0.913	0	0.002421052632
0.912	0	0.002421052632
0.911	0	0.002526315789
0.91	0	0.002631578947
0.909	0	0.002631578947
0.908	0	0.002631578947
0.907	0	0.002736842105
0.906	0	0.002947368421
0.905	0	0.003052631579
0.904	0	0.003052631579
0.903	0	0.003157894737
0.902	0	0.003157894737
0.901	0	0.003157894737
0.9	0	0.003157894737
0.899	0	0.003368421053
0.898	0	0.003578947368
0.897	0	0.003894736842
0.896	0	0.004210526316
0.895	0	0.004421052632
0.894	0	0.004631578947
0.893	0	0.004842105263
0.892	0	0.005157894737
0.891	0	0.005263157895
0.89	0	0.005368421053
0.889	0	0.005473684211
0.888	0	0.005473684211
0.887	0	0.005473684211
0.886	0	0.005578947368
0.885	0	0.005684210526
0.884	0	0.005684210526
0.883	0	0.006
0.882	0	0.006210526316
0.881	0	0.006315789474
0.88	0	0.006526315789
0.879	0	0.006526315789
0.878	0	0.006526315789
0.877	0	0.006842105263
0.876	0	0.007157894737
0.875	0	0.007263157895
0.874	0	0.007684210526
0.873	0	0.007789473684
0.872	0	0.007894736842
0.871	0	0.008105263158
0.87	0	0.008210526316
0.869	0	0.008421052632
0.868	0	0.008736842105
0.867	0	0.008842105263
0.866	0	0.008842105263
0.865	0	0.009157894737
0.864	0	0.009473684211
0.863	0	0.009684210526
0.862	0	0.009894736842
0.861	0	0.01
0.86	0	0.01
0.859	0	0.01010526316
0.858	0	0.01042105263
0.857	0	0.01084210526
0.856	0	0.01126315789
0.855	0	0.012
0.854	0	0.01231578947
0.853	0	0.01263157895
0.852	0	0.01273684211
0.851	0	0.01305263158
0.85	0	0.01305263158
0.849	0	0.01326315789
0.848	0	0.01389473684
0.847	0	0.01421052632
0.846	0	0.01463157895
0.845	0	0.01526315789
0.844	0	0.01547368421
0.843	0	0.01610526316
0.842	0	0.01631578947
0.841	0	0.01642105263
0.84	0	0.01663157895
0.839	0	0.01705263158
0.838	0	0.01768421053
0.837	0	0.018
0.836	0	0.01821052632
0.835	0	0.01863157895
0.834	0	0.01894736842
0.833	0	0.01957894737
0.832	0	0.02010526316
0.831	0	0.02031578947
0.83	0	0.02063157895
0.829	0	0.02094736842
0.828	0	0.02115789474
0.827	0	0.02147368421
0.826	0	0.02189473684
0.825	0	0.02210526316
0.824	0	0.02252631579
0.823	0	0.02263157895
0.822	0	0.02294736842
0.821	0	0.02326315789
0.82	0	0.02378947368
0.819	0	0.02421052632
0.818	0	0.02452631579
0.817	0	0.02526315789
0.816	0	0.02536842105
0.815	0	0.026
0.814	0	0.02631578947
0.813	0	0.02694736842
0.812	0	0.02715789474
0.811	0	0.028
0.81	0	0.02842105263
0.809	0	0.02894736842
0.808	0	0.02926315789
0.807	0	0.03031578947
0.806	0	0.03073684211
0.805	0	0.03136842105
0.804	0	0.03189473684
0.803	0	0.03221052632
0.802	0	0.03252631579
0.801	0	0.03347368421
0.8	0	0.03421052632
0.799	0	0.03547368421
0.798	0	0.036
0.797	0	0.03684210526
0.796	0	0.03726315789
0.795	0	0.03842105263
0.794	0	0.03894736842
0.793	0	0.04010526316
0.792	0	0.04031578947
0.791	0	0.04105263158
0.79	0	0.042
0.789	0	0.04252631579
0.788	0	0.04263157895
0.787	0	0.04315789474
0.786	0	0.04410526316
0.785	0	0.04473684211
0.784	0	0.04505263158
0.783	0	0.046
0.782	0	0.04663157895
0.781	0	0.04736842105
0.78	0	0.04821052632
0.779	0	0.04905263158
0.778	0	0.04978947368
0.777	0	0.05094736842
0.776	0	0.05147368421
0.775	0	0.05178947368
0.774	0	0.05252631579
0.773	0	0.05294736842
0.772	0	0.05357894737
0.771	0	0.054
0.77	0	0.05536842105
0.769	0	0.05652631579
0.768	0	0.05768421053
0.767	0	0.05810526316
0.766	0	0.05873684211
0.765	0	0.05915789474
0.764	0	0.06021052632
0.763	0	0.06115789474
0.762	0	0.062
0.761	0	0.06263157895
0.76	0	0.06326315789
0.759	0	0.06431578947
0.758	0	0.06515789474
0.757	0	0.06610526316
0.756	0	0.06726315789
0.755	0	0.06768421053
0.754	0	0.06842105263
0.753	0	0.06905263158
0.752	0	0.06978947368
0.751	0	0.07105263158
0.75	0	0.07263157895
0.749	0	0.07378947368
0.748	0	0.07473684211
0.747	0	0.07547368421
0.746	0	0.07631578947
0.745	0	0.07789473684
0.744	0	0.07863157895
0.743	0	0.07978947368
0.742	0	0.08084210526
0.741	0	0.08157894737
0.74	0	0.08210526316
0.739	0	0.08305263158
0.738	0	0.08347368421
0.737	0	0.08473684211
0.736	0	0.08515789474
0.735	0	0.08568421053
0.734	0	0.08642105263
0.733	0	0.08768421053
0.732	0	0.08831578947
0.731	0	0.09031578947
0.73	0	0.09157894737
0.729	0	0.09242105263
0.728	0	0.09336842105
0.727	0	0.09410526316
0.726	0	0.09557894737
0.725	0	0.09694736842
0.724	0	0.09768421053
0.723	0	0.09863157895
0.722	0	0.1002105263
0.721	0	0.1013684211
0.72	0	0.1033684211
0.719	0	0.1050526316
0.718	0	0.1069473684
0.717	0	0.1088421053
0.716	0	0.1098947368
0.715	0	0.1107368421
0.714	0	0.1125263158
0.713	0	0.1133684211
0.712	0	0.1155789474
0.711	0	0.1169473684
0.71	0	0.1178947368
0.709	0	0.1192631579
0.708	0	0.1205263158
0.707	0	0.1224210526
0.706	0	0.1235789474
0.705	0	0.1243157895
0.704	0	0.1252631579
0.703	0	0.1268421053
0.702	0	0.1276842105
0.701	0	0.1286315789
0.7	0	0.1303157895
0.699	0	0.1315789474
0.698	0	0.1332631579
0.697	0	0.1345263158
0.696	0	0.1363157895
0.695	0	0.1384210526
0.694	0	0.14
0.693	0	0.1412631579
0.692	0	0.1426315789
0.691	0	0.1438947368
0.69	0	0.1447368421
0.689	0	0.1461052632
0.688	0	0.1469473684
0.687	0	0.1486315789
0.686	0	0.1498947368
0.685	0	0.1514736842
0.684	0	0.1527368421
0.683	0	0.1538947368
0.682	0	0.156
0.681	0	0.1568421053
0.68	0	0.1577894737
0.679	0	0.1588421053
0.678	0	0.1605263158
0.677	0	0.1614736842
0.676	0	0.1631578947
0.675	0	0.1648421053
0.674	0	0.1666315789
0.673	0	0.1683157895
0.672	0	0.17
0.671	0	0.1716842105
0.67	0	0.1727368421
0.669	0	0.1743157895
0.668	0	0.1761052632
0.667	0	0.1778947368
0.666	0	0.1790526316
0.665	0	0.1809473684
0.664	0	0.1828421053
0.663	0	0.1841052632
0.662	0	0.1851578947
0.661	0	0.1862105263
0.66	0	0.1873684211
0.659	0	0.1893684211
0.658	0	0.1910526316
0.657	0	0.1928421053
0.656	0	0.1937894737
0.655	0	0.1952631579
0.654	0	0.1969473684
0.653	0	0.1986315789
0.652	0	0.2005263158
0.651	0	0.2023157895
0.65	0	0.2030526316
0.649	0	0.2047368421
0.648	0	0.2072631579
0.647	0	0.2085263158
0.646	0	0.2095789474
0.645	0	0.2113684211
0.644	0	0.2133684211
0.643	0	0.2142105263
0.642	0	0.2161052632
0.641	0	0.2181052632
0.64	0	0.2198947368
0.639	0	0.2216842105
0.638	0	0.2231578947
0.637	0	0.2248421053
0.636	0	0.2262105263
0.635	0	0.2273684211
0.634	0	0.2286315789
0.633	0	0.2301052632
0.632	0	0.2321052632
0.631	0	0.234
0.63	0	0.2361052632
0.629	0	0.2387368421
0.628	0	0.2401052632
0.627	0	0.2424210526
0.626	0	0.2436842105
0.625	0	0.2451578947
0.624	0	0.2469473684
0.623	0	0.2486315789
0.622	0	0.2502105263
0.621	0	0.2516842105
0.62	0	0.2531578947
0.619	0	0.2550526316
0.618	0	0.2562105263
0.617	0	0.2585263158
0.616	0	0.2612631579
0.615	0	0.2629473684
0.614	0	0.2641052632
0.613	0	0.2650526316
0.612	0	0.2667368421
0.611	0	0.2682105263
0.61	0	0.27
0.609	0	0.2717894737
0.608	0	0.2729473684
0.607	0	0.2748421053
0.606	0	0.2771578947
0.605	0	0.2786315789
0.604	0	0.28
0.603	0	0.282
0.602	0	0.2843157895
0.601	0	0.2863157895
0.6	0	0.2881052632
0.599	0	0.2890526316
0.598	0	0.2911578947
0.597	0	0.2925263158
0.596	0	0.2943157895
0.595	0	0.2967368421
0.594	0	0.2984210526
0.593	0	0.3002105263
0.592	0	0.3018947368
0.591	0	0.3036842105
0.59	0	0.3055789474
0.589	0	0.3075789474
0.588	0	0.3091578947
0.587	0	0.3106315789
0.586	0	0.312
0.585	0	0.3135789474
0.584	0	0.3149473684
0.583	0	0.3164210526
0.582	0	0.3185263158
0.581	0	0.3207368421
0.58	0	0.3216842105
0.579	0	0.3230526316
0.578	0	0.324
0.577	0	0.3254736842
0.576	0	0.3267368421
0.575	0	0.3282105263
0.574	0	0.3305263158
0.573	0	0.3327368421
0.572	0	0.3346315789
0.571	0	0.3363157895
0.57	0	0.3377894737
0.569	0	0.3394736842
0.568	0	0.3414736842
0.567	0	0.3432631579
0.566	2.109482122e-07	0.3446315789
0.565	2.109482122e-07	0.346
0.564	2.109482122e-07	0.3477894737
0.563	2.109482122e-07	0.3483157895
0.562	2.109482122e-07	0.3497894737
0.561	2.109482122e-07	0.352
0.56	2.109482122e-07	0.3547368421
0.559	2.109482122e-07	0.3552631579
0.558	2.109482122e-07	0.3562105263
0.557	2.109482122e-07	0.3588421053
0.556	2.109482122e-07	0.3602105263
0.555	2.109482122e-07	0.3612631579
0.554	2.109482122e-07	0.3629473684
0.553	2.109482122e-07	0.3642105263
0.552	4.218964244e-07	0.3655789474
0.551	4.218964244e-07	0.3668421053
0.55	4.218964244e-07	0.3687368421
0.549	4.218964244e-07	0.3709473684
0.548	4.218964244e-07	0.3724210526
0.547	4.218964244e-07	0.3744210526
0.546	4.218964244e-07	0.3757894737
0.545	4.218964244e-07	0.3776842105
0.544	4.218964244e-07	0.3795789474
0.543	4.218964244e-07	0.3815789474
0.542	4.218964244e-07	0.3834736842
0.541	4.218964244e-07	0.3848421053
0.54	4.218964244e-07	0.3861052632
0.539	4.218964244e-07	0.3885263158
0.538	4.218964244e-07	0.3902105263
0.537	4.218964244e-07	0.3916842105
0.536	4.218964244e-07	0.3928421053
0.535	4.218964244e-07	0.3945263158
0.534	4.218964244e-07	0.396
0.533	4.218964244e-07	0.3974736842
0.532	4.218964244e-07	0.3988421053
0.531	4.218964244e-07	0.4012631579
0.53	4.218964244e-07	0.4031578947
0.529	4.218964244e-07	0.4045263158
0.528	4.218964244e-07	0.4056842105
0.527	4.218964244e-07	0.4072631579
0.526	4.218964244e-07	0.4086315789
0.525	4.218964244e-07	0.4101052632
0.524	4.218964244e-07	0.4121052632
0.523	4.218964244e-07	0.4144210526
0.522	4.218964244e-07	0.4162105263
0.521	4.218964244e-07	0.4182105263
0.52	4.218964244e-07	0.4204210526
0.519	4.218964244e-07	0.4217894737
0.518	4.218964244e-07	0.4230526316
0.517	4.218964244e-07	0.4253684211
0.516	4.218964244e-07	0.4264210526
0.515	4.218964244e-07	0.4282105263
0.514	4.218964244e-07	0.4305263158
0.513	4.218964244e-07	0.4326315789
0.512	4.218964244e-07	0.4348421053
0.511	4.218964244e-07	0.4369473684
0.51	4.218964244e-07	0.4390526316
0.509	4.218964244e-07	0.4411578947
0.508	4.218964244e-07	0.4431578947
0.507	4.218964244e-07	0.4451578947
0.506	4.218964244e-07	0.4467368421
0.505	4.218964244e-07	0.4486315789
0.504	4.218964244e-07	0.4507368421
0.503	4.218964244e-07	0.4525263158
0.502	4.218964244e-07	0.4548421053
0.501	4.218964244e-07	0.4569473684
0.5	4.218964244e-07	0.4583157895
0.499	4.218964244e-07	0.4601052632
0.498	4.218964244e-07	0.4610526316
0.497	4.218964244e-07	0.4632631579
0.496	4.218964244e-07	0.4656842105
0.495	4.218964244e-07	0.4673684211
0.494	4.218964244e-07	0.4687368421
0.493	4.218964244e-07	0.4704210526
0.492	4.218964244e-07	0.4715789474
0.491	4.218964244e-07	0.4728421053
0.49	4.218964244e-07	0.4746315789
0.489	4.218964244e-07	0.4763157895
0.488	4.218964244e-07	0.4785263158
0.487	4.218964244e-07	0.4801052632
0.486	4.218964244e-07	0.4816842105
0.485	4.218964244e-07	0.4838947368
0.484	4.218964244e-07	0.4861052632
0.483	4.218964244e-07	0.4873684211
0.482	4.218964244e-07	0.4892631579
0.481	4.218964244e-07	0.4911578947
0.48	4.218964244e-07	0.4926315789
0.479	4.218964244e-07	0.4942105263
0.478	4.218964244e-07	0.4952631579
0.477	4.218964244e-07	0.4973684211
0.476	4.218964244e-07	0.4992631579
0.475	4.218964244e-07	0.5008421053
0.474	4.218964244e-07	0.5026315789
0.473	4.218964244e-07	0.5036842105
0.472	4.218964244e-07	0.5054736842
0.471	6.328446366e-07	0.5073684211
0.47	6.328446366e-07	0.5089473684
0.469	6.328446366e-07	0.5108421053
0.468	6.328446366e-07	0.5125263158
0.467	6.328446366e-07	0.5143157895
0.466	6.328446366e-07	0.5165263158
0.465	6.328446366e-07	0.5177894737
0.464	6.328446366e-07	0.5198947368
0.463	8.437928489e-07	0.5208421053
0.462	8.437928489e-07	0.5221052632
0.461	8.437928489e-07	0.5246315789
0.46	8.437928489e-07	0.526
0.459	1.476637485e-06	0.5275789474
0.458	1.476637485e-06	0.5296842105
0.457	1.476637485e-06	0.5318947368
0.456	1.476637485e-06	0.5334736842
0.455	1.476637485e-06	0.5355789474
0.454	1.476637485e-06	0.5373684211
0.453	1.687585698e-06	0.5389473684
0.452	2.109482122e-06	0.5406315789
0.451	2.109482122e-06	0.5427368421
0.45	2.109482122e-06	0.5441052632
0.449	2.109482122e-06	0.5463157895
0.448	2.109482122e-06	0.5476842105
0.447	2.109482122e-06	0.5490526316
0.446	2.109482122e-06	0.5502105263
0.445	2.109482122e-06	0.5526315789
0.444	2.109482122e-06	0.5544210526
0.443	2.109482122e-06	0.5561052632
0.442	2.109482122e-06	0.5577894737
0.441	2.320430334e-06	0.5598947368
0.44	2.531378547e-06	0.5621052632
0.439	2.531378547e-06	0.5634736842
0.438	2.531378547e-06	0.5653684211
0.437	2.531378547e-06	0.5666315789
0.436	2.953274971e-06	0.5684210526
0.435	2.953274971e-06	0.5696842105
0.434	3.164223183e-06	0.5708421053
0.433	3.586119608e-06	0.572
0.432	3.79706782e-06	0.5734736842
0.431	3.79706782e-06	0.5747368421
0.43	3.79706782e-06	0.5757894737
0.429	4.008016032e-06	0.5777894737
0.428	4.008016032e-06	0.5790526316
0.427	4.218964244e-06	0.5803157895
0.426	4.218964244e-06	0.5824210526
0.425	4.218964244e-06	0.5837894737
0.424	4.218964244e-06	0.5855789474
0.423	4.218964244e-06	0.5867368421
0.422	4.429912456e-06	0.5876842105
0.421	4.851808881e-06	0.5884210526
0.42	4.851808881e-06	0.5901052632
0.419	4.851808881e-06	0.592
0.418	4.851808881e-06	0.5941052632
0.417	5.273705305e-06	0.5953684211
0.416	5.906549942e-06	0.5966315789
0.415	6.117498154e-06	0.5978947368
0.414	6.328446366e-06	0.5993684211
0.413	6.328446366e-06	0.6006315789
0.412	6.328446366e-06	0.6022105263
0.411	6.328446366e-06	0.604
0.41	6.539394579e-06	0.6054736842
0.409	6.961291003e-06	0.6065263158
0.408	6.961291003e-06	0.6081052632
0.407	7.383187427e-06	0.6086315789
0.406	7.383187427e-06	0.6098947368
0.405	7.383187427e-06	0.6116842105
0.404	8.016032064e-06	0.6130526316
0.403	8.437928489e-06	0.6145263158
0.402	9.070773125e-06	0.6163157895
0.401	9.703617762e-06	0.6177894737
0.4	9.703617762e-06	0.6194736842
0.399	1.012551419e-05	0.6214736842
0.398	1.054741061e-05	0.6226315789
0.397	1.054741061e-05	0.6238947368
0.396	1.054741061e-05	0.6257894737
0.395	1.054741061e-05	0.6274736842
0.394	1.054741061e-05	0.6285263158
0.393	1.096930704e-05	0.6302105263
0.392	1.118025525e-05	0.6315789474
0.391	1.160215167e-05	0.6324210526
0.39	1.181309988e-05	0.6333684211
0.389	1.20240481e-05	0.6352631579
0.388	1.223499631e-05	0.6361052632
0.387	1.307878916e-05	0.6373684211
0.386	1.371163379e-05	0.6382105263
0.385	1.371163379e-05	0.6397894737
0.384	1.476637485e-05	0.642
0.383	1.518827128e-05	0.644
0.382	1.582111592e-05	0.646
0.381	1.582111592e-05	0.648
0.38	1.645396055e-05	0.6489473684
0.379	1.708680519e-05	0.6496842105
0.378	1.708680519e-05	0.6507368421
0.377	1.750870161e-05	0.6521052632
0.376	1.793059804e-05	0.6537894737
0.375	1.814154625e-05	0.6556842105
0.374	1.877439089e-05	0.6571578947
0.373	1.982913195e-05	0.6589473684
0.372	2.06729248e-05	0.6594736842
0.371	2.130576943e-05	0.6606315789
0.37	2.172766586e-05	0.6617894737
0.369	2.193861407e-05	0.664
0.368	2.257145871e-05	0.6653684211
0.367	2.362619977e-05	0.6665263158
0.366	2.446999262e-05	0.6683157895
0.365	2.573568189e-05	0.6696842105
0.364	2.657947474e-05	0.6710526316
0.363	2.784516401e-05	0.672
0.362	2.868895686e-05	0.6731578947
0.361	2.995464613e-05	0.6744210526
0.36	3.164223183e-05	0.6757894737
0.359	3.290792111e-05	0.6769473684
0.358	3.522835144e-05	0.6784210526
0.357	3.712688535e-05	0.6791578947
0.356	3.79706782e-05	0.6811578947
0.355	3.923636747e-05	0.6831578947
0.354	4.008016032e-05	0.6845263158
0.353	4.240059065e-05	0.6855789474
0.352	4.387722814e-05	0.6865263158
0.351	4.514291741e-05	0.6873684211
0.35	4.66195549e-05	0.6883157895
0.349	4.788524417e-05	0.6896842105
0.348	4.915093345e-05	0.6906315789
0.347	4.978377808e-05	0.6918947368
0.346	5.273705305e-05	0.6926315789
0.345	5.400274233e-05	0.6938947368
0.344	5.547937981e-05	0.6951578947
0.343	5.653412087e-05	0.6955789474
0.342	5.843265478e-05	0.6966315789
0.341	6.012024048e-05	0.6974736842
0.34	6.265161903e-05	0.6988421053
0.339	6.497204936e-05	0.7008421053
0.338	6.581584221e-05	0.7022105263
0.337	6.687058327e-05	0.7034736842
0.336	6.876911718e-05	0.7045263158
0.335	7.130049573e-05	0.7055789474
0.334	7.319902964e-05	0.7061052632
0.333	7.467566712e-05	0.7070526316
0.332	7.826178673e-05	0.7083157895
0.331	8.058221707e-05	0.71
0.33	8.269169919e-05	0.7114736842
0.329	8.564497416e-05	0.7130526316
0.328	8.838730092e-05	0.7143157895
0.327	9.112962768e-05	0.7155789474
0.326	9.32391098e-05	0.7165263158
0.325	9.513764371e-05	0.7183157895
0.324	0.0001002004008	0.7196842105
0.323	0.000103364624	0.7206315789
0.322	0.0001067397954	0.7212631579
0.321	0.0001109587596	0.7223157895
0.32	0.0001164434131	0.7236842105
0.319	0.0001198185845	0.7254736842
0.318	0.0001238266006	0.7265263158
0.317	0.0001265689273	0.7282105263
0.316	0.000131209788	0.7292631579
0.315	0.000135217804	0.7313684211
0.314	0.0001398586647	0.7328421053
0.313	0.0001434447843	0.7343157895
0.312	0.000148085645	0.7351578947
0.311	0.0001525155574	0.736
0.31	0.0001588440038	0.7371578947
0.309	0.0001645396055	0.7384210526
0.308	0.0001687585698	0.7390526316
0.307	0.0001744541715	0.7405263158
0.306	0.0001818373589	0.7418947368
0.305	0.0001864782196	0.7425263158
0.304	0.0001942833034	0.7437894737
0.303	0.0002014555427	0.7445263158
0.302	0.0002079949372	0.7452631579
0.301	0.0002141124354	0.7465263158
0.3	0.000217698555	0.7473684211
0.299	0.0002252926906	0.7486315789
0.298	0.000231621137	0.75
0.297	0.0002373167387	0.7504210526
0.296	0.0002449108744	0.7515789474
0.295	0.0002522940618	0.7530526316
0.294	0.0002573568189	0.7537894737
0.293	0.0002634743171	0.7550526316
0.292	0.0002729669866	0.7561052632
0.291	0.0002807720705	0.7570526316
0.29	0.0002915304293	0.758
0.289	0.000300179306	0.7587368421
0.288	0.0003096719755	0.7595789474
0.287	0.000321063179	0.7604210526
0.286	0.00032802447	0.7611578947
0.285	0.0003368842949	0.7627368421
0.284	0.0003472207573	0.7637894737
0.283	0.0003552367894	0.7645263158
0.282	0.0003638856661	0.7658947368
0.281	0.0003761206624	0.7668421053
0.28	0.0003883556587	0.7674736842
0.279	0.0003999578104	0.7681052632
0.278	0.0004130365995	0.7690526316
0.277	0.0004246387512	0.77
0.276	0.0004362409029	0.7709473684
0.275	0.0004524839152	0.7710526316
0.274	0.0004640860669	0.7723157895
0.273	0.0004767429596	0.7738947368
0.272	0.000491087438	0.7746315789
0.271	0.000503955279	0.7750526316
0.27	0.0005214639806	0.7757894737
0.269	0.000535808459	0.7770526316
0.268	0.0005507857821	0.7775789474
0.267	0.000566606898	0.7786315789
0.266	0.0005832718068	0.7791578947
0.265	0.0006020461977	0.7801052632
0.264	0.0006187111064	0.7810526316
0.263	0.0006364307562	0.7821052632
0.262	0.0006556270436	0.7829473684
0.261	0.000673979538	0.7833684211
0.26	0.0006898006539	0.7842105263
0.259	0.0007079422002	0.7850526316
0.258	0.0007267165911	0.7856842105
0.257	0.0007463347748	0.7868421053
0.256	0.0007680624407	0.7873684211
0.255	0.0007948528636	0.7878947368
0.254	0.0008197447527	0.7891578947
0.253	0.0008421052632	0.7901052632
0.252	0.0008691066343	0.7909473684
0.251	0.0008929437823	0.7918947368
0.25	0.0009203670499	0.7932631579
0.249	0.0009513764371	0.7943157895
0.248	0.0009764792743	0.7954736842
0.247	0.001001371163	0.7963157895
0.246	0.001029005379	0.7970526316
0.245	0.001055162957	0.7978947368
0.244	0.001083851914	0.7981052632
0.243	0.001114228457	0.7987368421
0.242	0.001145237844	0.7992631579
0.241	0.001176880076	0.8
0.24	0.001207256619	0.8008421053
0.239	0.001245649193	0.8014736842
0.238	0.001281932286	0.8022105263
0.237	0.001315684	0.8030526316
0.236	0.001351756144	0.8038947368
0.235	0.001387406392	0.8050526316
0.234	0.001424744225	0.8056842105
0.233	0.001463980593	0.8065263158
0.232	0.001501529375	0.8075789474
0.231	0.001548359878	0.8086315789
0.23	0.001594768484	0.8092631579
0.229	0.001634848645	0.8106315789
0.228	0.001678514925	0.8115789474
0.227	0.001728720599	0.8118947368
0.226	0.001780613859	0.8125263158
0.225	0.001829342896	0.8137894737
0.224	0.001885877017	0.8146315789
0.223	0.001938403122	0.8153684211
0.222	0.00199409345	0.816
0.221	0.002046408607	0.8172631579
0.22	0.002101887986	0.8186315789
0.219	0.002164117709	0.8189473684
0.218	0.002226347432	0.8197894737
0.217	0.002287733361	0.8205263158
0.216	0.002346376964	0.8213684211
0.215	0.002403332982	0.822
0.214	0.002467461238	0.8228421053
0.213	0.002536230355	0.8234736842
0.212	0.002600780508	0.8242105263
0.211	0.002673557642	0.8250526316
0.21	0.002750553739	0.8257894737
0.209	0.002824174665	0.8267368421
0.208	0.002903280245	0.8273684211
0.207	0.002982174876	0.8281052632
0.206	0.003065077523	0.8288421053
0.205	0.003138065605	0.8293684211
0.204	0.003225398165	0.8297894737
0.203	0.003308933657	0.8303157895
0.202	0.003400696129	0.8314736842
0.201	0.003489927223	0.8324210526
0.2	0.003581900643	0.8334736842
0.199	0.003678093028	0.8343157895
0.198	0.003771754034	0.8350526316
0.197	0.003872376332	0.8355789474
0.196	0.003981647506	0.836
0.195	0.004089231094	0.8367368421
0.194	0.004201877439	0.8375789474
0.193	0.004311992406	0.8383157895
0.192	0.004422951165	0.8388421053
0.191	0.004540027423	0.8394736842
0.19	0.004657736526	0.8401052632
0.189	0.004783883557	0.8411578947
0.188	0.004914882396	0.8417894737
0.187	0.005041029427	0.8424210526
0.186	0.005178145765	0.8427368421
0.185	0.005316527792	0.8431578947
0.184	0.005457019302	0.8443157895
0.183	0.005603628309	0.8451578947
0.182	0.005753612488	0.8458947368
0.181	0.005905706149	0.8473684211
0.18	0.006063073515	0.8484210526
0.179	0.006221706571	0.8491578947
0.178	0.006396160743	0.8494736842
0.177	0.006574201034	0.85
0.176	0.006748866153	0.8511578947
0.175	0.006919312309	0.852
0.174	0.007091867946	0.8528421053
0.173	0.007281088493	0.8529473684
0.172	0.0074749499	0.8532631579
0.171	0.007672397426	0.854
0.17	0.007877017192	0.8544210526
0.169	0.008066237739	0.8550526316
0.168	0.008283514397	0.8554736842
0.167	0.008506697606	0.8563157895
0.166	0.008736631157	0.8568421053
0.165	0.008953696867	0.8575789474
0.164	0.00919649826	0.8581052632
0.163	0.009440143445	0.8590526316
0.162	0.00968610906	0.8601052632
0.161	0.009940723552	0.8604210526
0.16	0.01020799494	0.8613684211
0.159	0.01048201666	0.862
0.158	0.01075287417	0.8625263158
0.157	0.01103533383	0.8630526316
0.156	0.01133846641	0.8644210526
0.155	0.01162957494	0.8649473684
0.154	0.011934817	0.8655789474
0.153	0.01226220863	0.8664210526
0.152	0.01258833456	0.8673684211
0.151	0.01292859403	0.8675789474
0.15	0.01327307246	0.8681052632
0.149	0.01361776184	0.8687368421
0.148	0.01396856872	0.8689473684
0.147	0.01433709524	0.8694736842
0.146	0.0147018247	0.8701052632
0.145	0.01510199346	0.8704210526
0.144	0.01550975635	0.8709473684
0.143	0.01593587174	0.8713684211
0.142	0.01637042506	0.8717894737
0.141	0.01681320536	0.8723157895
0.14	0.01727686953	0.8729473684
0.139	0.01773525999	0.8734736842
0.138	0.01821115916	0.874
0.137	0.01869823858	0.8746315789
0.136	0.01922539816	0.8750526316
0.135	0.0197339943	0.8761052632
0.134	0.02026769328	0.8769473684
0.133	0.02079780614	0.8775789474
0.132	0.02135745175	0.8782105263
0.131	0.02194346588	0.8789473684
0.13	0.02254487923	0.8791578947
0.129	0.02315114439	0.8796842105
0.128	0.02379706782	0.8803157895
0.127	0.02445944521	0.8810526316
0.126	0.02513785466	0.8815789474
0.125	0.02580592764	0.8818947368
0.124	0.02650416623	0.8826315789
0.123	0.02726568927	0.8829473684
0.122	0.02804029111	0.8833684211
0.121	0.02881109588	0.884
0.12	0.02959160426	0.8845263158
0.119	0.03042906866	0.8849473684
0.118	0.03128129944	0.8853684211
0.117	0.03212656893	0.8858947368
0.116	0.03301972366	0.8866315789
0.115	0.03393439511	0.8868421053
0.114	0.03488134163	0.8876842105
0.113	0.03585486763	0.8881052632
0.112	0.03685412931	0.8888421053
0.111	0.03786794642	0.8894736842
0.11	0.03893386774	0.8895789474
0.109	0.04002278241	0.8897894737
0.108	0.04113068242	0.8901052632
0.107	0.04227613121	0.8908421053
0.106	0.0434390887	0.8914736842
0.105	0.04466596351	0.8922105263
0.104	0.04588777555	0.8928421053
0.103	0.04716696551	0.8930526316
0.102	0.04851028373	0.8937894737
0.101	0.04987406392	0.8943157895
0.1	0.05125999367	0.8952631579
0.099	0.05268874591	0.8956842105
0.098	0.05416791478	0.896
0.097	0.05571395422	0.8965263158
0.096	0.0572680097	0.8971578947
0.095	0.05889885033	0.8978947368
0.094	0.06053327708	0.8982105263
0.093	0.0622122139	0.8987368421
0.092	0.06396477165	0.8994736842
0.091	0.06573589284	0.9002105263
0.09	0.0675808459	0.9007368421
0.089	0.06945680835	0.9013684211
0.088	0.07141166544	0.9021052632
0.087	0.07342643181	0.9026315789
0.086	0.07550870161	0.9027368421
0.085	0.07761712899	0.9031578947
0.084	0.07981225609	0.9037894737
0.083	0.0820056956	0.904
0.082	0.08423267588	0.9044210526
0.081	0.08660710895	0.9053684211
0.08	0.08896614281	0.9055789474
0.079	0.09140639173	0.9065263158
0.078	0.09393924691	0.9072631579
0.077	0.09649593925	0.9077894737
0.076	0.09915831663	0.9087368421
0.075	0.1018945259	0.9092631579
0.074	0.1046710263	0.9097894737
0.073	0.1075380234	0.9103157895
0.072	0.110476532	0.9108421053
0.071	0.1134310727	0.9118947368
0.07	0.1164712583	0.9123157895
0.069	0.1196148086	0.9129473684
0.068	0.122798228	0.9135789474
0.067	0.1260343846	0.9141052632
0.066	0.1293559751	0.9145263158
0.065	0.13272524	0.9153684211
0.064	0.1362033541	0.9155789474
0.063	0.1397110009	0.9162105263
0.062	0.1433690539	0.9169473684
0.061	0.1470460922	0.9175789474
0.06	0.1508374644	0.9183157895
0.059	0.1546990824	0.9188421053
0.058	0.1586471891	0.9189473684
0.057	0.1627271385	0.9193684211
0.056	0.1668665753	0.9201052632
0.055	0.1710903913	0.9207368421
0.054	0.1754281194	0.9212631579
0.053	0.1798500158	0.9221052632
0.052	0.1842708575	0.9225263158
0.051	0.1887640544	0.9228421053
0.05	0.1934538551	0.9236842105
0.049	0.198171079	0.9251578947
0.048	0.2029465246	0.926
0.047	0.2078263896	0.9268421053
0.046	0.2127579369	0.9273684211
0.045	0.2178175298	0.9278947368
0.044	0.2229638224	0.9283157895
0.043	0.2281814155	0.9290526316
0.042	0.2334890834	0.9297894737
0.041	0.238896108	0.9305263158
0.04	0.244354393	0.9311578947
0.039	0.2498571881	0.9323157895
0.038	0.2554922477	0.9330526316
0.037	0.2611848961	0.9336842105
0.036	0.2669475794	0.9345263158
0.035	0.2727929543	0.9350526316
0.034	0.2787303027	0.9356842105
0.033	0.2847767113	0.9362105263
0.032	0.2909148824	0.9372631579
0.031	0.2970973526	0.9378947368
0.03	0.3033572408	0.9384210526
0.029	0.3096576311	0.9389473684
0.028	0.3160092817	0.9391578947
0.027	0.3224495306	0.9395789474
0.026	0.3290680308	0.9409473684
0.025	0.3357255564	0.9414736842
0.024	0.3423366733	0.9421052632
0.023	0.3491515663	0.9425263158
0.022	0.3559261681	0.9442105263
0.021	0.3627393735	0.9445263158
0.02	0.3697036178	0.9447368421
0.019	0.3766636431	0.9453684211
0.018	0.383674085	0.9458947368
0.017	0.3907300918	0.9467368421
0.016	0.397853391	0.9474736842
0.015	0.4049663538	0.9486315789
0.014	0.4121885877	0.9497894737
0.013	0.4194352916	0.9503157895
0.012	0.4267328341	0.9508421053
0.011	0.4340139226	0.9522105263
0.01	0.441368632	0.9529473684
0.009	0.4487075203	0.9535789474
0.008	0.4560911296	0.9542105263
0.007	0.4635538445	0.9547368421
0.006	0.4709821749	0.9555789474
0.005	0.4784950955	0.9562105263
0.004	0.4858962135	0.9565263158
0.003	0.4933340365	0.9573684211
0.002	0.5009313364	0.9582105263
0.001	0.5084425693	0.9585263158
0	0.5160094927	0.9589473684
-0.001	0.5235281088	0.9597894737
-0.002	0.5310351229	0.96
-0.003	0.538549942	0.9606315789
-0.004	0.5459864993	0.9608421053
-0.005	0.5534477376	0.9617894737
-0.006	0.5608792321	0.9624210526
-0.007	0.5681858454	0.9630526316
-0.008	0.5755791583	0.9637894737
-0.009	0.5829106634	0.9645263158
-0.01	0.5903495412	0.9650526316
-0.011	0.5976932813	0.9657894737
-0.012	0.6050336462	0.9663157895
-0.013	0.6122495517	0.9669473684
-0.014	0.6194916148	0.9674736842
-0.015	0.6266450796	0.9676842105
-0.016	0.6337455965	0.9681052632
-0.017	0.6408788103	0.9686315789
-0.018	0.6479012762	0.9691578947
-0.019	0.6549593925	0.9698947368
-0.02	0.6619082375	0.9704210526
-0.021	0.6687589917	0.9706315789
-0.022	0.6756323173	0.9711578947
-0.023	0.6824339205	0.9717894737
-0.024	0.6891146504	0.9727368421
-0.025	0.6957327286	0.9729473684
-0.026	0.7022082059	0.9737894737
-0.027	0.7086714482	0.9744210526
-0.028	0.7151490349	0.9753684211
-0.029	0.7215141863	0.9756842105
-0.03	0.7277200717	0.9761052632
-0.031	0.7339822804	0.9767368421
-0.032	0.7400928172	0.9774736842
-0.033	0.7461601097	0.9777894737
-0.034	0.7521835249	0.9785263158
-0.035	0.7580527371	0.9791578947
-0.036	0.7638341947	0.9793684211
-0.037	0.7695376015	0.9796842105
-0.038	0.7751275182	0.9802105263
-0.039	0.7807155363	0.9807368421
-0.04	0.7862189642	0.9812631579
-0.041	0.7915918152	0.9814736842
-0.042	0.7969195233	0.9817894737
-0.043	0.8021284675	0.982
-0.044	0.8072486025	0.9823157895
-0.045	0.8122411138	0.9824210526
-0.046	0.8172011391	0.9829473684
-0.047	0.8220698239	0.9834736842
-0.048	0.8268170024	0.9841052632
-0.049	0.831511022	0.9846315789
-0.05	0.8361447105	0.9848421053
-0.051	0.8406368527	0.9852631579
-0.052	0.8450813205	0.9854736842
-0.053	0.8494239004	0.9856842105
-0.054	0.853617129	0.9861052632
-0.055	0.8577390571	0.9866315789
-0.056	0.8617654256	0.9869473684
-0.057	0.8657226031	0.9871578947
-0.058	0.8695930809	0.9877894737
-0.059	0.8733614598	0.9882105263
-0.06	0.8770737264	0.9885263158
-0.061	0.8807319903	0.9888421053
-0.062	0.8842877334	0.9891578947
-0.063	0.8877403228	0.9895789474
-0.064	0.8910517878	0.99
-0.065	0.8943383609	0.9902105263
-0.066	0.8975156629	0.9906315789
-0.067	0.9006670182	0.9910526316
-0.068	0.9037496045	0.9911578947
-0.069	0.9067353655	0.9912631579
-0.07	0.9096306297	0.9916842105
-0.071	0.9124326548	0.9918947368
-0.072	0.9152009282	0.9921052632
-0.073	0.917885877	0.9923157895
-0.074	0.9205136589	0.9926315789
-0.075	0.9230650775	0.9927368421
-0.076	0.9255458285	0.9931578947
-0.077	0.9279656154	0.9933684211
-0.078	0.9303149457	0.9937894737
-0.079	0.9326252505	0.9941052632
-0.08	0.9347756566	0.9942105263
-0.081	0.936928594	0.9942105263
-0.082	0.9390161375	0.9945263158
-0.083	0.9409954646	0.9949473684
-0.084	0.9429442042	0.9951578947
-0.085	0.9448534965	0.9951578947
-0.086	0.9466914882	0.9953684211
-0.087	0.9484872904	0.9954736842
-0.088	0.9502069402	0.9954736842
-0.089	0.9518945259	0.9956842105
-0.09	0.9535373906	0.9958947368
-0.091	0.9551427065	0.996
-0.092	0.9566881131	0.9961052632
-0.093	0.9581898534	0.9962105263
-0.094	0.9596409661	0.9962105263
-0.095	0.9610420842	0.9962105263
-0.096	0.9623929965	0.9963157895
-0.097	0.9637103681	0.9965263158
-0.098	0.9649621348	0.9967368421
-0.099	0.9661970256	0.9969473684
-0.1	0.9674426748	0.9969473684
-0.101	0.9686018352	0.9969473684
-0.102	0.9697428541	0.9970526316
-0.103	0.9708290265	0.9971578947
-0.104	0.9718626727	0.9972631579
-0.105	0.9728982175	0.9972631579
-0.106	0.9738856661	0.9973684211
-0.107	0.9748532855	0.9973684211
-0.108	0.9757806139	0.9974736842
-0.109	0.9766693387	0.9974736842
-0.11	0.9775264213	0.9975789474
-0.111	0.9783560806	0.9976842105
-0.112	0.9791716064	0.9976842105
-0.113	0.9799409345	0.9976842105
-0.114	0.9806744014	0.9976842105
-0.115	0.9813926801	0.9976842105
-0.116	0.9820898639	0.9976842105
-0.117	0.9827448581	0.9977894737
-0.118	0.983380867	0.9977894737
-0.119	0.9840141335	0.9978947368
-0.12	0.9846237739	0.998
-0.121	0.9852142179	0.998
-0.122	0.9857785044	0.9981052632
-0.123	0.9863147347	0.9982105263
-0.124	0.9868372535	0.9982105263
-0.125	0.9873412087	0.9982105263
-0.126	0.9878257568	0.9983157895
-0.127	0.9882968041	0.9984210526
-0.128	0.9887608902	0.9984210526
-0.129	0.9891929121	0.9986315789
-0.13	0.9896245122	0.9988421053
-0.131	0.9900278452	0.9988421053
-0.132	0.9904145132	0.9989473684
-0.133	0.9907792427	0.9990526316
-0.134	0.9911437612	0.9990526316
-0.135	0.9914728404	0.9990526316
-0.136	0.9918187955	0.9990526316
-0.137	0.9921411244	0.9990526316
-0.138	0.9924415146	0.9990526316
-0.139	0.9927484443	0.9990526316
-0.14	0.9930420842	0.9991578947
-0.141	0.9933167387	0.9991578947
-0.142	0.9935937137	0.9992631579
-0.143	0.9938571881	0.9992631579
-0.144	0.9941094821	0.9992631579
-0.145	0.9943408923	0.9992631579
-0.146	0.9945786309	0.9992631579
-0.147	0.9947923215	0.9992631579
-0.148	0.9950095981	0.9992631579
-0.149	0.9952156945	0.9992631579
-0.15	0.9954144078	0.9993684211
-0.151	0.9955905495	0.9993684211
-0.152	0.9957831452	0.9993684211
-0.153	0.9959588651	0.9993684211
-0.154	0.9961272018	0.9993684211
-0.155	0.9962858348	0.9994736842
-0.156	0.9964465774	0.9994736842
-0.157	0.9965931864	0.9995789474
-0.158	0.9967378968	0.9996842105
-0.159	0.9968832402	0.9996842105
-0.16	0.9970138171	0.9996842105
-0.161	0.9971422846	0.9997894737
-0.162	0.9972637907	0.9997894737
-0.163	0.9973720072	0.9997894737
-0.164	0.9974776922	0.9997894737
-0.165	0.9975867525	0.9997894737
-0.166	0.9976890623	0.9997894737
-0.167	0.9977852547	0.9997894737
-0.168	0.9978810252	0.9997894737
-0.169	0.9979748972	0.9997894737
-0.17	0.998065183	0.9997894737
-0.171	0.9981459762	0.9997894737
-0.172	0.9982261365	0.9997894737
-0.173	0.9983039764	0.9997894737
-0.174	0.9983807615	0.9997894737
-0.175	0.9984586014	0.9997894737
-0.176	0.9985341209	0.9997894737
-0.177	0.998594874	0.9998947368
-0.178	0.9986577365	0.9998947368
-0.179	0.9987151144	0.9998947368
-0.18	0.9987807193	0.9998947368
-0.181	0.9988355659	0.9998947368
-0.182	0.9988933657	0.9998947368
-0.183	0.9989416728	0.9998947368
-0.184	0.9989868157	0.9998947368
-0.185	0.9990395528	0.9998947368
-0.186	0.99908343	0.9998947368
-0.187	0.9991214007	0.9998947368
-0.188	0.9991621137	0.9998947368
-0.189	0.9991964983	0.9998947368
-0.19	0.9992313047	0.9998947368
-0.191	0.9992637907	0.9998947368
-0.192	0.9992981753	0.9998947368
-0.193	0.9993308723	0.9998947368
-0.194	0.9993551313	0.9998947368
-0.195	0.9993802342	0.9998947368
-0.196	0.9994057589	0.9998947368
-0.197	0.9994382449	0.9998947368
-0.198	0.9994646134	0.9998947368
-0.199	0.9994895053	0.9998947368
-0.2	0.9995150301	0.9998947368
-0.201	0.9995367577	0.9998947368
-0.202	0.9995608058	0.9998947368
-0.203	0.999580424	1
-0.204	0.9995998312	1
-0.205	0.9996179728	1
-0.206	0.9996388567	1
-0.207	0.9996529902	1
-0.208	0.9996713427	1
-0.209	0.9996873747	1
-0.21	0.9997034068	1
-0.211	0.9997171184	1
-0.212	0.9997297753	1
-0.213	0.9997477059	1
-0.214	0.9997565658	1
-0.215	0.9997666913	1
-0.216	0.9997795591	1
-0.217	0.9997934817	1
-0.218	0.9998033963	1
-0.219	0.999812467	1
-0.22	0.9998213269	1
-0.221	0.9998282882	1
-0.222	0.999837148	1
-0.223	0.9998430545	1
-0.224	0.9998506487	1
-0.225	0.9998578209	1
-0.226	0.9998673136	1
-0.227	0.999873642	1
-0.228	0.9998816581	1
-0.229	0.9998873537	1
-0.23	0.9998926274	1
-0.231	0.9998974792	1
-0.232	0.9999052843	1
-0.233	0.9999107689	1
-0.234	0.999914566	1
-0.235	0.9999204725	1
-0.236	0.9999263791	1
-0.237	0.9999310199	1
-0.238	0.9999367155	1
-0.239	0.9999407236	1
-0.24	0.9999459973	1
-0.241	0.9999485286	1
-0.242	0.9999527476	1
-0.243	0.9999546461	1
-0.244	0.9999580213	1
-0.245	0.9999605527	1
-0.246	0.9999630841	1
-0.247	0.9999651935	1
-0.248	0.9999664592	1
-0.249	0.9999698344	1
-0.25	0.9999717329	1
-0.251	0.9999734205	1
-0.252	0.9999748972	1
-0.253	0.9999761629	1
-0.254	0.9999780614	1
-0.255	0.9999791161	1
-0.256	0.9999801709	1
-0.257	0.9999805928	1
-0.258	0.9999820694	1
-0.259	0.999983546	1
-0.26	0.9999846008	1
-0.261	0.9999856555	1
-0.262	0.9999860774	1
-0.263	0.9999873431	1
-0.264	0.9999881869	1
-0.265	0.9999894526	1
-0.266	0.9999896635	1
-0.267	0.9999902964	1
-0.268	0.9999915621	1
-0.269	0.999991984	1
-0.27	0.999991984	1
-0.271	0.9999924059	1
-0.272	0.9999930387	1
-0.273	0.9999938825	1
-0.274	0.9999940935	1
-0.275	0.9999943044	1
-0.276	0.9999947263	1
-0.277	0.9999949372	1
-0.278	0.9999951482	1
-0.279	0.9999955701	1
-0.28	0.9999955701	1
-0.281	0.9999955701	1
-0.282	0.999995992	1
-0.283	0.9999966248	1
-0.284	0.9999966248	1
-0.285	0.9999968358	1
-0.286	0.9999974686	1
-0.287	0.9999974686	1
-0.288	0.9999978905	1
-0.289	0.9999981015	1
-0.29	0.9999983124	1
-0.291	0.9999987343	1
-0.292	0.9999987343	1
-0.293	0.9999987343	1
-0.294	0.9999987343	1
-0.295	0.9999987343	1
-0.296	0.9999987343	1
-0.297	0.9999987343	1
-0.298	0.9999987343	1
-0.299	0.9999987343	1
-0.3	0.9999989453	1
-0.301	0.9999989453	1
-0.302	0.9999991562	1
-0.303	0.9999993672	1
-0.304	0.9999993672	1
-0.305	0.9999995781	1
-0.306	0.9999995781	1
-0.307	0.9999997891	1
-0.308	0.9999997891	1
-0.309	0.9999997891	1
-0.31	0.9999997891	1
-0.311	0.9999997891	1
-0.312	0.9999997891	1
-0.313	0.9999997891	1
-0.314	0.9999997891	1
-0.315	1	1
-0.316	1	1
-0.317	1	1
-0.318	1	1
-0.319	1	1
-0.32	1	1
-0.321	1	1
-0.322	1	1
-0.323	1	1
-0.324	1	1
-0.325	1	1
-0.326	1	1
-0.327	1	1
-0.328	1	1
-0.329	1	1
-0.33	1	1
-0.331	1	1
-0.332	1	1
-0.333	1	1
-0.334	1	1
-0.335	1	1
-0.336	1	1
-0.337	1	1
-0.338	1	1
-0.339	1	1
-0.34	1	1
-0.341	1	1
-0.342	1	1
-0.343	1	1
-0.344	1	1
-0.345	1	1
-0.346	1	1
-0.347	1	1
-0.348	1	1
-0.349	1	1
-0.35	1	1
-0.351	1	1
-0.352	1	1
-0.353	1	1
-0.354	1	1
-0.355	1	1
-0.356	1	1
-0.357	1	1
-0.358	1	1
-0.359	1	1
-0.36	1	1
-0.361	1	1
-0.362	1	1
-0.363	1	1
-0.364	1	1
-0.365	1	1
-0.366	1	1
-0.367	1	1
-0.368	1	1
-0.369	1	1
-0.37	1	1
-0.371	1	1
-0.372	1	1
-0.373	1	1
-0.374	1	1
-0.375	1	1
-0.376	1	1
-0.377	1	1
-0.378	1	1
-0.379	1	1
-0.38	1	1
-0.381	1	1
-0.382	1	1
-0.383	1	1
-0.384	1	1
-0.385	1	1
-0.386	1	1
-0.387	1	1
-0.388	1	1
-0.389	1	1
-0.39	1	1
-0.391	1	1
-0.392	1	1
-0.393	1	1
-0.394	1	1
-0.395	1	1
-0.396	1	1
-0.397	1	1
-0.398	1	1
-0.399	1	1
-0.4	1	1
-0.401	1	1
-0.402	1	1
-0.403	1	1
-0.404	1	1
-0.405	1	1
-0.406	1	1
-0.407	1	1
-0.408	1	1
-0.409	1	1
-0.41	1	1
-0.411	1	1
-0.412	1	1
-0.413	1	1
-0.414	1	1
-0.415	1	1
-0.416	1	1
-0.417	1	1
-0.418	1	1
-0.419	1	1
-0.42	1	1
-0.421	1	1
-0.422	1	1
-0.423	1	1
-0.424	1	1
-0.425	1	1
-0.426	1	1
-0.427	1	1
-0.428	1	1
-0.429	1	1
-0.43	1	1
-0.431	1	1
-0.432	1	1
-0.433	1	1
-0.434	1	1
-0.435	1	1
-0.436	1	1
-0.437	1	1
-0.438	1	1
-0.439	1	1
-0.44	1	1
-0.441	1	1
-0.442	1	1
-0.443	1	1
-0.444	1	1
-0.445	1	1
-0.446	1	1
-0.447	1	1
-0.448	1	1
-0.449	1	1
-0.45	1	1
-0.451	1	1
-0.452	1	1
-0.453	1	1
-0.454	1	1
-0.455	1	1
-0.456	1	1
-0.457	1	1
-0.458	1	1
-0.459	1	1
-0.46	1	1
-0.461	1	1
-0.462	1	1
-0.463	1	1
-0.464	1	1
-0.465	1	1
-0.466	1	1
-0.467	1	1
-0.468	1	1
-0.469	1	1
-0.47	1	1
-0.471	1	1
-0.472	1	1
-0.473	1	1
-0.474	1	1
-0.475	1	1
-0.476	1	1
-0.477	1	1
-0.478	1	1
-0.479	1	1
-0.48	1	1
-0.481	1	1
-0.482	1	1
-0.483	1	1
-0.484	1	1
-0.485	1	1
-0.486	1	1
-0.487	1	1
-0.488	1	1
-0.489	1	1
-0.49	1	1
-0.491	1	1
-0.492	1	1
-0.493	1	1
-0.494	1	1
-0.495	1	1
-0.496	1	1
-0.497	1	1
-0.498	1	1
-0.499	1	1
-0.5	1	1
-0.501	1	1
-0.502	1	1
-0.503	1	1
-0.504	1	1
-0.505	1	1
-0.506	1	1
-0.507	1	1
-0.508	1	1
-0.509	1	1
-0.51	1	1
-0.511	1	1
-0.512	1	1
-0.513	1	1
-0.514	1	1
-0.515	1	1
-0.516	1	1
-0.517	1	1
-0.518	1	1
-0.519	1	1
-0.52	1	1
-0.521	1	1
-0.522	1	1
-0.523	1	1
-0.524	1	1
-0.525	1	1
-0.526	1	1
-0.527	1	1
-0.528	1	1
-0.529	1	1
-0.53	1	1
-0.531	1	1
-0.532	1	1
-0.533	1	1
-0.534	1	1
-0.535	1	1
-0.536	1	1
-0.537	1	1
-0.538	1	1
-0.539	1	1
-0.54	1	1
-0.541	1	1
-0.542	1	1
-0.543	1	1
-0.544	1	1
-0.545	1	1
-0.546	1	1
-0.547	1	1
-0.548	1	1
-0.549	1	1
-0.55	1	1
-0.551	1	1
-0.552	1	1
-0.553	1	1
-0.554	1	1
-0.555	1	1
-0.556	1	1
-0.557	1	1
-0.558	1	1
-0.559	1	1
-0.56	1	1
-0.561	1	1
-0.562	1	1
-0.563	1	1
-0.564	1	1
-0.565	1	1
-0.566	1	1
-0.567	1	1
-0.568	1	1
-0.569	1	1
-0.57	1	1
-0.571	1	1
-0.572	1	1
-0.573	1	1
-0.574	1	1
-0.575	1	1
-0.576	1	1
-0.577	1	1
-0.578	1	1
-0.579	1	1
-0.58	1	1
-0.581	1	1
-0.582	1	1
-0.583	1	1
-0.584	1	1
-0.585	1	1
-0.586	1	1
-0.587	1	1
-0.588	1	1
-0.589	1	1
-0.59	1	1
-0.591	1	1
-0.592	1	1
-0.593	1	1
-0.594	1	1
-0.595	1	1
-0.596	1	1
-0.597	1	1
-0.598	1	1
-0.599	1	1
-0.6	1	1
-0.601	1	1
-0.602	1	1
-0.603	1	1
-0.604	1	1
-0.605	1	1
-0.606	1	1
-0.607	1	1
-0.608	1	1
-0.609	1	1
-0.61	1	1
-0.611	1	1
-0.612	1	1
-0.613	1	1
-0.614	1	1
-0.615	1	1
-0.616	1	1
-0.617	1	1
-0.618	1	1
-0.619	1	1
-0.62	1	1
-0.621	1	1
-0.622	1	1
-0.623	1	1
-0.624	1	1
-0.625	1	1
-0.626	1	1
-0.627	1	1
-0.628	1	1
-0.629	1	1
-0.63	1	1
-0.631	1	1
-0.632	1	1
-0.633	1	1
-0.634	1	1
-0.635	1	1
-0.636	1	1
-0.637	1	1
-0.638	1	1
-0.639	1	1
-0.64	1	1
-0.641	1	1
-0.642	1	1
-0.643	1	1
-0.644	1	1
-0.645	1	1
-0.646	1	1
-0.647	1	1
-0.648	1	1
-0.649	1	1
-0.65	1	1
-0.651	1	1
-0.652	1	1
-0.653	1	1
-0.654	1	1
-0.655	1	1
-0.656	1	1
-0.657	1	1
-0.658	1	1
-0.659	1	1
-0.66	1	1
-0.661	1	1
-0.662	1	1
-0.663	1	1
-0.664	1	1
-0.665	1	1
-0.666	1	1
-0.667	1	1
-0.668	1	1
-0.669	1	1
-0.67	1	1
-0.671	1	1
-0.672	1	1
-0.673	1	1
-0.674	1	1
-0.675	1	1
-0.676	1	1
-0.677	1	1
-0.678	1	1
-0.679	1	1
-0.68	1	1
-0.681	1	1
-0.682	1	1
-0.683	1	1
-0.684	1	1
-0.685	1	1
-0.686	1	1
-0.687	1	1
-0.688	1	1
-0.689	1	1
-0.69	1	1
-0.691	1	1
-0.692	1	1
-0.693	1	1
-0.694	1	1
-0.695	1	1
-0.696	1	1
-0.697	1	1
-0.698	1	1
-0.699	1	1
-0.7	1	1
-0.701	1	1
-0.702	1	1
-0.703	1	1
-0.704	1	1
-0.705	1	1
-0.706	1	1
-0.707	1	1
-0.708	1	1
-0.709	1	1
-0.71	1	1
-0.711	1	1
-0.712	1	1
-0.713	1	1
-0.714	1	1
-0.715	1	1
-0.716	1	1
-0.717	1	1
-0.718	1	1
-0.719	1	1
-0.72	1	1
-0.721	1	1
-0.722	1	1
-0.723	1	1
-0.724	1	1
-0.725	1	1
-0.726	1	1
-0.727	1	1
-0.728	1	1
-0.729	1	1
-0.73	1	1
-0.731	1	1
-0.732	1	1
-0.733	1	1
-0.734	1	1
-0.735	1	1
-0.736	1	1
-0.737	1	1
-0.738	1	1
-0.739	1	1
-0.74	1	1
-0.741	1	1
-0.742	1	1
-0.743	1	1
-0.744	1	1
-0.745	1	1
-0.746	1	1
-0.747	1	1
-0.748	1	1
-0.749	1	1
-0.75	1	1
-0.751	1	1
-0.752	1	1
-0.753	1	1
-0.754	1	1
-0.755	1	1
-0.756	1	1
-0.757	1	1
-0.758	1	1
-0.759	1	1
-0.76	1	1
-0.761	1	1
-0.762	1	1
-0.763	1	1
-0.764	1	1
-0.765	1	1
-0.766	1	1
-0.767	1	1
-0.768	1	1
-0.769	1	1
-0.77	1	1
-0.771	1	1
-0.772	1	1
-0.773	1	1
-0.774	1	1
-0.775	1	1
-0.776	1	1
-0.777	1	1
-0.778	1	1
-0.779	1	1
-0.78	1	1
-0.781	1	1
-0.782	1	1
-0.783	1	1
-0.784	1	1
-0.785	1	1
-0.786	1	1
-0.787	1	1
-0.788	1	1
-0.789	1	1
-0.79	1	1
-0.791	1	1
-0.792	1	1
-0.793	1	1
-0.794	1	1
-0.795	1	1
-0.796	1	1
-0.797	1	1
-0.798	1	1
-0.799	1	1
-0.8	1	1
-0.801	1	1
-0.802	1	1
-0.803	1	1
-0.804	1	1
-0.805	1	1
-0.806	1	1
-0.807	1	1
-0.808	1	1
-0.809	1	1
-0.81	1	1
-0.811	1	1
-0.812	1	1
-0.813	1	1
-0.814	1	1
-0.815	1	1
-0.816	1	1
-0.817	1	1
-0.818	1	1
-0.819	1	1
-0.82	1	1
-0.821	1	1
-0.822	1	1
-0.823	1	1
-0.824	1	1
-0.825	1	1
-0.826	1	1
-0.827	1	1
-0.828	1	1
-0.829	1	1
-0.83	1	1
-0.831	1	1
-0.832	1	1
-0.833	1	1
-0.834	1	1
-0.835	1	1
-0.836	1	1
-0.837	1	1
-0.838	1	1
-0.839	1	1
-0.84	1	1
-0.841	1	1
-0.842	1	1
-0.843	1	1
-0.844	1	1
-0.845	1	1
-0.846	1	1
-0.847	1	1
-0.848	1	1
-0.849	1	1
-0.85	1	1
-0.851	1	1
-0.852	1	1
-0.853	1	1
-0.854	1	1
-0.855	1	1
-0.856	1	1
-0.857	1	1
-0.858	1	1
-0.859	1	1
-0.86	1	1
-0.861	1	1
-0.862	1	1
-0.863	1	1
-0.864	1	1
-0.865	1	1
-0.866	1	1
-0.867	1	1
-0.868	1	1
-0.869	1	1
-0.87	1	1
-0.871	1	1
-0.872	1	1
-0.873	1	1
-0.874	1	1
-0.875	1	1
-0.876	1	1
-0.877	1	1
-0.878	1	1
-0.879	1	1
-0.88	1	1
-0.881	1	1
-0.882	1	1
-0.883	1	1
-0.884	1	1
-0.885	1	1
-0.886	1	1
-0.887	1	1
-0.888	1	1
-0.889	1	1
-0.89	1	1
-0.891	1	1
-0.892	1	1
-0.893	1	1
-0.894	1	1
-0.895	1	1
-0.896	1	1
-0.897	1	1
-0.898	1	1
-0.899	1	1
-0.9	1	1
-0.901	1	1
-0.902	1	1
-0.903	1	1
-0.904	1	1
-0.905	1	1
-0.906	1	1
-0.907	1	1
-0.908	1	1
-0.909	1	1
-0.91	1	1
-0.911	1	1
-0.912	1	1
-0.913	1	1
-0.914	1	1
-0.915	1	1
-0.916	1	1
-0.917	1	1
-0.918	1	1
-0.919	1	1
-0.92	1	1
-0.921	1	1
-0.922	1	1
-0.923	1	1
-0.924	1	1
-0.925	1	1
-0.926	1	1
-0.927	1	1
-0.928	1	1
-0.929	1	1
-0.93	1	1
-0.931	1	1
-0.932	1	1
-0.933	1	1
-0.934	1	1
-0.935	1	1
-0.936	1	1
-0.937	1	1
-0.938	1	1
-0.939	1	1
-0.94	1	1
-0.941	1	1
-0.942	1	1
-0.943	1	1
-0.944	1	1
-0.945	1	1
-0.946	1	1
-0.947	1	1
-0.948	1	1
-0.949	1	1
-0.95	1	1
-0.951	1	1
-0.952	1	1
-0.953	1	1
-0.954	1	1
-0.955	1	1
-0.956	1	1
-0.957	1	1
-0.958	1	1
-0.959	1	1
-0.96	1	1
-0.961	1	1
-0.962	1	1
-0.963	1	1
-0.964	1	1
-0.965	1	1
-0.966	1	1
-0.967	1	1
-0.968	1	1
-0.969	1	1
-0.97	1	1
-0.971	1	1
-0.972	1	1
-0.973	1	1
-0.974	1	1
-0.975	1	1
-0.976	1	1
-0.977	1	1
-0.978	1	1
-0.979	1	1
-0.98	1	1
-0.981	1	1
-0.982	1	1
-0.983	1	1
-0.984	1	1
-0.985	1	1
-0.986	1	1
-0.987	1	1
-0.988	1	1
-0.989	1	1
-0.99	1	1
-0.991	1	1
-0.992	1	1
-0.993	1	1
-0.994	1	1
-0.995	1	1
-0.996	1	1
-0.997	1	1
-0.998	1	1
-0.999	1	1
-1	1	1
