threshold	FAR	TAR
0.999	0	0
0.998	0	0
0.997	0	0
0.996	0	0
0.995	0	0
0.994	0	0
0.993	0	0
0.992	0	0
0.991	0	0
0.99	0	0
0.989	0	0
0.988	0	0
0.987	0	0
0.986	0	0
0.985	0	0
0.984	0	0
0.983	0	0
0.982	0	0
0.981	0	0
0.98	0	0
0.979	0	0
0.978	0	0
0.977	0	0
0.976	0	0
0.975	0	0
0.974	0	0
0.973	0	0
0.972	0	0
0.971	0	0
0.97	0	0
0.969	0	0
0.968	0	0
0.967	0	0
0.966	0	0
0.965	0	0
0.964	0	0
0.963	0	0
0.962	0	0
0.961	0	0
0.96	0	0
0.959	0	0
0.958	0	0
0.957	0	0
0.956	0	0
0.955	0	0
0.954	0	0
0.953	0	0
0.952	0	0
0.951	0	0
0.95	0	0.0025
0.949	0	0.0025
0.948	0	0.0025
0.947	0	0.0025
0.946	0	0.0025
0.945	0	0.0025
0.944	0	0.0025
0.943	0	0.0025
0.942	0	0.0025
0.941	0	0.0025
0.94	0	0.0025
0.939	0	0.0025
0.938	0	0.0025
0.937	0	0.0025
0.936	0	0.0025
0.935	0	0.0025
0.934	0	0.0025
0.933	0	0.0025
0.932	0	0.0025
0.931	0	0.0025
0.93	0	0.0025
0.929	0	0.0025
0.928	0	0.0025
0.927	0	0.0025
0.926	0	0.0025
0.925	0	0.0025
0.924	0	0.0025
0.923	0	0.0025
0.922	0	0.0025
0.921	0	0.0025
0.92	0	0.0025
0.919	0	0.0025
0.918	0	0.0025
0.917	0	0.0025
0.916	0	0.0025
0.915	0	0.0025
0.914	0	0.0025
0.913	0	0.0025
0.912	0	0.0025
0.911	0	0.0025
0.91	0	0.0025
0.909	0	0.0025
0.908	0	0.0025
0.907	0	0.0025
0.906	0	0.0025
0.905	0	0.0025
0.904	0	0.0025
0.903	0	0.0025
0.902	0	0.0025
0.901	0	0.0025
0.9	0	0.0025
0.899	0	0.0025
0.898	0	0.0025
0.897	0	0.0025
0.896	0	0.0025
0.895	0	0.0025
0.894	0	0.0025
0.893	0	0.0025
0.892	0	0.0025
0.891	0	0.0025
0.89	0	0.0025
0.889	0	0.0025
0.888	0	0.0025
0.887	0	0.0025
0.886	0	0.0025
0.885	0	0.0025
0.884	0	0.0025
0.883	0	0.0025
0.882	0	0.0025
0.881	0	0.0025
0.88	0	0.0025
0.879	0	0.0025
0.878	0	0.0025
0.877	0	0.0025
0.876	0	0.0025
0.875	0	0.0025
0.874	0	0.0025
0.873	0	0.0025
0.872	0	0.0025
0.871	0	0.0025
0.87	0	0.0025
0.869	0	0.0025
0.868	0	0.0025
0.867	0	0.0025
0.866	0	0.0025
0.865	0	0.005
0.864	0	0.005
0.863	0	0.005
0.862	0	0.005
0.861	0	0.005
0.86	0	0.0075
0.859	0	0.0075
0.858	0	0.0075
0.857	0	0.0075
0.856	0	0.0075
0.855	0	0.01
0.854	0	0.01
0.853	0	0.01
0.852	0	0.01
0.851	0	0.01
0.85	0	0.0125
0.849	0	0.0125
0.848	0	0.015
0.847	0	0.015
0.846	0	0.015
0.845	0	0.015
0.844	0	0.015
0.843	0	0.0175
0.842	0	0.0175
0.841	0	0.0175
0.84	0	0.0175
0.839	0	0.02
0.838	0	0.02
0.837	0	0.02
0.836	0	0.02
0.835	0	0.02
0.834	0	0.02
0.833	0	0.02
0.832	0	0.02
0.831	0	0.02
0.83	0	0.02
0.829	0	0.02
0.828	0	0.02
0.827	0	0.02
0.826	0	0.02
0.825	0	0.02
0.824	0	0.02
0.823	0	0.025
0.822	0	0.0325
0.821	0	0.0325
0.82	0	0.0325
0.819	0	0.0325
0.818	0	0.0325
0.817	0	0.0325
0.816	0	0.0325
0.815	0	0.0325
0.814	0	0.0325
0.813	0	0.0325
0.812	0	0.0325
0.811	0	0.0325
0.81	0	0.0325
0.809	0	0.035
0.808	0	0.035
0.807	0	0.0375
0.806	0	0.0375
0.805	0	0.0375
0.804	0	0.04
0.803	0	0.0425
0.802	0	0.0425
0.801	0	0.0425
0.8	0	0.0425
0.799	0	0.0475
0.798	0	0.05
0.797	0	0.05
0.796	0	0.05
0.795	0	0.05
0.794	0	0.05
0.793	0	0.0525
0.792	0	0.0525
0.791	0	0.0525
0.79	0	0.055
0.789	0	0.055
0.788	0	0.055
0.787	0	0.055
0.786	0	0.055
0.785	0	0.0575
0.784	0	0.06
0.783	0	0.06
0.782	0	0.0625
0.781	0	0.0625
0.78	0	0.065
0.779	0	0.065
0.778	0	0.0675
0.777	0	0.07
0.776	0	0.07
0.775	0	0.07
0.774	0	0.07
0.773	0	0.07
0.772	0	0.07
0.771	0	0.07
0.77	0	0.07
0.769	0	0.0725
0.768	0	0.0725
0.767	0	0.0725
0.766	0	0.075
0.765	0	0.075
0.764	0	0.075
0.763	0	0.075
0.762	0	0.08
0.761	0	0.08
0.76	0	0.08
0.759	0	0.08
0.758	0	0.08
0.757	0	0.085
0.756	0	0.085
0.755	0	0.0875
0.754	0	0.0875
0.753	0	0.0875
0.752	0	0.0875
0.751	0	0.09
0.75	0	0.09
0.749	0	0.09
0.748	0	0.09
0.747	0	0.0925
0.746	0	0.0925
0.745	0	0.0925
0.744	0	0.0925
0.743	0	0.095
0.742	0	0.095
0.741	0	0.0975
0.74	0	0.0975
0.739	0	0.105
0.738	0	0.105
0.737	0	0.105
0.736	0	0.1075
0.735	0	0.1075
0.734	0	0.1075
0.733	0	0.1075
0.732	0	0.1075
0.731	0	0.1075
0.73	0	0.1075
0.729	0	0.11
0.728	0	0.11
0.727	0	0.11
0.726	0	0.11
0.725	0	0.11
0.724	0	0.1125
0.723	0	0.1125
0.722	0	0.1125
0.721	0	0.1125
0.72	0	0.115
0.719	0	0.1175
0.718	0	0.1175
0.717	0	0.1225
0.716	0	0.1225
0.715	0	0.125
0.714	0	0.1275
0.713	0	0.1325
0.712	0	0.1325
0.711	0	0.135
0.71	0	0.135
0.709	0	0.135
0.708	0	0.14
0.707	0	0.14
0.706	0	0.14
0.705	0	0.145
0.704	0	0.1475
0.703	0	0.15
0.702	0	0.1525
0.701	0	0.1525
0.7	0	0.1525
0.699	0	0.1525
0.698	0	0.155
0.697	0	0.155
0.696	0	0.155
0.695	0	0.155
0.694	0	0.155
0.693	0	0.155
0.692	0	0.155
0.691	0	0.155
0.69	0	0.1575
0.689	0	0.16
0.688	0	0.165
0.687	0	0.165
0.686	0	0.165
0.685	0	0.165
0.684	0	0.1675
0.683	0	0.17
0.682	0	0.17
0.681	0	0.175
0.68	0	0.175
0.679	0	0.1775
0.678	0	0.18
0.677	0	0.1825
0.676	0	0.185
0.675	0	0.185
0.674	0	0.1875
0.673	0	0.1875
0.672	0	0.19
0.671	0	0.1925
0.67	0	0.195
0.669	0	0.195
0.668	0	0.1975
0.667	0	0.1975
0.666	0	0.1975
0.665	0	0.2
0.664	0	0.205
0.663	0	0.205
0.662	0	0.205
0.661	0	0.2075
0.66	0	0.2075
0.659	0	0.2125
0.658	0	0.215
0.657	0	0.22
0.656	0	0.22
0.655	0	0.22
0.654	0	0.22
0.653	0	0.2225
0.652	0	0.2225
0.651	0	0.225
0.65	0	0.2275
0.649	0	0.2275
0.648	0	0.23
0.647	0	0.2325
0.646	0	0.2325
0.645	0	0.2325
0.644	0	0.235
0.643	0	0.2375
0.642	0	0.24
0.641	0	0.245
0.64	0	0.245
0.639	0	0.245
0.638	0	0.25
0.637	0	0.25
0.636	0	0.25
0.635	0	0.2525
0.634	0	0.2525
0.633	0	0.2575
0.632	0	0.26
0.631	0	0.26
0.63	0	0.2675
0.629	0	0.2675
0.628	0	0.2725
0.627	0	0.275
0.626	0	0.28
0.625	0	0.2825
0.624	0	0.2825
0.623	0	0.2875
0.622	0	0.2875
0.621	0	0.2875
0.62	0	0.29
0.619	0	0.2925
0.618	0	0.2925
0.617	0	0.2975
0.616	0	0.3
0.615	0	0.3
0.614	0	0.305
0.613	0	0.305
0.612	0	0.305
0.611	0	0.3075
0.61	0	0.3075
0.609	0	0.3075
0.608	0	0.31
0.607	0	0.3125
0.606	0	0.315
0.605	0	0.32
0.604	0	0.325
0.603	0	0.3275
0.602	0	0.3275
0.601	0	0.33
0.6	0	0.335
0.599	0	0.3375
0.598	0	0.34
0.597	0	0.34
0.596	0	0.34
0.595	0	0.34
0.594	0	0.345
0.593	0	0.345
0.592	0	0.345
0.591	0	0.3475
0.59	0	0.35
0.589	0	0.355
0.588	0	0.3575
0.587	0	0.365
0.586	0	0.3675
0.585	0	0.3675
0.584	0	0.3675
0.583	0	0.3675
0.582	0	0.3675
0.581	0	0.3725
0.58	0	0.375
0.579	0	0.375
0.578	0	0.3775
0.577	0	0.38
0.576	0	0.385
0.575	0	0.3875
0.574	0	0.39
0.573	0	0.39
0.572	0	0.39
0.571	0	0.3925
0.57	0	0.395
0.569	0	0.3975
0.568	0	0.3975
0.567	0	0.3975
0.566	0	0.3975
0.565	0	0.3975
0.564	0	0.3975
0.563	0	0.4
0.562	0	0.4
0.561	0	0.405
0.56	0	0.41
0.559	0	0.4125
0.558	0	0.415
0.557	0	0.415
0.556	0	0.4225
0.555	0	0.4225
0.554	0	0.4225
0.553	0	0.4275
0.552	0	0.43
0.551	0	0.4325
0.55	0	0.435
0.549	0	0.435
0.548	0	0.435
0.547	0	0.435
0.546	0	0.435
0.545	0	0.4375
0.544	0	0.4375
0.543	0	0.4425
0.542	0	0.445
0.541	0	0.45
0.54	0	0.455
0.539	0	0.4575
0.538	0	0.4575
0.537	0	0.4625
0.536	0	0.465
0.535	0	0.47
0.534	0	0.475
0.533	0	0.4775
0.532	0	0.4825
0.531	0	0.4825
0.53	0	0.485
0.529	0	0.485
0.528	0	0.4875
0.527	0	0.495
0.526	0	0.495
0.525	0	0.495
0.524	0	0.495
0.523	0	0.5025
0.522	0	0.5025
0.521	0	0.505
0.52	0	0.51
0.519	0	0.515
0.518	0	0.52
0.517	0	0.5225
0.516	0	0.5225
0.515	0	0.5225
0.514	0	0.525
0.513	0	0.525
0.512	0	0.525
0.511	0	0.53
0.51	0	0.5325
0.509	0	0.5325
0.508	0	0.5325
0.507	0	0.5325
0.506	0	0.5325
0.505	0	0.535
0.504	0	0.5475
0.503	0	0.5475
0.502	0	0.5475
0.501	0	0.5475
0.5	0	0.5475
0.499	0	0.5475
0.498	0	0.55
0.497	0	0.5525
0.496	0	0.5525
0.495	0	0.5525
0.494	0	0.555
0.493	0	0.5575
0.492	0	0.56
0.491	0	0.56
0.49	0	0.5625
0.489	0	0.565
0.488	0	0.5675
0.487	0	0.5675
0.486	0	0.57
0.485	0	0.5725
0.484	0	0.5725
0.483	0	0.575
0.482	0	0.575
0.481	0	0.58
0.48	0	0.58
0.479	0	0.58
0.478	0	0.5825
0.477	0	0.585
0.476	0	0.585
0.475	0	0.5875
0.474	0	0.5875
0.473	0	0.59
0.472	0	0.5925
0.471	0	0.5925
0.47	0	0.5925
0.469	0	0.5925
0.468	0	0.5925
0.467	0	0.5925
0.466	0	0.5925
0.465	0	0.5975
0.464	0	0.5975
0.463	0	0.6
0.462	0	0.6025
0.461	0	0.6025
0.46	0	0.6025
0.459	0	0.605
0.458	0	0.6075
0.457	0	0.6075
0.456	0	0.6075
0.455	0	0.61
0.454	0	0.61
0.453	0	0.61
0.452	0	0.61
0.451	0	0.61
0.45	0	0.6125
0.449	0	0.6125
0.448	0	0.6125
0.447	0	0.6125
0.446	0	0.6125
0.445	0	0.615
0.444	0	0.615
0.443	0	0.6175
0.442	0	0.6225
0.441	0	0.625
0.44	0	0.625
0.439	0	0.6275
0.438	0	0.63
0.437	0	0.635
0.436	0	0.64
0.435	0	0.6425
0.434	0	0.6425
0.433	0	0.6425
0.432	0	0.6475
0.431	0	0.6475
0.43	0	0.65
0.429	0	0.655
0.428	0	0.655
0.427	0	0.655
0.426	0	0.655
0.425	0	0.655
0.424	0	0.6575
0.423	0	0.6575
0.422	0	0.66
0.421	0	0.6625
0.42	0	0.6625
0.419	0	0.6625
0.418	0	0.665
0.417	0	0.665
0.416	0	0.6675
0.415	0	0.6675
0.414	0	0.6675
0.413	0	0.67
0.412	0	0.67
0.411	0	0.67
0.41	0	0.6725
0.409	0	0.675
0.408	0	0.6775
0.407	0	0.6825
0.406	0	0.6825
0.405	0	0.6875
0.404	0	0.6925
0.403	0	0.6925
0.402	0	0.6925
0.401	0	0.695
0.4	0	0.695
0.399	0	0.695
0.398	0	0.695
0.397	0	0.695
0.396	0	0.6975
0.395	0	0.7
0.394	0	0.7
0.393	0	0.7025
0.392	0	0.705
0.391	0	0.71
0.39	0	0.71
0.389	0	0.7125
0.388	0	0.7125
0.387	0	0.715
0.386	0	0.7175
0.385	0	0.7175
0.384	0	0.72
0.383	0	0.72
0.382	0	0.72
0.381	0	0.72
0.38	0	0.72
0.379	0	0.725
0.378	0	0.725
0.377	0	0.725
0.376	0	0.7275
0.375	0	0.73
0.374	0	0.7325
0.373	0	0.735
0.372	0	0.7375
0.371	0	0.7375
0.37	0	0.7375
0.369	0	0.74
0.368	0	0.7425
0.367	0	0.7425
0.366	0	0.7475
0.365	0	0.75
0.364	0	0.75
0.363	0	0.75
0.362	0	0.75
0.361	0	0.75
0.36	0	0.75
0.359	0	0.755
0.358	0	0.755
0.357	0	0.7575
0.356	0	0.7575
0.355	0	0.76
0.354	0	0.76
0.353	0	0.7625
0.352	0	0.7625
0.351	0	0.765
0.35	0	0.7675
0.349	0	0.7675
0.348	0	0.77
0.347	0	0.7725
0.346	0	0.7725
0.345	0	0.7725
0.344	0	0.7725
0.343	0	0.7725
0.342	0	0.7725
0.341	0	0.775
0.34	0	0.775
0.339	0	0.775
0.338	0	0.775
0.337	0	0.78
0.336	0	0.78
0.335	0	0.78
0.334	0	0.7825
0.333	0	0.7825
0.332	0	0.7825
0.331	0	0.7825
0.33	2.525252525e-05	0.7825
0.329	2.525252525e-05	0.7825
0.328	2.525252525e-05	0.785
0.327	2.525252525e-05	0.7875
0.326	2.525252525e-05	0.79
0.325	2.525252525e-05	0.79
0.324	2.525252525e-05	0.79
0.323	2.525252525e-05	0.7925
0.322	2.525252525e-05	0.7925
0.321	2.525252525e-05	0.795
0.32	2.525252525e-05	0.7975
0.319	2.525252525e-05	0.7975
0.318	2.525252525e-05	0.7975
0.317	5.050505051e-05	0.8
0.316	7.575757576e-05	0.8
0.315	7.575757576e-05	0.8025
0.314	0.0001262626263	0.8025
0.313	0.0001767676768	0.805
0.312	0.0001767676768	0.8075
0.311	0.0001767676768	0.8075
0.31	0.0001767676768	0.81
0.309	0.0001767676768	0.81
0.308	0.000202020202	0.81
0.307	0.000202020202	0.81
0.306	0.000202020202	0.8125
0.305	0.000202020202	0.8125
0.304	0.0002272727273	0.8125
0.303	0.0002272727273	0.8125
0.302	0.0002272727273	0.8125
0.301	0.0002272727273	0.8125
0.3	0.0002272727273	0.8125
0.299	0.0002272727273	0.8125
0.298	0.0002272727273	0.8125
0.297	0.0002525252525	0.815
0.296	0.0002525252525	0.8175
0.295	0.0002525252525	0.8175
0.294	0.0002525252525	0.8175
0.293	0.0002525252525	0.82
0.292	0.0002525252525	0.82
0.291	0.0002525252525	0.82
0.29	0.0002525252525	0.82
0.289	0.0002525252525	0.82
0.288	0.0002525252525	0.8225
0.287	0.0002525252525	0.8225
0.286	0.0002525252525	0.8225
0.285	0.0002525252525	0.8225
0.284	0.0002777777778	0.8225
0.283	0.000303030303	0.8225
0.282	0.000303030303	0.8225
0.281	0.000303030303	0.825
0.28	0.0003282828283	0.825
0.279	0.0003282828283	0.825
0.278	0.0003535353535	0.8275
0.277	0.0003535353535	0.8275
0.276	0.0004292929293	0.83
0.275	0.0004545454545	0.83
0.274	0.0005050505051	0.8325
0.273	0.0005050505051	0.8325
0.272	0.0006060606061	0.8325
0.271	0.0006313131313	0.8325
0.27	0.0006818181818	0.8325
0.269	0.0007575757576	0.8325
0.268	0.0007575757576	0.8325
0.267	0.0007828282828	0.8325
0.266	0.0008585858586	0.835
0.265	0.0009090909091	0.8375
0.264	0.0009090909091	0.8375
0.263	0.0009090909091	0.8375
0.262	0.0009848484848	0.8375
0.261	0.00101010101	0.84
0.26	0.001035353535	0.84
0.259	0.001060606061	0.84
0.258	0.001085858586	0.84
0.257	0.001111111111	0.84
0.256	0.001186868687	0.84
0.255	0.001212121212	0.8425
0.254	0.001212121212	0.8425
0.253	0.001237373737	0.8425
0.252	0.001262626263	0.8425
0.251	0.001262626263	0.8425
0.25	0.001313131313	0.8425
0.249	0.001388888889	0.8425
0.248	0.001414141414	0.8475
0.247	0.001439393939	0.85
0.246	0.00148989899	0.8525
0.245	0.001515151515	0.8525
0.244	0.001641414141	0.8525
0.243	0.001691919192	0.8525
0.242	0.001717171717	0.8525
0.241	0.001818181818	0.8525
0.24	0.001868686869	0.8525
0.239	0.00196969697	0.8525
0.238	0.001994949495	0.8525
0.237	0.002070707071	0.8525
0.236	0.002171717172	0.855
0.235	0.002196969697	0.855
0.234	0.002272727273	0.855
0.233	0.002323232323	0.855
0.232	0.002449494949	0.855
0.231	0.002525252525	0.855
0.23	0.002651515152	0.855
0.229	0.002727272727	0.855
0.228	0.002853535354	0.855
0.227	0.002929292929	0.855
0.226	0.00303030303	0.855
0.225	0.003232323232	0.855
0.224	0.003257575758	0.855
0.223	0.003282828283	0.855
0.222	0.003308080808	0.855
0.221	0.003383838384	0.8575
0.22	0.003585858586	0.8575
0.219	0.003686868687	0.8575
0.218	0.003838383838	0.8575
0.217	0.003939393939	0.8575
0.216	0.004015151515	0.8575
0.215	0.00404040404	0.8575
0.214	0.004166666667	0.8575
0.213	0.004292929293	0.8575
0.212	0.00452020202	0.8575
0.211	0.004873737374	0.8575
0.21	0.004974747475	0.8575
0.209	0.005151515152	0.8575
0.208	0.005303030303	0.8575
0.207	0.00547979798	0.8575
0.206	0.005555555556	0.8575
0.205	0.005732323232	0.8575
0.204	0.005808080808	0.8575
0.203	0.006060606061	0.8575
0.202	0.006262626263	0.8575
0.201	0.006414141414	0.8575
0.2	0.006717171717	0.86
0.199	0.006994949495	0.86
0.198	0.007222222222	0.86
0.197	0.007398989899	0.86
0.196	0.007575757576	0.86
0.195	0.007752525253	0.86
0.194	0.008055555556	0.86
0.193	0.008358585859	0.86
0.192	0.008636363636	0.86
0.191	0.009116161616	0.8625
0.19	0.009444444444	0.8625
0.189	0.009772727273	0.8625
0.188	0.01015151515	0.8625
0.187	0.01027777778	0.865
0.186	0.01055555556	0.865
0.185	0.01093434343	0.865
0.184	0.01133838384	0.865
0.183	0.01179292929	0.8675
0.182	0.01214646465	0.87
0.181	0.01257575758	0.87
0.18	0.01287878788	0.87
0.179	0.01320707071	0.87
0.178	0.01368686869	0.87
0.177	0.01401515152	0.87
0.176	0.01449494949	0.87
0.175	0.01507575758	0.87
0.174	0.01535353535	0.87
0.173	0.01555555556	0.87
0.172	0.01623737374	0.87
0.171	0.01676767677	0.87
0.17	0.0171969697	0.87
0.169	0.01772727273	0.87
0.168	0.01823232323	0.87
0.167	0.01904040404	0.8725
0.166	0.01957070707	0.8725
0.165	0.02035353535	0.8725
0.164	0.02103535354	0.8775
0.163	0.02156565657	0.8775
0.162	0.02214646465	0.8775
0.161	0.02277777778	0.88
0.16	0.02356060606	0.8825
0.159	0.02449494949	0.8825
0.158	0.02527777778	0.8825
0.157	0.02575757576	0.8825
0.156	0.02661616162	0.8825
0.155	0.02727272727	0.8825
0.154	0.02795454545	0.8825
0.153	0.02871212121	0.8825
0.152	0.02962121212	0.8825
0.151	0.03055555556	0.8825
0.15	0.03151515152	0.8825
0.149	0.03252525253	0.8825
0.148	0.03325757576	0.8825
0.147	0.03406565657	0.8825
0.146	0.03477272727	0.8825
0.145	0.03593434343	0.8825
0.144	0.03676767677	0.885
0.143	0.03757575758	0.885
0.142	0.03873737374	0.885
0.141	0.03964646465	0.885
0.14	0.04068181818	0.885
0.139	0.04154040404	0.885
0.138	0.04237373737	0.885
0.137	0.04343434343	0.885
0.136	0.04464646465	0.885
0.135	0.04565656566	0.885
0.134	0.04694444444	0.885
0.133	0.04810606061	0.885
0.132	0.04929292929	0.885
0.131	0.05042929293	0.8875
0.13	0.05164141414	0.89
0.129	0.05285353535	0.89
0.128	0.05441919192	0.89
0.127	0.05565656566	0.89
0.126	0.05694444444	0.8925
0.125	0.05805555556	0.8925
0.124	0.05964646465	0.8925
0.123	0.06128787879	0.8925
0.122	0.06267676768	0.8925
0.121	0.06419191919	0.8925
0.12	0.06590909091	0.8925
0.119	0.0676010101	0.8925
0.118	0.06888888889	0.8925
0.117	0.0704040404	0.8925
0.116	0.07222222222	0.8925
0.115	0.07376262626	0.8925
0.114	0.07527777778	0.8925
0.113	0.07732323232	0.8925
0.112	0.07901515152	0.895
0.111	0.08085858586	0.895
0.11	0.08275252525	0.895
0.109	0.08454545455	0.895
0.108	0.08611111111	0.8975
0.107	0.08782828283	0.8975
0.106	0.08957070707	0.9
0.105	0.09174242424	0.9
0.104	0.09345959596	0.9
0.103	0.09550505051	0.9025
0.102	0.09795454545	0.9025
0.101	0.1001010101	0.9025
0.1	0.1023989899	0.9025
0.099	0.1052020202	0.9025
0.098	0.1071464646	0.9025
0.097	0.1093939394	0.9025
0.096	0.1115909091	0.905
0.095	0.1141161616	0.905
0.094	0.1166161616	0.905
0.093	0.1187626263	0.9075
0.092	0.1209343434	0.9075
0.091	0.1237373737	0.9075
0.09	0.1260858586	0.9075
0.089	0.1288131313	0.9075
0.088	0.1312626263	0.9075
0.087	0.1337626263	0.9075
0.086	0.1366414141	0.9075
0.085	0.1391919192	0.9075
0.084	0.1421212121	0.9075
0.083	0.1446969697	0.9075
0.082	0.1476010101	0.9075
0.081	0.1506313131	0.9075
0.08	0.1534090909	0.91
0.079	0.1559343434	0.91
0.078	0.1588131313	0.9125
0.077	0.1616919192	0.9125
0.076	0.1645959596	0.9125
0.075	0.1680808081	0.9125
0.074	0.1714646465	0.9125
0.073	0.1746717172	0.9125
0.072	0.1782828283	0.9125
0.071	0.1819191919	0.9125
0.07	0.1856565657	0.9125
0.069	0.1886868687	0.9125
0.068	0.1917929293	0.9125
0.067	0.1954292929	0.915
0.066	0.1986363636	0.9175
0.065	0.2016161616	0.9175
0.064	0.2045454545	0.9225
0.063	0.2082828283	0.9225
0.062	0.2121212121	0.925
0.061	0.2158838384	0.925
0.06	0.2196969697	0.9275
0.059	0.2234343434	0.9275
0.058	0.2271464646	0.93
0.057	0.2311111111	0.93
0.056	0.2352777778	0.93
0.055	0.2394444444	0.93
0.054	0.2431313131	0.93
0.053	0.2470707071	0.93
0.052	0.2511868687	0.93
0.051	0.2548989899	0.93
0.05	0.2591161616	0.9325
0.049	0.263510101	0.9325
0.048	0.2679040404	0.9325
0.047	0.272020202	0.9325
0.046	0.2760606061	0.9325
0.045	0.2804040404	0.9325
0.044	0.2849494949	0.9325
0.043	0.289520202	0.935
0.042	0.2939646465	0.935
0.041	0.298459596	0.935
0.04	0.3032070707	0.9375
0.039	0.308030303	0.9375
0.038	0.3127525253	0.9375
0.037	0.3174242424	0.94
0.036	0.3218686869	0.94
0.035	0.3262373737	0.9425
0.034	0.3310606061	0.945
0.033	0.3359090909	0.945
0.032	0.3402020202	0.945
0.031	0.3449242424	0.9475
0.03	0.3496717172	0.9475
0.029	0.3541666667	0.9475
0.028	0.3583585859	0.9475
0.027	0.363459596	0.9475
0.026	0.3683080808	0.9525
0.025	0.3737373737	0.955
0.024	0.3784848485	0.955
0.023	0.382979798	0.955
0.022	0.3878030303	0.955
0.021	0.3922474747	0.955
0.02	0.3970707071	0.955
0.019	0.4013383838	0.955
0.018	0.4061111111	0.955
0.017	0.4113383838	0.955
0.016	0.4163131313	0.9575
0.015	0.4212878788	0.9575
0.014	0.4267424242	0.9575
0.013	0.4316919192	0.9575
0.012	0.4363383838	0.9575
0.011	0.4410353535	0.9575
0.01	0.4457323232	0.96
0.009	0.4507575758	0.96
0.008	0.4558333333	0.96
0.007	0.4614646465	0.96
0.006	0.4666666667	0.96
0.005	0.4715656566	0.96
0.004	0.4767929293	0.96
0.003	0.4821212121	0.96
0.002	0.4868939394	0.9625
0.001	0.4919949495	0.9625
0	0.4974747475	0.9625
-0.001	0.5025252525	0.9625
-0.002	0.5077272727	0.9625
-0.003	0.5128535354	0.965
-0.004	0.5183080808	0.965
-0.005	0.5236363636	0.965
-0.006	0.529040404	0.965
-0.007	0.5337121212	0.965
-0.008	0.5381313131	0.965
-0.009	0.5433333333	0.965
-0.01	0.5478787879	0.965
-0.011	0.5531313131	0.965
-0.012	0.5583080808	0.965
-0.013	0.5636111111	0.965
-0.014	0.5693939394	0.965
-0.015	0.5747727273	0.965
-0.016	0.5801767677	0.965
-0.017	0.5854040404	0.965
-0.018	0.5901010101	0.9675
-0.019	0.5951262626	0.97
-0.02	0.6	0.97
-0.021	0.6047474747	0.97
-0.022	0.6091414141	0.97
-0.023	0.614040404	0.97
-0.024	0.6191161616	0.97
-0.025	0.623989899	0.97
-0.026	0.6293434343	0.97
-0.027	0.6343434343	0.97
-0.028	0.6388888889	0.97
-0.029	0.6435858586	0.9725
-0.03	0.6479292929	0.9725
-0.031	0.6526515152	0.9725
-0.032	0.6572474747	0.975
-0.033	0.6618939394	0.975
-0.034	0.6661868687	0.975
-0.035	0.6709848485	0.975
-0.036	0.6752525253	0.975
-0.037	0.6798737374	0.975
-0.038	0.6847222222	0.975
-0.039	0.6895959596	0.975
-0.04	0.6941414141	0.975
-0.041	0.6991414141	0.975
-0.042	0.7035858586	0.975
-0.043	0.7081818182	0.975
-0.044	0.7122979798	0.9775
-0.045	0.7174747475	0.9775
-0.046	0.722020202	0.9775
-0.047	0.7259090909	0.9775
-0.048	0.7301767677	0.98
-0.049	0.7346464646	0.9825
-0.05	0.7389393939	0.9825
-0.051	0.7432323232	0.9825
-0.052	0.7472727273	0.9825
-0.053	0.7511363636	0.9825
-0.054	0.7547727273	0.985
-0.055	0.7584848485	0.985
-0.056	0.7628030303	0.985
-0.057	0.7668939394	0.985
-0.058	0.7712121212	0.985
-0.059	0.7746969697	0.9875
-0.06	0.7783585859	0.9875
-0.061	0.7816666667	0.9875
-0.062	0.785	0.9875
-0.063	0.7885353535	0.9875
-0.064	0.7926515152	0.9875
-0.065	0.7962121212	0.9875
-0.066	0.7995959596	0.9875
-0.067	0.8028787879	0.99
-0.068	0.8066666667	0.99
-0.069	0.8101010101	0.99
-0.07	0.813510101	0.99
-0.071	0.8171969697	0.99
-0.072	0.8207575758	0.99
-0.073	0.8240909091	0.99
-0.074	0.827020202	0.99
-0.075	0.8300252525	0.99
-0.076	0.8332828283	0.99
-0.077	0.8365909091	0.9925
-0.078	0.8394949495	0.9925
-0.079	0.8427272727	0.9925
-0.08	0.8460606061	0.9925
-0.081	0.8492171717	0.9925
-0.082	0.8520707071	0.9925
-0.083	0.8546212121	0.9925
-0.084	0.8576515152	0.9925
-0.085	0.860530303	0.995
-0.086	0.8633838384	0.995
-0.087	0.8658080808	0.995
-0.088	0.8688131313	0.995
-0.089	0.8712121212	0.995
-0.09	0.8736363636	0.995
-0.091	0.8768686869	0.995
-0.092	0.8797222222	0.995
-0.093	0.8822727273	0.995
-0.094	0.8848484848	0.995
-0.095	0.8875	0.995
-0.096	0.8897727273	0.995
-0.097	0.8925252525	0.995
-0.098	0.8946717172	0.995
-0.099	0.8972979798	0.995
-0.1	0.8991919192	0.995
-0.101	0.9013636364	0.995
-0.102	0.9033333333	0.9975
-0.103	0.9053030303	0.9975
-0.104	0.9070959596	0.9975
-0.105	0.9089393939	0.9975
-0.106	0.9112626263	0.9975
-0.107	0.913030303	0.9975
-0.108	0.9147727273	0.9975
-0.109	0.9166161616	0.9975
-0.11	0.9183333333	0.9975
-0.111	0.9199747475	0.9975
-0.112	0.9216414141	0.9975
-0.113	0.9236363636	0.9975
-0.114	0.9258333333	0.9975
-0.115	0.927979798	0.9975
-0.116	0.9298737374	0.9975
-0.117	0.9316919192	0.9975
-0.118	0.933510101	0.9975
-0.119	0.9350252525	0.9975
-0.12	0.9366919192	0.9975
-0.121	0.9381060606	0.9975
-0.122	0.9397222222	0.9975
-0.123	0.9413383838	0.9975
-0.124	0.9432070707	0.9975
-0.125	0.944469697	0.9975
-0.126	0.9459848485	0.9975
-0.127	0.9471212121	0.9975
-0.128	0.9482070707	0.9975
-0.129	0.9496212121	0.9975
-0.13	0.9507070707	0.9975
-0.131	0.9518939394	0.9975
-0.132	0.9531060606	0.9975
-0.133	0.9543939394	0.9975
-0.134	0.9556565657	0.9975
-0.135	0.9570707071	0.9975
-0.136	0.958510101	0.9975
-0.137	0.9593434343	0.9975
-0.138	0.9601515152	0.9975
-0.139	0.9613383838	0.9975
-0.14	0.9625252525	0.9975
-0.141	0.963510101	0.9975
-0.142	0.9645454545	0.9975
-0.143	0.9656818182	1
-0.144	0.9665909091	1
-0.145	0.9678535354	1
-0.146	0.9687626263	1
-0.147	0.969520202	1
-0.148	0.9703030303	1
-0.149	0.9709848485	1
-0.15	0.972020202	1
-0.151	0.9727020202	1
-0.152	0.973510101	1
-0.153	0.9742676768	1
-0.154	0.9749494949	1
-0.155	0.9757323232	1
-0.156	0.9765909091	1
-0.157	0.9771717172	1
-0.158	0.9777272727	1
-0.159	0.9783585859	1
-0.16	0.9788888889	1
-0.161	0.9794949495	1
-0.162	0.9803030303	1
-0.163	0.981010101	1
-0.164	0.9815656566	1
-0.165	0.9822727273	1
-0.166	0.9827777778	1
-0.167	0.983459596	1
-0.168	0.9841414141	1
-0.169	0.9847474747	1
-0.17	0.9853535354	1
-0.171	0.9859090909	1
-0.172	0.9862878788	1
-0.173	0.9867424242	1
-0.174	0.9872474747	1
-0.175	0.9878535354	1
-0.176	0.9881818182	1
-0.177	0.9884848485	1
-0.178	0.9889646465	1
-0.179	0.9891919192	1
-0.18	0.9896969697	1
-0.181	0.9901010101	1
-0.182	0.9903787879	1
-0.183	0.9908585859	1
-0.184	0.9911363636	1
-0.185	0.9914646465	1
-0.186	0.9918181818	1
-0.187	0.9921717172	1
-0.188	0.9924494949	1
-0.189	0.9927777778	1
-0.19	0.9932323232	1
-0.191	0.993459596	1
-0.192	0.9936868687	1
-0.193	0.9937626263	1
-0.194	0.9940656566	1
-0.195	0.9942676768	1
-0.196	0.9946464646	1
-0.197	0.9948232323	1
-0.198	0.9949494949	1
-0.199	0.9950505051	1
-0.2	0.9952020202	1
-0.201	0.9953535354	1
-0.202	0.9954545455	1
-0.203	0.9956313131	1
-0.204	0.9957828283	1
-0.205	0.9959343434	1
-0.206	0.9961363636	1
-0.207	0.9962878788	1
-0.208	0.9964141414	1
-0.209	0.9966161616	1
-0.21	0.9968181818	1
-0.211	0.9969444444	1
-0.212	0.9970454545	1
-0.213	0.9971464646	1
-0.214	0.9972222222	1
-0.215	0.9973484848	1
-0.216	0.9974242424	1
-0.217	0.9975	1
-0.218	0.9976262626	1
-0.219	0.9976767677	1
-0.22	0.9978030303	1
-0.221	0.9978535354	1
-0.222	0.9979040404	1
-0.223	0.998030303	1
-0.224	0.9980808081	1
-0.225	0.9981565657	1
-0.226	0.9983080808	1
-0.227	0.9983585859	1
-0.228	0.9983838384	1
-0.229	0.9983838384	1
-0.23	0.9984090909	1
-0.231	0.9984343434	1
-0.232	0.998510101	1
-0.233	0.9985606061	1
-0.234	0.9985858586	1
-0.235	0.9987121212	1
-0.236	0.9987373737	1
-0.237	0.9988131313	1
-0.238	0.9988383838	1
-0.239	0.9989141414	1
-0.24	0.9989646465	1
-0.241	0.9990151515	1
-0.242	0.9990151515	1
-0.243	0.999040404	1
-0.244	0.9991161616	1
-0.245	0.9991414141	1
-0.246	0.9991919192	1
-0.247	0.9991919192	1
-0.248	0.9992676768	1
-0.249	0.9992676768	1
-0.25	0.9992929293	1
-0.251	0.9994444444	1
-0.252	0.9994444444	1
-0.253	0.9994444444	1
-0.254	0.999520202	1
-0.255	0.9995707071	1
-0.256	0.9995707071	1
-0.257	0.9995707071	1
-0.258	0.9995959596	1
-0.259	0.9996212121	1
-0.26	0.9996464646	1
-0.261	0.9996717172	1
-0.262	0.9996969697	1
-0.263	0.9997474747	1
-0.264	0.9997474747	1
-0.265	0.9997474747	1
-0.266	0.9997474747	1
-0.267	0.9997474747	1
-0.268	0.9997474747	1
-0.269	0.9997474747	1
-0.27	0.9997474747	1
-0.271	0.9997474747	1
-0.272	0.9997727273	1
-0.273	0.9997727273	1
-0.274	0.9997727273	1
-0.275	0.9997727273	1
-0.276	0.9997727273	1
-0.277	0.9997727273	1
-0.278	0.9997727273	1
-0.279	0.9997727273	1
-0.28	0.9997727273	1
-0.281	0.9997727273	1
-0.282	0.9997727273	1
-0.283	0.9997727273	1
-0.284	0.9997727273	1
-0.285	0.9998484848	1
-0.286	0.9998484848	1
-0.287	0.9998484848	1
-0.288	0.9998484848	1
-0.289	0.9998484848	1
-0.29	0.9998484848	1
-0.291	0.9998484848	1
-0.292	0.9998484848	1
-0.293	0.9998737374	1
-0.294	0.9998737374	1
-0.295	0.9998737374	1
-0.296	0.9998737374	1
-0.297	0.9998737374	1
-0.298	0.9998737374	1
-0.299	0.9998737374	1
-0.3	0.9998737374	1
-0.301	0.9998989899	1
-0.302	0.9999494949	1
-0.303	0.9999494949	1
-0.304	0.9999494949	1
-0.305	0.9999494949	1
-0.306	0.9999747475	1
-0.307	0.9999747475	1
-0.308	0.9999747475	1
-0.309	0.9999747475	1
-0.31	0.9999747475	1
-0.311	0.9999747475	1
-0.312	0.9999747475	1
-0.313	0.9999747475	1
-0.314	0.9999747475	1
-0.315	0.9999747475	1
-0.316	0.9999747475	1
-0.317	0.9999747475	1
-0.318	0.9999747475	1
-0.319	0.9999747475	1
-0.32	0.9999747475	1
-0.321	0.9999747475	1
-0.322	1	1
-0.323	1	1
-0.324	1	1
-0.325	1	1
-0.326	1	1
-0.327	1	1
-0.328	1	1
-0.329	1	1
-0.33	1	1
-0.331	1	1
-0.332	1	1
-0.333	1	1
-0.334	1	1
-0.335	1	1
-0.336	1	1
-0.337	1	1
-0.338	1	1
-0.339	1	1
-0.34	1	1
-0.341	1	1
-0.342	1	1
-0.343	1	1
-0.344	1	1
-0.345	1	1
-0.346	1	1
-0.347	1	1
-0.348	1	1
-0.349	1	1
-0.35	1	1
-0.351	1	1
-0.352	1	1
-0.353	1	1
-0.354	1	1
-0.355	1	1
-0.356	1	1
-0.357	1	1
-0.358	1	1
-0.359	1	1
-0.36	1	1
-0.361	1	1
-0.362	1	1
-0.363	1	1
-0.364	1	1
-0.365	1	1
-0.366	1	1
-0.367	1	1
-0.368	1	1
-0.369	1	1
-0.37	1	1
-0.371	1	1
-0.372	1	1
-0.373	1	1
-0.374	1	1
-0.375	1	1
-0.376	1	1
-0.377	1	1
-0.378	1	1
-0.379	1	1
-0.38	1	1
-0.381	1	1
-0.382	1	1
-0.383	1	1
-0.384	1	1
-0.385	1	1
-0.386	1	1
-0.387	1	1
-0.388	1	1
-0.389	1	1
-0.39	1	1
-0.391	1	1
-0.392	1	1
-0.393	1	1
-0.394	1	1
-0.395	1	1
-0.396	1	1
-0.397	1	1
-0.398	1	1
-0.399	1	1
-0.4	1	1
-0.401	1	1
-0.402	1	1
-0.403	1	1
-0.404	1	1
-0.405	1	1
-0.406	1	1
-0.407	1	1
-0.408	1	1
-0.409	1	1
-0.41	1	1
-0.411	1	1
-0.412	1	1
-0.413	1	1
-0.414	1	1
-0.415	1	1
-0.416	1	1
-0.417	1	1
-0.418	1	1
-0.419	1	1
-0.42	1	1
-0.421	1	1
-0.422	1	1
-0.423	1	1
-0.424	1	1
-0.425	1	1
-0.426	1	1
-0.427	1	1
-0.428	1	1
-0.429	1	1
-0.43	1	1
-0.431	1	1
-0.432	1	1
-0.433	1	1
-0.434	1	1
-0.435	1	1
-0.436	1	1
-0.437	1	1
-0.438	1	1
-0.439	1	1
-0.44	1	1
-0.441	1	1
-0.442	1	1
-0.443	1	1
-0.444	1	1
-0.445	1	1
-0.446	1	1
-0.447	1	1
-0.448	1	1
-0.449	1	1
-0.45	1	1
-0.451	1	1
-0.452	1	1
-0.453	1	1
-0.454	1	1
-0.455	1	1
-0.456	1	1
-0.457	1	1
-0.458	1	1
-0.459	1	1
-0.46	1	1
-0.461	1	1
-0.462	1	1
-0.463	1	1
-0.464	1	1
-0.465	1	1
-0.466	1	1
-0.467	1	1
-0.468	1	1
-0.469	1	1
-0.47	1	1
-0.471	1	1
-0.472	1	1
-0.473	1	1
-0.474	1	1
-0.475	1	1
-0.476	1	1
-0.477	1	1
-0.478	1	1
-0.479	1	1
-0.48	1	1
-0.481	1	1
-0.482	1	1
-0.483	1	1
-0.484	1	1
-0.485	1	1
-0.486	1	1
-0.487	1	1
-0.488	1	1
-0.489	1	1
-0.49	1	1
-0.491	1	1
-0.492	1	1
-0.493	1	1
-0.494	1	1
-0.495	1	1
-0.496	1	1
-0.497	1	1
-0.498	1	1
-0.499	1	1
-0.5	1	1
-0.501	1	1
-0.502	1	1
-0.503	1	1
-0.504	1	1
-0.505	1	1
-0.506	1	1
-0.507	1	1
-0.508	1	1
-0.509	1	1
-0.51	1	1
-0.511	1	1
-0.512	1	1
-0.513	1	1
-0.514	1	1
-0.515	1	1
-0.516	1	1
-0.517	1	1
-0.518	1	1
-0.519	1	1
-0.52	1	1
-0.521	1	1
-0.522	1	1
-0.523	1	1
-0.524	1	1
-0.525	1	1
-0.526	1	1
-0.527	1	1
-0.528	1	1
-0.529	1	1
-0.53	1	1
-0.531	1	1
-0.532	1	1
-0.533	1	1
-0.534	1	1
-0.535	1	1
-0.536	1	1
-0.537	1	1
-0.538	1	1
-0.539	1	1
-0.54	1	1
-0.541	1	1
-0.542	1	1
-0.543	1	1
-0.544	1	1
-0.545	1	1
-0.546	1	1
-0.547	1	1
-0.548	1	1
-0.549	1	1
-0.55	1	1
-0.551	1	1
-0.552	1	1
-0.553	1	1
-0.554	1	1
-0.555	1	1
-0.556	1	1
-0.557	1	1
-0.558	1	1
-0.559	1	1
-0.56	1	1
-0.561	1	1
-0.562	1	1
-0.563	1	1
-0.564	1	1
-0.565	1	1
-0.566	1	1
-0.567	1	1
-0.568	1	1
-0.569	1	1
-0.57	1	1
-0.571	1	1
-0.572	1	1
-0.573	1	1
-0.574	1	1
-0.575	1	1
-0.576	1	1
-0.577	1	1
-0.578	1	1
-0.579	1	1
-0.58	1	1
-0.581	1	1
-0.582	1	1
-0.583	1	1
-0.584	1	1
-0.585	1	1
-0.586	1	1
-0.587	1	1
-0.588	1	1
-0.589	1	1
-0.59	1	1
-0.591	1	1
-0.592	1	1
-0.593	1	1
-0.594	1	1
-0.595	1	1
-0.596	1	1
-0.597	1	1
-0.598	1	1
-0.599	1	1
-0.6	1	1
-0.601	1	1
-0.602	1	1
-0.603	1	1
-0.604	1	1
-0.605	1	1
-0.606	1	1
-0.607	1	1
-0.608	1	1
-0.609	1	1
-0.61	1	1
-0.611	1	1
-0.612	1	1
-0.613	1	1
-0.614	1	1
-0.615	1	1
-0.616	1	1
-0.617	1	1
-0.618	1	1
-0.619	1	1
-0.62	1	1
-0.621	1	1
-0.622	1	1
-0.623	1	1
-0.624	1	1
-0.625	1	1
-0.626	1	1
-0.627	1	1
-0.628	1	1
-0.629	1	1
-0.63	1	1
-0.631	1	1
-0.632	1	1
-0.633	1	1
-0.634	1	1
-0.635	1	1
-0.636	1	1
-0.637	1	1
-0.638	1	1
-0.639	1	1
-0.64	1	1
-0.641	1	1
-0.642	1	1
-0.643	1	1
-0.644	1	1
-0.645	1	1
-0.646	1	1
-0.647	1	1
-0.648	1	1
-0.649	1	1
-0.65	1	1
-0.651	1	1
-0.652	1	1
-0.653	1	1
-0.654	1	1
-0.655	1	1
-0.656	1	1
-0.657	1	1
-0.658	1	1
-0.659	1	1
-0.66	1	1
-0.661	1	1
-0.662	1	1
-0.663	1	1
-0.664	1	1
-0.665	1	1
-0.666	1	1
-0.667	1	1
-0.668	1	1
-0.669	1	1
-0.67	1	1
-0.671	1	1
-0.672	1	1
-0.673	1	1
-0.674	1	1
-0.675	1	1
-0.676	1	1
-0.677	1	1
-0.678	1	1
-0.679	1	1
-0.68	1	1
-0.681	1	1
-0.682	1	1
-0.683	1	1
-0.684	1	1
-0.685	1	1
-0.686	1	1
-0.687	1	1
-0.688	1	1
-0.689	1	1
-0.69	1	1
-0.691	1	1
-0.692	1	1
-0.693	1	1
-0.694	1	1
-0.695	1	1
-0.696	1	1
-0.697	1	1
-0.698	1	1
-0.699	1	1
-0.7	1	1
-0.701	1	1
-0.702	1	1
-0.703	1	1
-0.704	1	1
-0.705	1	1
-0.706	1	1
-0.707	1	1
-0.708	1	1
-0.709	1	1
-0.71	1	1
-0.711	1	1
-0.712	1	1
-0.713	1	1
-0.714	1	1
-0.715	1	1
-0.716	1	1
-0.717	1	1
-0.718	1	1
-0.719	1	1
-0.72	1	1
-0.721	1	1
-0.722	1	1
-0.723	1	1
-0.724	1	1
-0.725	1	1
-0.726	1	1
-0.727	1	1
-0.728	1	1
-0.729	1	1
-0.73	1	1
-0.731	1	1
-0.732	1	1
-0.733	1	1
-0.734	1	1
-0.735	1	1
-0.736	1	1
-0.737	1	1
-0.738	1	1
-0.739	1	1
-0.74	1	1
-0.741	1	1
-0.742	1	1
-0.743	1	1
-0.744	1	1
-0.745	1	1
-0.746	1	1
-0.747	1	1
-0.748	1	1
-0.749	1	1
-0.75	1	1
-0.751	1	1
-0.752	1	1
-0.753	1	1
-0.754	1	1
-0.755	1	1
-0.756	1	1
-0.757	1	1
-0.758	1	1
-0.759	1	1
-0.76	1	1
-0.761	1	1
-0.762	1	1
-0.763	1	1
-0.764	1	1
-0.765	1	1
-0.766	1	1
-0.767	1	1
-0.768	1	1
-0.769	1	1
-0.77	1	1
-0.771	1	1
-0.772	1	1
-0.773	1	1
-0.774	1	1
-0.775	1	1
-0.776	1	1
-0.777	1	1
-0.778	1	1
-0.779	1	1
-0.78	1	1
-0.781	1	1
-0.782	1	1
-0.783	1	1
-0.784	1	1
-0.785	1	1
-0.786	1	1
-0.787	1	1
-0.788	1	1
-0.789	1	1
-0.79	1	1
-0.791	1	1
-0.792	1	1
-0.793	1	1
-0.794	1	1
-0.795	1	1
-0.796	1	1
-0.797	1	1
-0.798	1	1
-0.799	1	1
-0.8	1	1
-0.801	1	1
-0.802	1	1
-0.803	1	1
-0.804	1	1
-0.805	1	1
-0.806	1	1
-0.807	1	1
-0.808	1	1
-0.809	1	1
-0.81	1	1
-0.811	1	1
-0.812	1	1
-0.813	1	1
-0.814	1	1
-0.815	1	1
-0.816	1	1
-0.817	1	1
-0.818	1	1
-0.819	1	1
-0.82	1	1
-0.821	1	1
-0.822	1	1
-0.823	1	1
-0.824	1	1
-0.825	1	1
-0.826	1	1
-0.827	1	1
-0.828	1	1
-0.829	1	1
-0.83	1	1
-0.831	1	1
-0.832	1	1
-0.833	1	1
-0.834	1	1
-0.835	1	1
-0.836	1	1
-0.837	1	1
-0.838	1	1
-0.839	1	1
-0.84	1	1
-0.841	1	1
-0.842	1	1
-0.843	1	1
-0.844	1	1
-0.845	1	1
-0.846	1	1
-0.847	1	1
-0.848	1	1
-0.849	1	1
-0.85	1	1
-0.851	1	1
-0.852	1	1
-0.853	1	1
-0.854	1	1
-0.855	1	1
-0.856	1	1
-0.857	1	1
-0.858	1	1
-0.859	1	1
-0.86	1	1
-0.861	1	1
-0.862	1	1
-0.863	1	1
-0.864	1	1
-0.865	1	1
-0.866	1	1
-0.867	1	1
-0.868	1	1
-0.869	1	1
-0.87	1	1
-0.871	1	1
-0.872	1	1
-0.873	1	1
-0.874	1	1
-0.875	1	1
-0.876	1	1
-0.877	1	1
-0.878	1	1
-0.879	1	1
-0.88	1	1
-0.881	1	1
-0.882	1	1
-0.883	1	1
-0.884	1	1
-0.885	1	1
-0.886	1	1
-0.887	1	1
-0.888	1	1
-0.889	1	1
-0.89	1	1
-0.891	1	1
-0.892	1	1
-0.893	1	1
-0.894	1	1
-0.895	1	1
-0.896	1	1
-0.897	1	1
-0.898	1	1
-0.899	1	1
-0.9	1	1
-0.901	1	1
-0.902	1	1
-0.903	1	1
-0.904	1	1
-0.905	1	1
-0.906	1	1
-0.907	1	1
-0.908	1	1
-0.909	1	1
-0.91	1	1
-0.911	1	1
-0.912	1	1
-0.913	1	1
-0.914	1	1
-0.915	1	1
-0.916	1	1
-0.917	1	1
-0.918	1	1
-0.919	1	1
-0.92	1	1
-0.921	1	1
-0.922	1	1
-0.923	1	1
-0.924	1	1
-0.925	1	1
-0.926	1	1
-0.927	1	1
-0.928	1	1
-0.929	1	1
-0.93	1	1
-0.931	1	1
-0.932	1	1
-0.933	1	1
-0.934	1	1
-0.935	1	1
-0.936	1	1
-0.937	1	1
-0.938	1	1
-0.939	1	1
-0.94	1	1
-0.941	1	1
-0.942	1	1
-0.943	1	1
-0.944	1	1
-0.945	1	1
-0.946	1	1
-0.947	1	1
-0.948	1	1
-0.949	1	1
-0.95	1	1
-0.951	1	1
-0.952	1	1
-0.953	1	1
-0.954	1	1
-0.955	1	1
-0.956	1	1
-0.957	1	1
-0.958	1	1
-0.959	1	1
-0.96	1	1
-0.961	1	1
-0.962	1	1
-0.963	1	1
-0.964	1	1
-0.965	1	1
-0.966	1	1
-0.967	1	1
-0.968	1	1
-0.969	1	1
-0.97	1	1
-0.971	1	1
-0.972	1	1
-0.973	1	1
-0.974	1	1
-0.975	1	1
-0.976	1	1
-0.977	1	1
-0.978	1	1
-0.979	1	1
-0.98	1	1
-0.981	1	1
-0.982	1	1
-0.983	1	1
-0.984	1	1
-0.985	1	1
-0.986	1	1
-0.987	1	1
-0.988	1	1
-0.989	1	1
-0.99	1	1
-0.991	1	1
-0.992	1	1
-0.993	1	1
-0.994	1	1
-0.995	1	1
-0.996	1	1
-0.997	1	1
-0.998	1	1
-0.999	1	1
-1	1	1
