threshold	FAR	TAR
0.999	0	0.0001750247952
0.998	0	0.0001750247952
0.997	0	0.0001750247952
0.996	0	0.0001833593092
0.995	0	0.0001833593092
0.994	0	0.0001833593092
0.993	0	0.0002000283373
0.992	0	0.0002083628514
0.991	0	0.0002250318795
0.99	0	0.0002417009076
0.989	0	0.0002500354217
0.988	0	0.0002500354217
0.987	0	0.0002750389639
0.986	0	0.0002750389639
0.985	0	0.0003083770201
0.984	0	0.0003250460482
0.983	0	0.0003333805622
0.982	0	0.0003583841044
0.981	0	0.0003833876466
0.98	0	0.0004083911888
0.979	0	0.0004167257028
0.978	0	0.000450063759
0.977	0	0.000450063759
0.976	0	0.0004834018153
0.975	0	0.0005000708434
0.974	0	0.0005084053574
0.973	0	0.0005417434137
0.972	0	0.0005667469558
0.971	0	0.0005750814699
0.97	0	0.0006250885542
0.969	0	0.0006334230683
0.968	0	0.0006584266104
0.967	0	0.0006917646667
0.966	0	0.0007251027229
0.965	0	0.0007251027229
0.964	0	0.000741771751
0.963	0	0.000741771751
0.962	0	0.0007667752932
0.961	0	0.0007751098072
0.96	0	0.0008084478634
0.959	0	0.0008334514056
0.958	0	0.0008584549478
0.957	0	0.00088345849
0.956	0	0.00088345849
0.955	0	0.0009167965462
0.954	0	0.0009418000883
0.953	0	0.0009418000883
0.952	0	0.0009668036305
0.951	0	0.0009918071727
0.95	0	0.001025145229
0.949	0	0.001041814257
0.948	0	0.001050148771
0.947	0	0.001050148771
0.946	0	0.001050148771
0.945	0	0.001066817799
0.944	0	0.001108490369
0.943	0	0.001108490369
0.942	0	0.001141828426
0.941	0	0.00115016294
0.94	0	0.001175166482
0.939	0	0.001216839052
0.938	0	0.001241842594
0.937	0	0.001275180651
0.936	0	0.001300184193
0.935	0	0.001350191277
0.934	0	0.001383529333
0.933	0	0.001408532875
0.932	0	0.00145853996
0.931	0	0.001466874474
0.93	0	0.001491878016
0.929	0	0.001516881558
0.928	0	0.001550219614
0.927	0	0.001591892185
0.926	0	0.001625230241
0.925	0	0.001675237325
0.924	0	0.00172524441
0.923	0	0.001750247952
0.922	0	0.00180858955
0.921	0	0.001833593092
0.92	0	0.001841927606
0.919	0	0.001875265663
0.918	0	0.001925272747
0.917	0	0.001975279831
0.916	0	0.00203362143
0.915	0	0.002058624972
0.914	0	0.002066959486
0.913	0	0.002091963028
0.912	0	0.002141970112
0.911	0	0.002166973655
0.91	0	0.002233649767
0.909	0	0.002291991365
0.908	0	0.002333663936
0.907	0	0.002375336506
0.906	0	0.002417009076
0.905	0	0.002458681647
0.904	0	0.002542026787
0.903	0	0.0026087029
0.902	0	0.002675379012
0.901	0	0.00273372061
0.9	0	0.002808731237
0.899	0	0.002850403807
0.898	0	0.00291707992
0.897	0	0.00295875249
0.896	0	0.003033763116
0.895	0	0.003075435687
0.894	0	0.003125442771
0.893	0	0.003192118884
0.892	0	0.003258794996
0.891	0	0.003342140137
0.89	0	0.003392147221
0.889	0	0.003467157847
0.888	0	0.003625513614
0.887	0	0.003658851671
0.886	0	0.003750531325
0.885	0	0.003825541952
0.884	0	0.003900552578
0.883	0	0.003983897719
0.882	0	0.004058908345
0.881	0	0.004158922514
0.88	0	0.004267271197
0.879	0	0.004358950851
0.878	0	0.004408957936
0.877	0	0.004492303076
0.876	0	0.004567313703
0.875	0	0.004633989815
0.874	0	0.00472566947
0.873	0	0.004775676554
0.872	0	0.004834018153
0.871	0	0.004909028779
0.87	0	0.005017377462
0.869	0	0.005125726145
0.868	0	0.005217405799
0.867	0	0.00530075094
0.866	0	0.005409099622
0.865	0	0.005467441221
0.864	0	0.005584124418
0.863	0	0.005700807614
0.862	0	0.005825825325
0.861	0	0.005934174008
0.86	0	0.006017519149
0.859	0	0.006109198803
0.858	0	0.006225882
0.857	0	0.006392572281
0.856	0	0.006484251936
0.855	0	0.006634273189
0.854	0	0.006725952843
0.853	0	0.006892643124
0.852	0	0.007025995349
0.851	0	0.007184351116
0.85	0	0.007359375912
0.849	0	0.007526066193
0.848	0	0.007667752932
0.847	0	0.007792770643
0.846	0	0.008001133494
0.845	0	0.008101147663
0.844	0	0.008317845028
0.843	0	0.008501204337
0.842	0	0.00865122559
0.841	0	0.008851253928
0.84	0	0.009026278723
0.839	0	0.009192969004
0.838	0	0.009334655743
0.837	0	0.009468007968
0.836	0	0.009659701791
0.835	0	0.009809723044
0.834	0	0.01007642749
0.833	0	0.0102597868
0.832	0	0.01045148063
0.831	0	0.01064317445
0.83	0	0.01080153022
0.829	0	0.01099322404
0.828	0	0.01117658335
0.827	0	0.0113849462
0.826	0	0.01158497454
0.825	0	0.01186834802
0.824	0	0.01217672504
0.823	0	0.01240175692
0.822	0	0.0125684472
0.821	0	0.01278514456
0.82	0	0.01289349324
0.819	0	0.0131018561
0.818	8.33416675e-10	0.01339356409
0.817	1.66683335e-09	0.01361026145
0.816	1.66683335e-09	0.01380195528
0.815	1.66683335e-09	0.01409366327
0.814	1.66683335e-09	0.01434369869
0.813	1.66683335e-09	0.01456873057
0.812	1.66683335e-09	0.01491878016
0.811	1.66683335e-09	0.01520215364
0.81	1.66683335e-09	0.0154771926
0.809	2.500250025e-09	0.01575223157
0.808	2.500250025e-09	0.01604393956
0.807	2.500250025e-09	0.01621896435
0.806	2.500250025e-09	0.01651900686
0.805	2.500250025e-09	0.01680238034
0.804	2.500250025e-09	0.01708575382
0.803	2.500250025e-09	0.01730245118
0.802	2.500250025e-09	0.01769417334
0.801	2.500250025e-09	0.01811089904
0.8	2.500250025e-09	0.01840260704
0.799	2.500250025e-09	0.01859430086
0.798	2.500250025e-09	0.01894435045
0.797	2.500250025e-09	0.01921938941
0.796	2.500250025e-09	0.01951943192
0.795	2.500250025e-09	0.01977780186
0.794	2.500250025e-09	0.02006950985
0.793	3.3336667e-09	0.02031954527
0.792	3.3336667e-09	0.02078627806
0.791	3.3336667e-09	0.0211113241
0.79	3.3336667e-09	0.02150304626
0.789	4.167083375e-09	0.02181142328
0.788	4.167083375e-09	0.02220314545
0.787	4.167083375e-09	0.02256152955
0.786	4.167083375e-09	0.02300325879
0.785	4.167083375e-09	0.02336997741
0.784	5.00050005e-09	0.02384504471
0.783	5.00050005e-09	0.02417009076
0.782	5.00050005e-09	0.02451180584
0.781	5.00050005e-09	0.02486185543
0.78	5.00050005e-09	0.02524524308
0.779	5.833916725e-09	0.02567030329
0.778	5.833916725e-09	0.02617870865
0.777	6.6673334e-09	0.02668711401
0.776	6.6673334e-09	0.02702882908
0.775	7.500750075e-09	0.02737054416
0.774	9.167583425e-09	0.02772059375
0.773	9.167583425e-09	0.02818732654
0.772	9.167583425e-09	0.02859571773
0.771	9.167583425e-09	0.02897910537
0.77	9.167583425e-09	0.02949584524
0.769	9.167583425e-09	0.02997091255
0.768	9.167583425e-09	0.03043764533
0.767	9.167583425e-09	0.03098772326
0.766	1.00010001e-08	0.03146279056
0.765	1.00010001e-08	0.03198786495
0.764	1.083441678e-08	0.03247126676
0.763	1.083441678e-08	0.03297133761
0.762	1.083441678e-08	0.03344640491
0.761	1.250125013e-08	0.03390480318
0.76	1.250125013e-08	0.03439653951
0.759	1.250125013e-08	0.0348632723
0.758	1.33346668e-08	0.03535500863
0.757	1.33346668e-08	0.03592175558
0.756	1.33346668e-08	0.03645516448
0.755	1.416808348e-08	0.03708858755
0.754	1.416808348e-08	0.03764699999
0.753	1.416808348e-08	0.03815540535
0.752	1.583491683e-08	0.0388388355
0.751	1.750175018e-08	0.03936390989
0.75	1.750175018e-08	0.03999733296
0.749	1.833516685e-08	0.04070576665
0.748	1.833516685e-08	0.04122250652
0.747	1.833516685e-08	0.04188093313
0.746	1.833516685e-08	0.04243101106
0.745	1.833516685e-08	0.04285607128
0.744	1.833516685e-08	0.04341448372
0.743	1.833516685e-08	0.04403957227
0.742	1.833516685e-08	0.04468132986
0.741	1.916858353e-08	0.0452397423
0.74	1.916858353e-08	0.04584816182
0.739	2.00020002e-08	0.04648158489
0.738	2.00020002e-08	0.04716501504
0.737	2.00020002e-08	0.04769008943
0.736	2.083541688e-08	0.04834851604
0.735	2.083541688e-08	0.04897360459
0.734	2.166883355e-08	0.04974037989
0.733	2.166883355e-08	0.0503404649
0.732	2.250225023e-08	0.05096555345
0.731	2.33356669e-08	0.05172399423
0.73	2.33356669e-08	0.05245743147
0.729	2.416908358e-08	0.05315753065
0.728	2.583591693e-08	0.05391597143
0.727	2.583591693e-08	0.05452439096
0.726	2.583591693e-08	0.05517448305
0.725	2.583591693e-08	0.0559162548
0.724	2.583591693e-08	0.0566246885
0.723	2.583591693e-08	0.05730811865
0.722	2.583591693e-08	0.05804155589
0.721	2.833616695e-08	0.05881666569
0.72	2.916958363e-08	0.05963344807
0.719	2.916958363e-08	0.06065025879
0.718	3.00030003e-08	0.0613086854
0.717	3.083641698e-08	0.06215880583
0.716	3.083641698e-08	0.06294225015
0.715	3.166983365e-08	0.0637423635
0.714	3.166983365e-08	0.06451747331
0.713	3.166983365e-08	0.06530091763
0.712	3.250325033e-08	0.0660510239
0.711	3.417008368e-08	0.06677612662
0.71	3.417008368e-08	0.06745955677
0.709	3.417008368e-08	0.06810131435
0.708	3.500350035e-08	0.06885975513
0.707	3.500350035e-08	0.06965153397
0.706	3.500350035e-08	0.0704433128
0.705	3.500350035e-08	0.07121842261
0.704	3.833716705e-08	0.07197686339
0.703	3.917058373e-08	0.07272696965
0.702	4.00040004e-08	0.07366043523
0.701	4.167083375e-08	0.07463557337
0.7	4.250425043e-08	0.07554403541
0.699	4.417108378e-08	0.07646916647
0.698	4.417108378e-08	0.07736929398
0.697	4.500450045e-08	0.07831109407
0.696	4.583791713e-08	0.07923622513
0.695	4.750475048e-08	0.08013635265
0.694	4.917158383e-08	0.08117816691
0.693	5.083841718e-08	0.08209496345
0.692	5.167183385e-08	0.08302842903
0.691	5.167183385e-08	0.0840202362
0.69	5.250525053e-08	0.0849703708
0.689	5.417208388e-08	0.08583716026
0.688	5.583891723e-08	0.08684563647
0.687	5.66723339e-08	0.08783744364
0.686	5.66723339e-08	0.08877090921
0.685	5.833916725e-08	0.08980438896
0.684	6.00060006e-08	0.09088787578
0.683	6.167283395e-08	0.09181300684
0.682	6.167283395e-08	0.0928548211
0.681	6.167283395e-08	0.09389663536
0.68	6.250625063e-08	0.09501346024
0.679	6.33396673e-08	0.09620529575
0.678	6.417308398e-08	0.09733045515
0.677	6.583991733e-08	0.09834726586
0.676	6.583991733e-08	0.09951409783
0.675	6.6673334e-08	0.1006142537
0.674	6.834016735e-08	0.1016644025
0.673	7.00070007e-08	0.1028228999
0.672	7.084041738e-08	0.1040230699
0.671	7.33406674e-08	0.105256578
0.67	7.417408408e-08	0.1063483994
0.669	7.500750075e-08	0.1074652242
0.668	7.584091743e-08	0.1087404049
0.667	7.750775078e-08	0.1099989165
0.666	7.834116745e-08	0.1110240617
0.665	7.834116745e-08	0.1123242459
0.664	8.00080008e-08	0.113541085
0.663	8.084141748e-08	0.1147662586
0.662	8.167483415e-08	0.1158830834
0.661	8.584191753e-08	0.117124926
0.66	8.750875088e-08	0.1183167615
0.659	8.834216755e-08	0.1194669245
0.658	9.084241758e-08	0.1205254078
0.657	9.084241758e-08	0.1218089229
0.656	9.084241758e-08	0.1229257478
0.655	9.250925093e-08	0.1241425869
0.654	9.417608428e-08	0.125426102
0.653	9.66763343e-08	0.1266179375
0.652	9.750975098e-08	0.1280931465
0.651	9.917658433e-08	0.1296433661
0.65	1.00010001e-07	0.1311185751
0.649	1.050105011e-07	0.1325187735
0.648	1.091775844e-07	0.1339106373
0.647	1.091775844e-07	0.1351774835
0.646	1.108444178e-07	0.1365860164
0.645	1.150115012e-07	0.137844528
0.644	1.158449178e-07	0.1391113741
0.643	1.183451679e-07	0.1403865548
0.642	1.191785845e-07	0.1418867673
0.641	1.233456679e-07	0.1433869798
0.64	1.250125013e-07	0.1446371569
0.639	1.266793346e-07	0.1460456898
0.638	1.291795846e-07	0.1475375678
0.637	1.291795846e-07	0.1488460865
0.636	1.300130013e-07	0.1501379362
0.635	1.30846418e-07	0.1516964903
0.634	1.366803347e-07	0.153296717
0.633	1.375137514e-07	0.1548302676
0.632	1.400140014e-07	0.1563388147
0.631	1.408474181e-07	0.1578306927
0.63	1.416808348e-07	0.1592475601
0.629	1.441810848e-07	0.1609478009
0.628	1.466813348e-07	0.1625146896
0.627	1.500150015e-07	0.1639982331
0.626	1.541820849e-07	0.1656067943
0.625	1.541820849e-07	0.1672570281
0.624	1.550155016e-07	0.1688322512
0.623	1.558489182e-07	0.1703157947
0.622	1.575157516e-07	0.1720660427
0.621	1.591825849e-07	0.1732662127
0.62	1.591825849e-07	0.1748747739
0.619	1.608494183e-07	0.1765083387
0.618	1.61682835e-07	0.178150238
0.617	1.61682835e-07	0.1798671478
0.616	1.658499183e-07	0.1814923781
0.615	1.66683335e-07	0.1831259428
0.614	1.675167517e-07	0.184976205
0.613	1.69183585e-07	0.1865764317
0.612	1.700170017e-07	0.1880933132
0.611	1.716838351e-07	0.189743547
0.61	1.733506684e-07	0.1916021436
0.609	1.741840851e-07	0.1933690606
0.608	1.750175018e-07	0.195094305
0.607	1.783511685e-07	0.1969612362
0.606	1.800180018e-07	0.1987948293
0.605	1.833516685e-07	0.2004033905
0.604	1.858519185e-07	0.2022703216
0.603	1.858519185e-07	0.2039372244
0.602	1.891855852e-07	0.2056624688
0.601	1.900190019e-07	0.2074793929
0.6	1.916858353e-07	0.2092379754
0.599	1.933526686e-07	0.2108715401
0.598	1.958529186e-07	0.2126217881
0.597	1.991865853e-07	0.2144553812
0.596	2.033536687e-07	0.2161722911
0.595	2.041870854e-07	0.2180308877
0.594	2.041870854e-07	0.2198061392
0.593	2.066873354e-07	0.2216647358
0.592	2.083541688e-07	0.2235983431
0.591	2.108544188e-07	0.2254819433
0.59	2.108544188e-07	0.2272488603
0.589	2.125212521e-07	0.2291407949
0.588	2.183551689e-07	0.2310910712
0.587	2.216888356e-07	0.2327913121
0.586	2.250225023e-07	0.2346915813
0.585	2.266893356e-07	0.2365335089
0.584	2.30856419e-07	0.2384421126
0.583	2.30856419e-07	0.2403507164
0.582	2.366903357e-07	0.2421009643
0.581	2.416908358e-07	0.2439428919
0.58	2.416908358e-07	0.2457014744
0.579	2.475247525e-07	0.2478017719
0.578	2.525252525e-07	0.2497520482
0.577	2.533586692e-07	0.2515439687
0.576	2.550255026e-07	0.2534192344
0.575	2.608594193e-07	0.2553861797
0.574	2.650265027e-07	0.257353125
0.573	2.69193586e-07	0.2593700774
0.572	2.716938361e-07	0.2613953643
0.571	2.758609194e-07	0.2633373061
0.57	2.791945861e-07	0.2651875682
0.569	2.866953362e-07	0.26712951
0.568	2.908624196e-07	0.2690631173
0.567	2.95029503e-07	0.2708300343
0.566	2.966963363e-07	0.2730136769
0.565	2.991965863e-07	0.2749806223
0.564	3.050305031e-07	0.2767558737
0.563	3.091975864e-07	0.2788395023
0.562	3.116978365e-07	0.2808314511
0.561	3.166983365e-07	0.2828984106
0.56	3.191985865e-07	0.2847320037
0.559	3.225322532e-07	0.2867822942
0.558	3.266993366e-07	0.2887159014
0.557	3.300330033e-07	0.2908745406
0.556	3.3086642e-07	0.2929415
0.555	3.342000867e-07	0.2950584666
0.554	3.367003367e-07	0.2968587217
0.553	3.400340034e-07	0.298825667
0.552	3.425342534e-07	0.3007509397
0.551	3.467013368e-07	0.3028012302
0.55	3.500350035e-07	0.304468133
0.549	3.533686702e-07	0.3068184659
0.548	3.558689202e-07	0.3088520874
0.547	3.608694203e-07	0.3110357301
0.546	3.658699203e-07	0.3132943834
0.545	3.69203587e-07	0.3151863181
0.544	3.742040871e-07	0.3171949359
0.543	3.783711705e-07	0.3193369061
0.542	3.833716705e-07	0.3213538585
0.541	3.850385039e-07	0.3233208038
0.54	3.883721706e-07	0.3253127526
0.539	3.933726706e-07	0.3275297334
0.538	3.967063373e-07	0.3296550345
0.537	4.008734207e-07	0.3318303426
0.536	4.058739207e-07	0.3341139995
0.535	4.108744208e-07	0.3362476351
0.534	4.167083375e-07	0.3384062742
0.533	4.200420042e-07	0.3406315895
0.532	4.258759209e-07	0.3426902144
0.531	4.28376171e-07	0.3445904837
0.53	4.300430043e-07	0.3465824325
0.529	4.325432543e-07	0.3487410717
0.528	4.417108378e-07	0.3509413834
0.527	4.417108378e-07	0.3530250119
0.526	4.492115878e-07	0.355150313
0.525	4.533786712e-07	0.3571255928
0.524	4.575457546e-07	0.3592258903
0.523	4.633796713e-07	0.361392864
0.522	4.66713338e-07	0.363451489
0.521	4.69213588e-07	0.3656351316
0.52	4.767143381e-07	0.3680104681
0.519	4.817148382e-07	0.3703608011
0.518	4.842150882e-07	0.3724610987
0.517	4.867153382e-07	0.3747614245
0.516	4.917158383e-07	0.3771700991
0.515	4.958829216e-07	0.3793870798
0.514	4.97549755e-07	0.3816624022
0.513	5.00050005e-07	0.3838543794
0.512	5.067173384e-07	0.386004684
0.511	5.092175884e-07	0.3884717002
0.51	5.117178385e-07	0.3906553428
0.509	5.167183385e-07	0.3927723094
0.508	5.208854219e-07	0.3950392972
0.507	5.258859219e-07	0.3972979505
0.506	5.30886422e-07	0.3994732587
0.505	5.383871721e-07	0.4017235775
0.504	5.417208388e-07	0.4040072344
0.503	5.450545055e-07	0.4060158522
0.502	5.475547555e-07	0.4081661569
0.501	5.542220889e-07	0.410633173
0.5	5.61722839e-07	0.4127334706
0.499	5.69223589e-07	0.4150337965
0.498	5.783911725e-07	0.4170840869
0.497	5.842250892e-07	0.4192343915
0.496	5.883921726e-07	0.421559721
0.495	5.908924226e-07	0.4236100114
0.494	5.942260893e-07	0.4258019886
0.493	5.983931727e-07	0.4279772968
0.492	6.050605061e-07	0.430185943
0.491	6.092275894e-07	0.4326362901
0.49	6.158949228e-07	0.4350449647
0.489	6.183951729e-07	0.4370202445
0.488	6.250625063e-07	0.4395372678
0.487	6.28396173e-07	0.4415125476
0.486	6.35896923e-07	0.4437628664
0.485	6.408974231e-07	0.4460131852
0.484	6.492315898e-07	0.4482968421
0.483	6.592325899e-07	0.4504388122
0.482	6.6423309e-07	0.4526974655
0.481	6.725672567e-07	0.4548811082
0.48	6.759009234e-07	0.456889726
0.479	6.825682568e-07	0.458931682
0.478	6.892355902e-07	0.4610569831
0.477	6.95069507e-07	0.4634739921
0.476	7.009034237e-07	0.4656909729
0.475	7.084041738e-07	0.467816274
0.474	7.159049238e-07	0.4701165999
0.473	7.259059239e-07	0.4724002567
0.472	7.30906424e-07	0.4745755649
0.471	7.375737574e-07	0.4768425527
0.47	7.450745075e-07	0.4790511989
0.469	7.509084242e-07	0.4811848345
0.468	7.584091743e-07	0.4834268188
0.467	7.675767577e-07	0.4857771518
0.466	7.700770077e-07	0.4881941608
0.465	7.775777578e-07	0.4901861097
0.464	7.850785079e-07	0.492153055
0.463	7.909124246e-07	0.4944950535
0.462	7.959129246e-07	0.4968370519
0.461	8.02580258e-07	0.4991540468
0.46	8.109144248e-07	0.5012293408
0.459	8.167483415e-07	0.5033546419
0.458	8.242490916e-07	0.5055299501
0.457	8.300830083e-07	0.5075469025
0.456	8.342500917e-07	0.5098722319
0.455	8.392505917e-07	0.5121225507
0.454	8.467513418e-07	0.5144062075
0.453	8.550855086e-07	0.5167148679
0.452	8.634196753e-07	0.518806831
0.451	8.717538421e-07	0.5207571073
0.45	8.859219255e-07	0.5227657251
0.449	8.925892589e-07	0.5248076811
0.448	9.050905091e-07	0.5268829751
0.447	9.150915092e-07	0.5290416142
0.446	9.200920092e-07	0.5313419401
0.445	9.300930093e-07	0.533350558
0.444	9.400940094e-07	0.5356092113
0.443	9.534286762e-07	0.5377678504
0.442	9.66763343e-07	0.5397848028
0.441	9.784311765e-07	0.541943442
0.44	9.884321766e-07	0.544018736
0.439	1.00010001e-06	0.5460106848
0.438	1.009267593e-06	0.5480943134
0.437	1.02510251e-06	0.550261287
0.436	1.03760376e-06	0.5523115775
0.435	1.050105011e-06	0.554428544
0.434	1.068440177e-06	0.5564621655
0.433	1.080108011e-06	0.5585874666
0.432	1.095942928e-06	0.5606710951
0.431	1.106777344e-06	0.5627380546
0.43	1.117611761e-06	0.5648300176
0.429	1.125945928e-06	0.5667136178
0.428	1.145947928e-06	0.5687389047
0.427	1.163449678e-06	0.5706475084
0.426	1.181784845e-06	0.5725561121
0.425	1.205953929e-06	0.574548061
0.424	1.217621762e-06	0.5764149921
0.423	1.234290096e-06	0.5784986206
0.422	1.250958429e-06	0.5805905837
0.421	1.270960429e-06	0.5826158706
0.42	1.290129013e-06	0.5846911646
0.419	1.311797846e-06	0.5865997683
0.418	1.336800347e-06	0.5885500446
0.417	1.359302597e-06	0.5903836377
0.416	1.38097143e-06	0.5923422485
0.415	1.408474181e-06	0.594150838
0.414	1.431809848e-06	0.5963844878
0.413	1.460146015e-06	0.598559796
0.412	1.480981431e-06	0.6004267271
0.411	1.508484182e-06	0.602435345
0.41	1.534320099e-06	0.6044106248
0.409	1.560989432e-06	0.606260887
0.408	1.580991432e-06	0.608061142
0.407	1.617661766e-06	0.6101281015
0.406	1.645164516e-06	0.6120783778
0.405	1.677667767e-06	0.6140536576
0.404	1.7093376e-06	0.6159205888
0.403	1.754342101e-06	0.6176875057
0.402	1.790179018e-06	0.619621113
0.401	1.825182518e-06	0.6215713893
0.4	1.861019435e-06	0.6234133169
0.399	1.910191019e-06	0.6252385755
0.398	1.961862853e-06	0.6267804606
0.397	2.016868354e-06	0.6284140253
0.396	2.071040437e-06	0.6301392697
0.395	2.123545688e-06	0.6320395389
0.394	2.170217022e-06	0.6339481427
0.393	2.220222022e-06	0.6358817499
0.392	2.271893856e-06	0.637682005
0.391	2.335233523e-06	0.6395656051
0.39	2.386071941e-06	0.641540885
0.389	2.475247525e-06	0.6432577949
0.388	2.545254525e-06	0.6449747047
0.387	2.611927859e-06	0.6468333014
0.386	2.686101944e-06	0.6484085245
0.385	2.769443611e-06	0.6503254628
0.384	2.856118945e-06	0.6520840452
0.383	2.956128946e-06	0.6537509481
0.382	3.057805781e-06	0.6558012385
0.381	3.146981365e-06	0.6575681555
0.38	3.253658699e-06	0.6592600618
0.379	3.37117045e-06	0.6609603027
0.378	3.483681702e-06	0.6628439029
0.377	3.603693703e-06	0.6645774818
0.376	3.70953762e-06	0.6665110891
0.375	3.838717205e-06	0.6683030096
0.374	3.966229956e-06	0.6699615779
0.373	4.124579125e-06	0.6716451497
0.372	4.270427043e-06	0.6733620596
0.371	4.421275461e-06	0.6750789695
0.37	4.577957796e-06	0.6767708759
0.369	4.738807214e-06	0.6786128035
0.368	4.922992299e-06	0.6802380337
0.367	5.122178885e-06	0.6820549578
0.366	5.33886722e-06	0.6837635332
0.365	5.550555056e-06	0.6852887492
0.364	5.784745141e-06	0.6869806556
0.363	6.012267893e-06	0.6886392239
0.362	6.269793646e-06	0.6904311444
0.361	6.536486982e-06	0.6922063959
0.36	6.805680568e-06	0.6938149571
0.359	7.070707071e-06	0.6954651909
0.358	7.397406407e-06	0.6971654318
0.357	7.696602994e-06	0.6986406408
0.356	8.004133747e-06	0.7003742197
0.355	8.3516685e-06	0.7019994499
0.354	8.68503517e-06	0.7034913279
0.353	9.037570424e-06	0.704983206
0.352	9.396773011e-06	0.7064250769
0.351	9.807647431e-06	0.7079919655
0.35	1.02410241e-05	0.7094171674
0.349	1.068773544e-05	0.7111174083
0.348	1.113027969e-05	0.7126509589
0.347	1.161366137e-05	0.714192844
0.346	1.210704404e-05	0.7157847362
0.345	1.264626463e-05	0.7172182726
0.344	1.317881788e-05	0.7187518232
0.343	1.375887589e-05	0.7202353667
0.342	1.436643664e-05	0.7216522341
0.341	1.501150115e-05	0.7233524749
0.34	1.571490482e-05	0.7250860539
0.339	1.639663966e-05	0.7264029071
0.338	1.709254259e-05	0.7279031196
0.337	1.788012135e-05	0.7296700366
0.336	1.864019735e-05	0.7309868898
0.335	1.947194719e-05	0.7324954369
0.334	2.038453845e-05	0.7339289733
0.333	2.129879655e-05	0.7350874707
0.332	2.221472147e-05	0.7366043523
0.331	2.32456579e-05	0.7377878533
0.33	2.424992499e-05	0.7391963862
0.329	2.535086842e-05	0.7406549261
0.328	2.64393106e-05	0.7421468041
0.327	2.757275728e-05	0.7435053299
0.326	2.881454812e-05	0.7446804964
0.325	3.012717938e-05	0.7458223248
0.324	3.144481115e-05	0.7472225232
0.323	3.288828883e-05	0.7486393906
0.322	3.438343834e-05	0.7498395606
0.321	3.596192953e-05	0.7511647483
0.32	3.759292596e-05	0.7525149396
0.319	3.931726506e-05	0.7538984689
0.318	4.108577524e-05	0.7554486886
0.317	4.287428743e-05	0.7568155489
0.316	4.480864753e-05	0.7583157614
0.315	4.682468247e-05	0.7596492836
0.314	4.891739174e-05	0.7608494537
0.313	5.108010801e-05	0.7621913104
0.312	5.338700537e-05	0.7636748539
0.311	5.579807981e-05	0.7648166824
0.31	5.831749842e-05	0.7659501763
0.309	6.099526619e-05	0.767242026
0.308	6.365553222e-05	0.7686755624
0.307	6.646914691e-05	0.7697590492
0.306	6.948861553e-05	0.7710675679
0.305	7.256809014e-05	0.7723677521
0.304	7.585425209e-05	0.7735512531
0.303	7.915124846e-05	0.7747264196
0.302	8.262159549e-05	0.7759765967
0.301	8.62152882e-05	0.7771017561
0.3	8.987815448e-05	0.7782269155
0.299	9.378354502e-05	0.7793687439
0.298	9.793646031e-05	0.7805439104
0.297	0.0001021268794	0.7816940733
0.296	0.0001064856486	0.7828692398
0.295	0.0001110977764	0.7840360718
0.294	0.000116073274	0.7851612312
0.293	0.0001210779411	0.7862363835
0.292	0.0001263809714	0.7874365535
0.291	0.0001318640197	0.7884200262
0.29	0.0001375912591	0.7895785236
0.289	0.0001435501884	0.7906786795
0.288	0.0001497866453	0.7917371628
0.287	0.0001561689502	0.7929706708
0.286	0.0001627887789	0.7940208196
0.285	0.0001698153149	0.7952209896
0.284	0.000177070207	0.796312811
0.283	0.0001845617895	0.7973462907
0.282	0.0001924625796	0.7984297776
0.281	0.0002006517318	0.7995215989
0.28	0.0002091300797	0.8005384096
0.279	0.0002179917992	0.8016885725
0.278	0.0002272468914	0.8029137461
0.277	0.0002368411841	0.8039972329
0.276	0.0002469571957	0.8050390472
0.275	0.0002573515685	0.806105865
0.274	0.0002681426476	0.8070476651
0.273	0.0002794671134	0.8080144687
0.272	0.000291003267	0.8090812865
0.271	0.0003032519919	0.8100564247
0.27	0.0003160991099	0.8109732212
0.269	0.0003292970964	0.8119733629
0.268	0.0003427642764	0.812931832
0.267	0.00035686652	0.8138986356
0.266	0.0003718063473	0.8149571189
0.265	0.0003870795413	0.8158572464
0.264	0.0004029544621	0.8169073952
0.263	0.000419463613	0.8177908537
0.262	0.0004368878555	0.8186159706
0.261	0.0004548154815	0.819466091
0.26	0.0004732773277	0.8203828876
0.259	0.0004927617762	0.8211663319
0.258	0.0005129637964	0.8220414559
0.257	0.0005338683868	0.8228999108
0.256	0.0005554097076	0.8237833693
0.255	0.0005779886322	0.8246501588
0.254	0.0006014918158	0.8255419518
0.253	0.0006257184052	0.8264754174
0.252	0.0006510251025	0.8274338865
0.251	0.0006772627263	0.8282590034
0.25	0.0007044846151	0.8291257928
0.249	0.0007328557856	0.8299175717
0.248	0.0007619620295	0.8308843753
0.247	0.0007923125646	0.831592809
0.246	0.000823709871	0.8325846162
0.245	0.0008565198186	0.8333430569
0.244	0.0008903740374	0.8341348358
0.243	0.0009255933927	0.8351183084
0.242	0.0009621987199	0.8358517457
0.241	0.0009998458179	0.8364935032
0.24	0.001038919725	0.8371769334
0.239	0.001079672134	0.8380520574
0.238	0.001121785512	0.8388438362
0.237	0.001165247358	0.8396272805
0.236	0.001210338534	0.8403857213
0.235	0.001257075708	0.8412108382
0.234	0.001306298963	0.8420109516
0.233	0.001356961529	0.8427277198
0.232	0.001409340934	0.8435528367
0.231	0.001463528853	0.8442696049
0.23	0.001519238591	0.844953035
0.229	0.001577261893	0.8456864723
0.228	0.001637112045	0.8463782369
0.227	0.001699541621	0.8471200087
0.226	0.001764310598	0.8477701008
0.225	0.001831007267	0.8483868548
0.224	0.001900346701	0.8490619504
0.223	0.001971778845	0.8497870532
0.222	0.002046201287	0.8505121559
0.221	0.002122550588	0.8511539135
0.22	0.002201796013	0.8518540127
0.219	0.00228403257	0.8524540977
0.218	0.00236913108	0.8530125101
0.217	0.002456854019	0.8537126093
0.216	0.002548424842	0.8544710501
0.215	0.002642354235	0.8551294767
0.214	0.002739416442	0.8558879175
0.213	0.002840136514	0.856529675
0.212	0.002944298597	0.8570630839
0.211	0.003051706837	0.8577548486
0.21	0.003162829616	0.8583549336
0.209	0.003278383672	0.8589633531
0.208	0.003396927193	0.8595384346
0.207	0.003520438711	0.8601468541
0.206	0.003648219822	0.8606885976
0.205	0.003780238857	0.8613303551
0.204	0.003916093276	0.8619721127
0.203	0.004056411474	0.8625388597
0.202	0.004201982698	0.8631472792
0.201	0.004353027803	0.8638807164
0.2	0.0045079958	0.8643891218
0.199	0.004668200987	0.8649725378
0.198	0.004833749208	0.865397598
0.197	0.005005173017	0.8659643449
0.196	0.005182434077	0.86656443
0.195	0.00536536487	0.8672395256
0.194	0.005553742874	0.8677145929
0.193	0.005748749042	0.8681813257
0.192	0.005950459213	0.8686813965
0.191	0.006157709104	0.8693231541
0.19	0.006372325566	0.869873232
0.189	0.006592874287	0.870456648
0.188	0.006821472147	0.871023395
0.187	0.007056398973	0.8716318145
0.186	0.0072990049	0.8720902128
0.185	0.007549447445	0.8725902836
0.184	0.007808165817	0.873132027
0.183	0.008074819982	0.8736571014
0.182	0.008350405041	0.87428219
0.181	0.008633986732	0.8748322679
0.18	0.008926387639	0.8754323529
0.179	0.009226928526	0.8759157547
0.178	0.009538163816	0.8764074911
0.177	0.00985760326	0.876990907
0.176	0.01018816632	0.8774576398
0.175	0.01052920375	0.8780160523
0.174	0.01087921876	0.8785244576
0.173	0.01123935977	0.8789661869
0.172	0.01161207787	0.8793745781
0.171	0.01199655716	0.8798579799
0.17	0.01239139497	0.8803413817
0.169	0.0127976831	0.8807581074
0.168	0.0132160166	0.8812415092
0.167	0.01364711638	0.8817832526
0.166	0.01409193836	0.8823416651
0.165	0.01454852319	0.8828417359
0.164	0.01501881355	0.8832667961
0.163	0.01550196186	0.8837251944
0.162	0.0159990224	0.8841252511
0.161	0.01651054272	0.88465866
0.16	0.0170377046	0.8851920689
0.159	0.01757967547	0.8857171433
0.158	0.0181353152	0.8861588725
0.157	0.01870837	0.8865422602
0.156	0.01929853402	0.8870506655
0.155	0.01990353369	0.8875340673
0.154	0.02052628846	0.887934124
0.153	0.02116556156	0.8883341807
0.152	0.0218223214	0.8886758958
0.151	0.0224990149	0.889100956
0.15	0.02319119079	0.8895343507
0.149	0.02390439877	0.8900344215
0.148	0.02463656699	0.8905344924
0.147	0.02538824466	0.8910512323
0.146	0.02615993849	0.8915596376
0.145	0.02695255609	0.8919180217
0.144	0.02776637997	0.892409758
0.143	0.02860216188	0.8929014944
0.142	0.02945914841	0.8933598927
0.141	0.0303373429	0.8937849529
0.14	0.03124007651	0.8941350025
0.139	0.03216351802	0.8946017352
0.138	0.03311204537	0.8950934716
0.137	0.03408432093	0.8955435353
0.136	0.03508186652	0.8959935991
0.135	0.03610393873	0.8964186593
0.134	0.0371523394	0.8969020611
0.133	0.03822640014	0.8973854629
0.132	0.03932858619	0.8979105373
0.131	0.0404566565	0.8983689356
0.13	0.04161136114	0.8989606861
0.129	0.04279413941	0.8993190702
0.128	0.04400678985	0.8998524791
0.127	0.04524833817	0.9002858738
0.126	0.04651808014	0.9006692615
0.125	0.04781855686	0.9011443288
0.124	0.0491517135	0.9017444138
0.123	0.05051341801	0.9022444846
0.122	0.05190706821	0.90275289
0.121	0.05333225406	0.9032446263
0.12	0.05479097493	0.9037196936
0.119	0.05628145898	0.9042197645
0.118	0.05780621479	0.9046864973
0.117	0.05936521485	0.9051615646
0.116	0.0609580283	0.9057283115
0.115	0.06258495266	0.9061950443
0.114	0.06425152432	0.9067201187
0.113	0.06595274527	0.9071618479
0.112	0.06768960229	0.9077619329
0.111	0.0694623629	0.9082119967
0.11	0.07127288646	0.9087204021
0.109	0.07312092209	0.9092038039
0.108	0.07500894506	0.9096205296
0.107	0.07693445095	0.9101539385
0.106	0.07890110928	0.9106206713
0.105	0.08090683485	0.9110207279
0.104	0.08295453379	0.911362443
0.103	0.08504095826	0.9117791687
0.102	0.08717026286	0.912220898
0.101	0.08933964313	0.9126959653
0.1	0.0915506809	0.9132543777
0.099	0.09380567723	0.9136961069
0.098	0.09610186269	0.9141628397
0.097	0.09844183168	0.9146712451
0.096	0.1008248116	0.9151129743
0.095	0.1032554672	0.9155297
0.094	0.1057257309	0.9160297709
0.093	0.1082449553	0.9164548311
0.092	0.1108101318	0.9170382471
0.091	0.1134199562	0.917554987
0.09	0.116077116	0.9179050365
0.089	0.1187777911	0.9184217764
0.088	0.1215281353	0.9189551853
0.087	0.1243269735	0.9194552562
0.086	0.1271712905	0.9199469925
0.085	0.1300629405	0.9203970562
0.084	0.1329992383	0.920863789
0.083	0.1359876521	0.921413867
0.082	0.1390231732	0.9219056033
0.081	0.1421034737	0.9225223573
0.08	0.1452303514	0.9230724353
0.079	0.1484089067	0.9235975096
0.078	0.1516369804	0.9240975805
0.077	0.1549140722	0.9245976513
0.076	0.1582411691	0.92496437
0.075	0.1616164666	0.9254894443
0.074	0.165039884	0.9260395223
0.073	0.1685129855	0.9265979347
0.072	0.1720391572	0.9270813365
0.071	0.1756129805	0.9276230799
0.07	0.1792309414	0.9281648233
0.069	0.1829025478	0.9287482393
0.068	0.1866228873	0.9292399757
0.067	0.190394602	0.9297983881
0.066	0.1942140156	0.9303234625
0.065	0.1980803639	0.9309235475
0.064	0.2019974931	0.9315653051
0.063	0.2059666742	0.9322070627
0.062	0.2099824141	0.9327488061
0.061	0.2140460913	0.9332322079
0.06	0.2181568857	0.9338823
0.059	0.2223189719	0.9343990399
0.058	0.226528637	0.9349907904
0.057	0.2307850193	0.9354741922
0.056	0.2350860203	0.935990932
0.055	0.2394372121	0.9364326613
0.054	0.2438361653	0.9369410667
0.053	0.248280108	0.9375328171
0.052	0.2527691552	0.9381245676
0.051	0.2573017068	0.938649642
0.05	0.2618827958	0.9391663819
0.049	0.2665062798	0.9396997908
0.048	0.2711720955	0.9402832068
0.047	0.2758827258	0.9407832776
0.046	0.2806369395	0.9413333556
0.045	0.2854310689	0.9418500954
0.044	0.290268696	0.9423668353
0.043	0.2951472839	0.9428168991
0.042	0.300064664	0.9432669628
0.041	0.3050207979	0.9437753682
0.04	0.3100173801	0.9443087771
0.039	0.3150589892	0.9449005276
0.038	0.3201311639	0.9454172674
0.037	0.3252415325	0.9460006834
0.036	0.3303876579	0.9465090888
0.035	0.3355670659	0.9469841561
0.034	0.3407797096	0.9473675437
0.033	0.3460285045	0.947842611
0.032	0.3513053239	0.9484593651
0.031	0.3566158649	0.948992774
0.03	0.3619603619	0.9495595209
0.029	0.3673295696	0.9500345882
0.028	0.3727277128	0.9505846662
0.027	0.3781565198	0.9512430928
0.026	0.3836113236	0.9518015052
0.025	0.3890909041	0.9523182451
0.024	0.3945979273	0.9528433195
0.023	0.4001247683	0.9533767284
0.022	0.4056806206	0.9539684789
0.021	0.4112554747	0.9545602294
0.02	0.4168492549	0.9550769692
0.019	0.4224613311	0.9556520507
0.018	0.4280979123	0.9561521216
0.017	0.4337482248	0.9567605411
0.016	0.4394169117	0.9573439571
0.015	0.4450977948	0.957927373
0.014	0.4507918817	0.9584607819
0.013	0.4564994741	0.959060867
0.012	0.4622146831	0.9596859555
0.011	0.4679427959	0.9601610228
0.01	0.4736781928	0.9606610937
0.009	0.4794211721	0.9610778194
0.008	0.4851740607	0.9615278831
0.007	0.4909320399	0.9620696265
0.006	0.4966931068	0.9625446938
0.005	0.5024589842	0.962919747
0.004	0.5082239699	0.9634448213
0.003	0.5139891939	0.9639282232
0.002	0.5197559856	0.9645116391
0.001	0.525516195	0.9648950268
0	0.53127529	0.9653700941
-0.001	0.5370282378	0.9658201579
-0.002	0.542778047	0.9663118942
-0.003	0.5485195511	0.9668619721
-0.004	0.5542541296	0.9674203846
-0.005	0.5599800772	0.9678704483
-0.006	0.5656925434	0.9683538501
-0.007	0.5713964363	0.9689289316
-0.008	0.5770848268	0.9692623122
-0.009	0.582758475	0.9697540485
-0.01	0.5884163366	0.9702207813
-0.011	0.5940562131	0.970620838
-0.012	0.5996806989	0.9711792504
-0.013	0.6052866362	0.9716293142
-0.014	0.6108716263	0.9720377053
-0.015	0.6164328483	0.972404424
-0.016	0.6219775428	0.9728461532
-0.017	0.6275021702	0.9732712134
-0.018	0.6329947628	0.9736879391
-0.019	0.6384614061	0.9741546719
-0.02	0.6439007892	0.9745213905
-0.021	0.6493137422	0.9749797888
-0.022	0.654699505	0.9754465216
-0.023	0.6600550338	0.9758882508
-0.024	0.6653794421	0.9763133111
-0.025	0.6706695186	0.9767967129
-0.026	0.6759306272	0.9771467625
-0.027	0.6811571007	0.9775968262
-0.028	0.6863480098	0.9779718793
-0.029	0.6915032145	0.978371936
-0.03	0.6966203112	0.9787219856
-0.031	0.7017017268	0.9790553662
-0.032	0.7067470855	0.9794470883
-0.033	0.7117512885	0.9798554795
-0.034	0.7167208888	0.9801971946
-0.035	0.7216449628	0.9805389097
-0.036	0.7265264593	0.9809139628
-0.037	0.7313658141	0.9812140053
-0.038	0.7361668	0.9816057275
-0.039	0.74092478	0.98190577
-0.04	0.7456397123	0.9823224957
-0.041	0.7503128963	0.9827308869
-0.042	0.7549332842	0.9829892568
-0.043	0.7595113228	0.9833726445
-0.044	0.7640475856	0.9837393631
-0.045	0.7685327574	0.9840477401
-0.046	0.7729697928	0.9843394481
-0.047	0.7773604769	0.9846394906
-0.048	0.7817017702	0.9849562021
-0.049	0.7859946786	0.9853229207
-0.05	0.7902405041	0.9857063084
-0.051	0.7944358986	0.9860063509
-0.052	0.7985837659	0.9863147279
-0.053	0.802678262	0.986656443
-0.054	0.8067199203	0.9868981439
-0.055	0.810713703	0.9871648484
-0.056	0.8146575383	0.9874398873
-0.057	0.8185507484	0.9876899227
-0.058	0.8223937627	0.9879816307
-0.059	0.8261872062	0.9882066626
-0.06	0.8299240091	0.9884316945
-0.061	0.8336107961	0.9886483919
-0.062	0.8372431101	0.989006776
-0.063	0.8408261459	0.9892818149
-0.064	0.8443590351	0.9895568539
-0.065	0.8478365687	0.9897735513
-0.066	0.8512641998	0.9900235867
-0.067	0.8546403557	0.9902569531
-0.068	0.8579662383	0.990531992
-0.069	0.8612374029	0.9907653584
-0.07	0.8644595785	0.9909987248
-0.071	0.8676308989	0.9912237567
-0.072	0.8707514168	0.9914321196
-0.073	0.8738193128	0.9915821408
-0.074	0.8768388255	0.9917905037
-0.075	0.8798072466	0.9920488736
-0.076	0.8827243399	0.9923322471
-0.077	0.8855909716	0.9925072719
-0.078	0.8884065015	0.9927239692
-0.079	0.8911713046	0.9929406666
-0.08	0.893887077	0.9931323604
-0.081	0.8965563006	0.9933323888
-0.082	0.8991759234	0.993499079
-0.083	0.9017437402	0.9936240967
-0.084	0.9042650532	0.9937491145
-0.085	0.9067367387	0.9939241393
-0.086	0.9091624979	0.9940741605
-0.087	0.9115428868	0.9943075269
-0.088	0.9138765268	0.9945408933
-0.089	0.9161650582	0.994665911
-0.09	0.9184068157	0.9947992632
-0.091	0.9206031353	0.99494095
-0.092	0.9227522319	0.9950909712
-0.093	0.92485833	0.995232658
-0.094	0.9269202295	0.9953576757
-0.095	0.9289367878	0.9954910279
-0.096	0.9309101443	0.9955660385
-0.097	0.9328421325	0.9956577182
-0.098	0.9347340026	0.9957577323
-0.099	0.9365861403	0.9958577465
-0.1	0.9383933943	0.9959660952
-0.101	0.9401616962	0.9960744439
-0.102	0.9418893098	0.9962244651
-0.103	0.9435779145	0.9962994758
-0.104	0.9452264526	0.996416159
-0.105	0.9468364161	0.9965578457
-0.106	0.9484082308	0.9966328563
-0.107	0.9499441786	0.996757874
-0.108	0.9514423726	0.9968745572
-0.109	0.9529053939	0.9969579024
-0.11	0.9543343126	0.9969745714
-0.111	0.9557283437	0.997049582
-0.112	0.9570852777	0.9971162581
-0.113	0.9584084833	0.9972329413
-0.114	0.9597000492	0.997307952
-0.115	0.960958175	0.9973996316
-0.116	0.9621843259	0.9975079803
-0.117	0.9633789371	0.9975496529
-0.118	0.9645416317	0.9976663361
-0.119	0.9656736324	0.9977246777
-0.12	0.9667767868	0.9978246918
-0.121	0.9678502867	0.9979163715
-0.122	0.9688947503	0.9979497095
-0.123	0.9699118637	0.9980163857
-0.124	0.9708995308	0.9980663927
-0.125	0.9718605652	0.9981414034
-0.126	0.9727954745	0.998216414
-0.127	0.9737029836	0.9982997591
-0.128	0.974586437	0.9983414317
-0.129	0.9754451228	0.9984081078
-0.13	0.9762781353	0.9984581149
-0.131	0.9770891139	0.99854146
-0.132	0.9778745275	0.9985914671
-0.133	0.9786377829	0.9986164707
-0.134	0.9793773544	0.9986914813
-0.135	0.9800965155	0.9987248193
-0.136	0.9807943203	0.9987664919
-0.137	0.9814711896	0.9987914955
-0.138	0.9821276419	0.9988415025
-0.139	0.9827641923	0.9988915096
-0.14	0.9833801638	0.9989248477
-0.141	0.9839779245	0.9989415167
-0.142	0.9845577224	0.9989498512
-0.143	0.9851177726	0.9990081928
-0.144	0.9856616253	0.9990415309
-0.145	0.9861875413	0.9990748689
-0.146	0.9866978073	0.999124876
-0.147	0.9871922359	0.9991415451
-0.148	0.9876688844	0.9991748831
-0.149	0.9881301855	0.9992165557
-0.15	0.9885770177	0.9992332247
-0.151	0.9890085384	0.9992582282
-0.152	0.9894262785	0.9992915663
-0.153	0.9898289446	0.9992915663
-0.154	0.9902187077	0.9993332389
-0.155	0.9905956754	0.9993332389
-0.156	0.990960356	0.9993582424
-0.157	0.9913128355	0.9993665769
-0.158	0.9916516918	0.999399915
-0.159	0.9919783578	0.999416584
-0.16	0.9922946878	0.999416584
-0.161	0.9925995866	0.9994582566
-0.162	0.9928946736	0.9995082637
-0.163	0.9931786679	0.9995332672
-0.164	0.9934525128	0.9995499362
-0.165	0.9937172534	0.9995582708
-0.166	0.9939720814	0.9995832743
-0.167	0.9942171676	0.9996082778
-0.168	0.994453372	0.9996582849
-0.169	0.9946814406	0.9996666194
-0.17	0.9949009534	0.999674954
-0.171	0.9951117395	0.9996999575
-0.172	0.9953150698	0.9997166265
-0.173	0.9955112095	0.9997332956
-0.174	0.9956990799	0.9997416301
-0.175	0.9958805039	0.9997416301
-0.176	0.9960550105	0.9997416301
-0.177	0.9962225348	0.9997499646
-0.178	0.9963835809	0.9997582991
-0.179	0.9965383738	0.9997749681
-0.18	0.996688293	0.9997833026
-0.181	0.9968314715	0.9997916371
-0.182	0.9969696095	0.9997999717
-0.183	0.9971018869	0.9998166407
-0.184	0.9972287137	0.9998166407
-0.185	0.9973505292	0.9998249752
-0.186	0.9974675434	0.9998416442
-0.187	0.9975800205	0.9998583133
-0.188	0.9976878596	0.9998749823
-0.189	0.9977916658	0.9998749823
-0.19	0.9978907324	0.9999083203
-0.191	0.9979858369	0.9999083203
-0.192	0.998076991	0.9999166549
-0.193	0.9981647931	0.9999166549
-0.194	0.9982490774	0.9999166549
-0.195	0.9983291863	0.9999166549
-0.196	0.9984061614	0.9999333239
-0.197	0.9984802322	0.9999416584
-0.198	0.9985509743	0.9999416584
-0.199	0.9986184402	0.9999499929
-0.2	0.998682995	0.9999499929
-0.201	0.9987451462	0.9999583274
-0.202	0.9988040637	0.9999583274
-0.203	0.9988605844	0.9999583274
-0.204	0.9989144998	0.9999583274
-0.205	0.9989661624	0.9999583274
-0.206	0.9990155307	0.9999666619
-0.207	0.9990626629	0.9999666619
-0.208	0.9991077558	0.9999749965
-0.209	0.9991511509	0.9999749965
-0.21	0.9991924559	0.9999749965
-0.211	0.9992319907	0.9999749965
-0.212	0.9992694794	0.9999749965
-0.213	0.9993055356	0.9999749965
-0.214	0.9993397231	0.9999749965
-0.215	0.9993726931	0.999983331
-0.216	0.9994038446	0.999983331
-0.217	0.9994335075	0.999983331
-0.218	0.9994619412	0.999983331
-0.219	0.9994891798	0.9999916655
-0.22	0.9995150273	0.9999916655
-0.221	0.9995396298	0.9999916655
-0.222	0.9995629488	0.9999916655
-0.223	0.9995851385	0.9999916655
-0.224	0.9996064148	0.9999916655
-0.225	0.9996268043	0.9999916655
-0.226	0.9996459021	0.9999916655
-0.227	0.9996640747	0.9999916655
-0.228	0.9996814831	0.9999916655
-0.229	0.9996981848	0.9999916655
-0.23	0.9997139389	0.9999916655
-0.231	0.9997288546	0.9999916655
-0.232	0.9997432268	0.9999916655
-0.233	0.9997568023	0.9999916655
-0.234	0.9997694978	0.9999916655
-0.235	0.9997818365	0.9999916655
-0.236	0.9997933668	0.9999916655
-0.237	0.9998045555	0.9999916655
-0.238	0.9998148957	0.9999916655
-0.239	0.999824825	0.9999916655
-0.24	0.9998344818	0.9999916655
-0.241	0.9998435044	0.9999916655
-0.242	0.9998522144	1
-0.243	0.999860156	1
-0.244	0.9998678084	1
-0.245	0.9998750275	1
-0.246	0.9998820482	1
-0.247	0.9998887089	1
-0.248	0.9998948487	1
-0.249	0.9999007026	1
-0.25	0.9999063848	1
-0.251	0.9999115403	1
-0.252	0.9999164475	1
-0.253	0.9999211646	1
-0.254	0.9999257367	1
-0.255	0.9999298413	1
-0.256	0.9999338709	1
-0.257	0.9999377329	1
-0.258	0.9999412825	1
-0.259	0.9999447653	1
-0.26	0.9999479806	1
-0.261	0.9999510709	1
-0.262	0.9999539762	1
-0.263	0.9999566365	1
-0.264	0.9999592018	1
-0.265	0.9999616578	1
-0.266	0.9999639772	1
-0.267	0.9999661483	1
-0.268	0.999968241	1
-0.269	0.9999700878	1
-0.27	0.9999718747	1
-0.271	0.9999735357	1
-0.272	0.9999750758	1
-0.273	0.9999765518	1
-0.274	0.9999779736	1
-0.275	0.9999793038	1
-0.276	0.9999805531	1
-0.277	0.9999817615	1
-0.278	0.9999828566	1
-0.279	0.9999839001	1
-0.28	0.9999849085	1
-0.281	0.9999858261	1
-0.282	0.9999867062	1
-0.283	0.9999875113	1
-0.284	0.9999883005	1
-0.285	0.9999890697	1
-0.286	0.9999897831	1
-0.287	0.9999904324	1
-0.288	0.9999910374	1
-0.289	0.9999916117	1
-0.29	0.9999921525	1
-0.291	0.9999926584	1
-0.292	0.999993146	1
-0.293	0.9999935852	1
-0.294	0.9999940069	1
-0.295	0.9999944144	1
-0.296	0.9999947661	1
-0.297	0.9999951062	1
-0.298	0.9999954487	1
-0.299	0.9999957554	1
-0.3	0.9999960188	1
-0.301	0.9999962863	1
-0.302	0.9999965347	1
-0.303	0.9999967538	1
-0.304	0.999996978	1
-0.305	0.9999971714	1
-0.306	0.9999973697	1
-0.307	0.9999975464	1
-0.308	0.9999977148	1
-0.309	0.9999978831	1
-0.31	0.9999980198	1
-0.311	0.999998164	1
-0.312	0.999998299	1
-0.313	0.9999984057	1
-0.314	0.9999985299	1
-0.315	0.9999986265	1
-0.316	0.999998739	1
-0.317	0.9999988199	1
-0.318	0.9999989166	1
-0.319	0.9999989874	1
-0.32	0.9999990624	1
-0.321	0.9999991416	1
-0.322	0.9999992058	1
-0.323	0.9999992616	1
-0.324	0.9999993224	1
-0.325	0.9999993741	1
-0.326	0.9999994249	1
-0.327	0.9999994658	1
-0.328	0.9999994983	1
-0.329	0.9999995325	1
-0.33	0.9999995766	1
-0.331	0.9999996091	1
-0.332	0.99999963	1
-0.333	0.9999996583	1
-0.334	0.9999996883	1
-0.335	0.999999715	1
-0.336	0.9999997391	1
-0.337	0.99999975	1
-0.338	0.9999997691	1
-0.339	0.999999785	1
-0.34	0.999999805	1
-0.341	0.9999998183	1
-0.342	0.9999998358	1
-0.343	0.9999998475	1
-0.344	0.9999998567	1
-0.345	0.9999998675	1
-0.346	0.9999998833	1
-0.347	0.9999998908	1
-0.348	0.9999998983	1
-0.349	0.9999999075	1
-0.35	0.999999915	1
-0.351	0.9999999225	1
-0.352	0.9999999275	1
-0.353	0.9999999283	1
-0.354	0.9999999317	1
-0.355	0.9999999358	1
-0.356	0.9999999408	1
-0.357	0.9999999442	1
-0.358	0.9999999483	1
-0.359	0.9999999517	1
-0.36	0.999999955	1
-0.361	0.9999999575	1
-0.362	0.9999999608	1
-0.363	0.999999965	1
-0.364	0.9999999667	1
-0.365	0.9999999692	1
-0.366	0.9999999717	1
-0.367	0.9999999742	1
-0.368	0.9999999775	1
-0.369	0.99999998	1
-0.37	0.9999999808	1
-0.371	0.9999999825	1
-0.372	0.9999999842	1
-0.373	0.9999999858	1
-0.374	0.9999999875	1
-0.375	0.9999999883	1
-0.376	0.9999999892	1
-0.377	0.9999999892	1
-0.378	0.9999999892	1
-0.379	0.9999999908	1
-0.38	0.9999999908	1
-0.381	0.9999999925	1
-0.382	0.9999999933	1
-0.383	0.9999999942	1
-0.384	0.999999995	1
-0.385	0.9999999958	1
-0.386	0.9999999958	1
-0.387	0.9999999958	1
-0.388	0.9999999958	1
-0.389	0.9999999967	1
-0.39	0.9999999975	1
-0.391	0.9999999975	1
-0.392	0.9999999975	1
-0.393	0.9999999983	1
-0.394	0.9999999983	1
-0.395	0.9999999983	1
-0.396	0.9999999983	1
-0.397	0.9999999983	1
-0.398	0.9999999983	1
-0.399	0.9999999983	1
-0.4	0.9999999983	1
-0.401	0.9999999983	1
-0.402	0.9999999992	1
-0.403	0.9999999992	1
-0.404	0.9999999992	1
-0.405	1	1
-0.406	1	1
-0.407	1	1
-0.408	1	1
-0.409	1	1
-0.41	1	1
-0.411	1	1
-0.412	1	1
-0.413	1	1
-0.414	1	1
-0.415	1	1
-0.416	1	1
-0.417	1	1
-0.418	1	1
-0.419	1	1
-0.42	1	1
-0.421	1	1
-0.422	1	1
-0.423	1	1
-0.424	1	1
-0.425	1	1
-0.426	1	1
-0.427	1	1
-0.428	1	1
-0.429	1	1
-0.43	1	1
-0.431	1	1
-0.432	1	1
-0.433	1	1
-0.434	1	1
-0.435	1	1
-0.436	1	1
-0.437	1	1
-0.438	1	1
-0.439	1	1
-0.44	1	1
-0.441	1	1
-0.442	1	1
-0.443	1	1
-0.444	1	1
-0.445	1	1
-0.446	1	1
-0.447	1	1
-0.448	1	1
-0.449	1	1
-0.45	1	1
-0.451	1	1
-0.452	1	1
-0.453	1	1
-0.454	1	1
-0.455	1	1
-0.456	1	1
-0.457	1	1
-0.458	1	1
-0.459	1	1
-0.46	1	1
-0.461	1	1
-0.462	1	1
-0.463	1	1
-0.464	1	1
-0.465	1	1
-0.466	1	1
-0.467	1	1
-0.468	1	1
-0.469	1	1
-0.47	1	1
-0.471	1	1
-0.472	1	1
-0.473	1	1
-0.474	1	1
-0.475	1	1
-0.476	1	1
-0.477	1	1
-0.478	1	1
-0.479	1	1
-0.48	1	1
-0.481	1	1
-0.482	1	1
-0.483	1	1
-0.484	1	1
-0.485	1	1
-0.486	1	1
-0.487	1	1
-0.488	1	1
-0.489	1	1
-0.49	1	1
-0.491	1	1
-0.492	1	1
-0.493	1	1
-0.494	1	1
-0.495	1	1
-0.496	1	1
-0.497	1	1
-0.498	1	1
-0.499	1	1
-0.5	1	1
-0.501	1	1
-0.502	1	1
-0.503	1	1
-0.504	1	1
-0.505	1	1
-0.506	1	1
-0.507	1	1
-0.508	1	1
-0.509	1	1
-0.51	1	1
-0.511	1	1
-0.512	1	1
-0.513	1	1
-0.514	1	1
-0.515	1	1
-0.516	1	1
-0.517	1	1
-0.518	1	1
-0.519	1	1
-0.52	1	1
-0.521	1	1
-0.522	1	1
-0.523	1	1
-0.524	1	1
-0.525	1	1
-0.526	1	1
-0.527	1	1
-0.528	1	1
-0.529	1	1
-0.53	1	1
-0.531	1	1
-0.532	1	1
-0.533	1	1
-0.534	1	1
-0.535	1	1
-0.536	1	1
-0.537	1	1
-0.538	1	1
-0.539	1	1
-0.54	1	1
-0.541	1	1
-0.542	1	1
-0.543	1	1
-0.544	1	1
-0.545	1	1
-0.546	1	1
-0.547	1	1
-0.548	1	1
-0.549	1	1
-0.55	1	1
-0.551	1	1
-0.552	1	1
-0.553	1	1
-0.554	1	1
-0.555	1	1
-0.556	1	1
-0.557	1	1
-0.558	1	1
-0.559	1	1
-0.56	1	1
-0.561	1	1
-0.562	1	1
-0.563	1	1
-0.564	1	1
-0.565	1	1
-0.566	1	1
-0.567	1	1
-0.568	1	1
-0.569	1	1
-0.57	1	1
-0.571	1	1
-0.572	1	1
-0.573	1	1
-0.574	1	1
-0.575	1	1
-0.576	1	1
-0.577	1	1
-0.578	1	1
-0.579	1	1
-0.58	1	1
-0.581	1	1
-0.582	1	1
-0.583	1	1
-0.584	1	1
-0.585	1	1
-0.586	1	1
-0.587	1	1
-0.588	1	1
-0.589	1	1
-0.59	1	1
-0.591	1	1
-0.592	1	1
-0.593	1	1
-0.594	1	1
-0.595	1	1
-0.596	1	1
-0.597	1	1
-0.598	1	1
-0.599	1	1
-0.6	1	1
-0.601	1	1
-0.602	1	1
-0.603	1	1
-0.604	1	1
-0.605	1	1
-0.606	1	1
-0.607	1	1
-0.608	1	1
-0.609	1	1
-0.61	1	1
-0.611	1	1
-0.612	1	1
-0.613	1	1
-0.614	1	1
-0.615	1	1
-0.616	1	1
-0.617	1	1
-0.618	1	1
-0.619	1	1
-0.62	1	1
-0.621	1	1
-0.622	1	1
-0.623	1	1
-0.624	1	1
-0.625	1	1
-0.626	1	1
-0.627	1	1
-0.628	1	1
-0.629	1	1
-0.63	1	1
-0.631	1	1
-0.632	1	1
-0.633	1	1
-0.634	1	1
-0.635	1	1
-0.636	1	1
-0.637	1	1
-0.638	1	1
-0.639	1	1
-0.64	1	1
-0.641	1	1
-0.642	1	1
-0.643	1	1
-0.644	1	1
-0.645	1	1
-0.646	1	1
-0.647	1	1
-0.648	1	1
-0.649	1	1
-0.65	1	1
-0.651	1	1
-0.652	1	1
-0.653	1	1
-0.654	1	1
-0.655	1	1
-0.656	1	1
-0.657	1	1
-0.658	1	1
-0.659	1	1
-0.66	1	1
-0.661	1	1
-0.662	1	1
-0.663	1	1
-0.664	1	1
-0.665	1	1
-0.666	1	1
-0.667	1	1
-0.668	1	1
-0.669	1	1
-0.67	1	1
-0.671	1	1
-0.672	1	1
-0.673	1	1
-0.674	1	1
-0.675	1	1
-0.676	1	1
-0.677	1	1
-0.678	1	1
-0.679	1	1
-0.68	1	1
-0.681	1	1
-0.682	1	1
-0.683	1	1
-0.684	1	1
-0.685	1	1
-0.686	1	1
-0.687	1	1
-0.688	1	1
-0.689	1	1
-0.69	1	1
-0.691	1	1
-0.692	1	1
-0.693	1	1
-0.694	1	1
-0.695	1	1
-0.696	1	1
-0.697	1	1
-0.698	1	1
-0.699	1	1
-0.7	1	1
-0.701	1	1
-0.702	1	1
-0.703	1	1
-0.704	1	1
-0.705	1	1
-0.706	1	1
-0.707	1	1
-0.708	1	1
-0.709	1	1
-0.71	1	1
-0.711	1	1
-0.712	1	1
-0.713	1	1
-0.714	1	1
-0.715	1	1
-0.716	1	1
-0.717	1	1
-0.718	1	1
-0.719	1	1
-0.72	1	1
-0.721	1	1
-0.722	1	1
-0.723	1	1
-0.724	1	1
-0.725	1	1
-0.726	1	1
-0.727	1	1
-0.728	1	1
-0.729	1	1
-0.73	1	1
-0.731	1	1
-0.732	1	1
-0.733	1	1
-0.734	1	1
-0.735	1	1
-0.736	1	1
-0.737	1	1
-0.738	1	1
-0.739	1	1
-0.74	1	1
-0.741	1	1
-0.742	1	1
-0.743	1	1
-0.744	1	1
-0.745	1	1
-0.746	1	1
-0.747	1	1
-0.748	1	1
-0.749	1	1
-0.75	1	1
-0.751	1	1
-0.752	1	1
-0.753	1	1
-0.754	1	1
-0.755	1	1
-0.756	1	1
-0.757	1	1
-0.758	1	1
-0.759	1	1
-0.76	1	1
-0.761	1	1
-0.762	1	1
-0.763	1	1
-0.764	1	1
-0.765	1	1
-0.766	1	1
-0.767	1	1
-0.768	1	1
-0.769	1	1
-0.77	1	1
-0.771	1	1
-0.772	1	1
-0.773	1	1
-0.774	1	1
-0.775	1	1
-0.776	1	1
-0.777	1	1
-0.778	1	1
-0.779	1	1
-0.78	1	1
-0.781	1	1
-0.782	1	1
-0.783	1	1
-0.784	1	1
-0.785	1	1
-0.786	1	1
-0.787	1	1
-0.788	1	1
-0.789	1	1
-0.79	1	1
-0.791	1	1
-0.792	1	1
-0.793	1	1
-0.794	1	1
-0.795	1	1
-0.796	1	1
-0.797	1	1
-0.798	1	1
-0.799	1	1
-0.8	1	1
-0.801	1	1
-0.802	1	1
-0.803	1	1
-0.804	1	1
-0.805	1	1
-0.806	1	1
-0.807	1	1
-0.808	1	1
-0.809	1	1
-0.81	1	1
-0.811	1	1
-0.812	1	1
-0.813	1	1
-0.814	1	1
-0.815	1	1
-0.816	1	1
-0.817	1	1
-0.818	1	1
-0.819	1	1
-0.82	1	1
-0.821	1	1
-0.822	1	1
-0.823	1	1
-0.824	1	1
-0.825	1	1
-0.826	1	1
-0.827	1	1
-0.828	1	1
-0.829	1	1
-0.83	1	1
-0.831	1	1
-0.832	1	1
-0.833	1	1
-0.834	1	1
-0.835	1	1
-0.836	1	1
-0.837	1	1
-0.838	1	1
-0.839	1	1
-0.84	1	1
-0.841	1	1
-0.842	1	1
-0.843	1	1
-0.844	1	1
-0.845	1	1
-0.846	1	1
-0.847	1	1
-0.848	1	1
-0.849	1	1
-0.85	1	1
-0.851	1	1
-0.852	1	1
-0.853	1	1
-0.854	1	1
-0.855	1	1
-0.856	1	1
-0.857	1	1
-0.858	1	1
-0.859	1	1
-0.86	1	1
-0.861	1	1
-0.862	1	1
-0.863	1	1
-0.864	1	1
-0.865	1	1
-0.866	1	1
-0.867	1	1
-0.868	1	1
-0.869	1	1
-0.87	1	1
-0.871	1	1
-0.872	1	1
-0.873	1	1
-0.874	1	1
-0.875	1	1
-0.876	1	1
-0.877	1	1
-0.878	1	1
-0.879	1	1
-0.88	1	1
-0.881	1	1
-0.882	1	1
-0.883	1	1
-0.884	1	1
-0.885	1	1
-0.886	1	1
-0.887	1	1
-0.888	1	1
-0.889	1	1
-0.89	1	1
-0.891	1	1
-0.892	1	1
-0.893	1	1
-0.894	1	1
-0.895	1	1
-0.896	1	1
-0.897	1	1
-0.898	1	1
-0.899	1	1
-0.9	1	1
-0.901	1	1
-0.902	1	1
-0.903	1	1
-0.904	1	1
-0.905	1	1
-0.906	1	1
-0.907	1	1
-0.908	1	1
-0.909	1	1
-0.91	1	1
-0.911	1	1
-0.912	1	1
-0.913	1	1
-0.914	1	1
-0.915	1	1
-0.916	1	1
-0.917	1	1
-0.918	1	1
-0.919	1	1
-0.92	1	1
-0.921	1	1
-0.922	1	1
-0.923	1	1
-0.924	1	1
-0.925	1	1
-0.926	1	1
-0.927	1	1
-0.928	1	1
-0.929	1	1
-0.93	1	1
-0.931	1	1
-0.932	1	1
-0.933	1	1
-0.934	1	1
-0.935	1	1
-0.936	1	1
-0.937	1	1
-0.938	1	1
-0.939	1	1
-0.94	1	1
-0.941	1	1
-0.942	1	1
-0.943	1	1
-0.944	1	1
-0.945	1	1
-0.946	1	1
-0.947	1	1
-0.948	1	1
-0.949	1	1
-0.95	1	1
-0.951	1	1
-0.952	1	1
-0.953	1	1
-0.954	1	1
-0.955	1	1
-0.956	1	1
-0.957	1	1
-0.958	1	1
-0.959	1	1
-0.96	1	1
-0.961	1	1
-0.962	1	1
-0.963	1	1
-0.964	1	1
-0.965	1	1
-0.966	1	1
-0.967	1	1
-0.968	1	1
-0.969	1	1
-0.97	1	1
-0.971	1	1
-0.972	1	1
-0.973	1	1
-0.974	1	1
-0.975	1	1
-0.976	1	1
-0.977	1	1
-0.978	1	1
-0.979	1	1
-0.98	1	1
-0.981	1	1
-0.982	1	1
-0.983	1	1
-0.984	1	1
-0.985	1	1
-0.986	1	1
-0.987	1	1
-0.988	1	1
-0.989	1	1
-0.99	1	1
-0.991	1	1
-0.992	1	1
-0.993	1	1
-0.994	1	1
-0.995	1	1
-0.996	1	1
-0.997	1	1
-0.998	1	1
-0.999	1	1
-1	1	1
