threshold	FAR	TAR
0.999	0	0.0002333527794
0.998	0	0.0002750229186
0.997	0	0.0003500291691
0.996	0	0.0004083673639
0.995	0	0.0004250354196
0.994	0	0.0004500375031
0.993	0	0.0005333777815
0.992	0	0.0005750479207
0.991	0	0.0005833819485
0.99	0	0.000608384032
0.989	0	0.0006417201433
0.988	0	0.0006750562547
0.987	0	0.0006917243104
0.986	0	0.0007417284774
0.985	0	0.0007500625052
0.984	0	0.0007833986166
0.983	0	0.0008250687557
0.982	0	0.0008417368114
0.981	0	0.0008584048671
0.98	8.33416675e-10	0.0008917409784
0.979	8.33416675e-10	0.0009334111176
0.978	1.66683335e-09	0.0009584132011
0.977	3.3336667e-09	0.00100008334
0.976	4.167083375e-09	0.001033419452
0.975	5.833916725e-09	0.001058421535
0.974	7.500750075e-09	0.001100091674
0.973	1.083441678e-08	0.001150095841
0.972	1.583491683e-08	0.001200100008
0.971	2.166883355e-08	0.001283440287
0.97	2.916958363e-08	0.001316776398
0.969	3.833716705e-08	0.001391782649
0.968	4.66713338e-08	0.001441786816
0.967	5.583891723e-08	0.001508459038
0.966	7.33406674e-08	0.001633469456
0.965	9.750975098e-08	0.001708475706
0.964	1.250125013e-07	0.001791815985
0.963	1.600160016e-07	0.001891824319
0.962	2.091875854e-07	0.001958496541
0.961	2.700270027e-07	0.002133511126
0.96	3.683701704e-07	0.002241853488
0.959	4.933826716e-07	0.002358529877
0.958	6.383971731e-07	0.0024252021
0.957	8.217488416e-07	0.002575214601
0.956	1.068440177e-06	0.002691890991
0.955	1.347634763e-06	0.002800233353
0.954	1.705170517e-06	0.002975247937
0.953	2.124379105e-06	0.003100258355
0.952	2.632763276e-06	0.003250270856
0.951	3.251158449e-06	0.003375281273
0.95	3.984565123e-06	0.003550295858
0.949	4.850485049e-06	0.003675306276
0.948	5.943927726e-06	0.003875322944
0.947	7.165716572e-06	0.004025335445
0.946	8.63753042e-06	0.004233686141
0.945	1.041437477e-05	0.004483706976
0.944	1.242040871e-05	0.004667055588
0.943	1.476147615e-05	0.004933744479
0.942	1.744924492e-05	0.005150429202
0.941	2.055955596e-05	0.005425452121
0.94	2.410324366e-05	0.005758813234
0.939	2.824699137e-05	0.006025502125
0.938	3.292329233e-05	0.006242186849
0.937	3.821382138e-05	0.00658388199
0.936	4.412857952e-05	0.006858904909
0.935	5.087342068e-05	0.00720060005
0.934	5.836750342e-05	0.007550629219
0.933	6.697753109e-05	0.007883990333
0.932	7.640514051e-05	0.008234019502
0.931	8.696369637e-05	0.008634052838
0.93	9.859735974e-05	0.009134094508
0.929	0.0001116119945	0.009492457705
0.928	0.0001258975898	0.009959163264
0.927	0.0001418358503	0.01044253688
0.926	0.0001591500817	0.01096758063
0.925	0.0001779644631	0.01136761397
0.924	0.0001989707304	0.01183431953
0.923	0.0002220563723	0.012276023
0.922	0.0002468263493	0.01280106676
0.921	0.0002739807314	0.0134427869
0.92	0.0003032444911	0.01397616468
0.919	0.0003347601427	0.01459288274
0.918	0.0003690585725	0.01518459872
0.917	0.0004061956196	0.01573464455
0.916	0.0004462546255	0.01623468622
0.915	0.0004892647598	0.01685973831
0.914	0.0005358427509	0.01736811401
0.913	0.0005857744108	0.01791815985
0.912	0.0006391797513	0.01863488624
0.911	0.0006959254259	0.01922660222
0.91	0.0007569290262	0.01999333278
0.909	0.0008216246625	0.02062671889
0.908	0.0008907374071	0.02140178348
0.907	0.0009641914191	0.02217684807
0.906	0.001042495916	0.02286023835
0.905	0.001125780078	0.02343528627
0.904	0.001214128079	0.02418534878
0.903	0.001307675768	0.02503541962
0.902	0.001406418142	0.02588549046
0.901	0.001510994433	0.02671055921
0.9	0.001621017935	0.02762730228
0.899	0.001737562923	0.02846070506
0.898	0.001860394373	0.02931910993
0.897	0.001989428943	0.03019418285
0.896	0.00212530253	0.03116093008
0.895	0.002267840117	0.03213601133
0.894	0.002416941694	0.03317776481
0.893	0.002573508184	0.03412784399
0.892	0.002737619595	0.03506958913
0.891	0.00291003517	0.03627802317
0.89	0.003090047338	0.03726143845
0.889	0.003277781945	0.03826152179
0.888	0.003474129913	0.03914492874
0.887	0.003679127913	0.0402700225
0.886	0.003891995033	0.04122010168
0.885	0.004114758142	0.04221185099
0.884	0.004345954595	0.04319526627
0.883	0.004587957129	0.0443703642
0.882	0.004839133913	0.04537878157
0.881	0.005100440044	0.04657888157
0.88	0.005370842084	0.04780398367
0.879	0.005651952695	0.04897074756
0.878	0.005943580191	0.05021251771
0.877	0.006246842184	0.05147928994
0.876	0.006561029436	0.05258771564
0.875	0.006885440211	0.0540711726
0.874	0.007221153782	0.05527127261
0.873	0.007569086909	0.05666305525
0.872	0.00792903457	0.05782148512
0.871	0.008300056672	0.05909659138
0.87	0.008683091642	0.06031335945
0.869	0.009079005401	0.06162180182
0.868	0.009487227889	0.06303858655
0.867	0.009907743274	0.06448870739
0.866	0.01034052989	0.06578881573
0.865	0.01078660949	0.0671555963
0.864	0.01124661549	0.06870572548
0.863	0.01172066373	0.07023085257
0.862	0.01220874587	0.0717059755
0.861	0.01270902257	0.07309775815
0.86	0.01322456746	0.07458954913
0.859	0.01375387955	0.0764063672
0.858	0.01429683885	0.07808984082
0.857	0.01485372621	0.07947328944
0.856	0.01542562923	0.08079839987
0.855	0.0160123379	0.08219018252
0.854	0.01661515735	0.08381531794
0.853	0.01723138981	0.08556546379
0.852	0.0178619837	0.08702391866
0.851	0.0185097018	0.088624052
0.85	0.01917150798	0.09016584715
0.849	0.01985016835	0.09174931244
0.848	0.02054259509	0.09354946246
0.847	0.02125267777	0.09539961663
0.846	0.0219780278	0.0971247604
0.845	0.02271907524	0.09884157013
0.844	0.02347654265	0.1006333861
0.843	0.02424915325	0.1023168597
0.842	0.02503972814	0.1040753396
0.841	0.02584528036	0.1059171598
0.84	0.02666726173	0.1076423035
0.839	0.02750587809	0.1095174598
0.838	0.0283629788	0.1112926077
0.837	0.02923439844	0.1130427536
0.836	0.03012373904	0.1148345695
0.835	0.03103018802	0.1167347279
0.834	0.03195122679	0.1183348612
0.833	0.03289161666	0.1201683474
0.832	0.0338510201	0.1219351613
0.831	0.03482555006	0.1239769981
0.83	0.03581798013	0.1258438203
0.829	0.03682760109	0.1276106342
0.828	0.03785478715	0.1293607801
0.827	0.03889935994	0.1312692724
0.826	0.03996283628	0.1330944245
0.825	0.04104183502	0.1351529294
0.824	0.04213880305	0.1371614301
0.823	0.04325440377	0.1391282607
0.822	0.04438745041	0.1409950829
0.821	0.0455363053	0.1427952329
0.82	0.04670194603	0.1447953996
0.819	0.04788824216	0.1469039087
0.818	0.0490920292	0.1492291024
0.817	0.05031172117	0.1513542795
0.816	0.05155048755	0.1533377781
0.815	0.0528073249	0.1555129594
0.814	0.054081659	0.157796483
0.813	0.05537414491	0.1599049921
0.812	0.05668256909	0.1621385115
0.811	0.05800936677	0.1642470206
0.81	0.05935246275	0.1664138678
0.809	0.06071498483	0.1682806901
0.808	0.06209551455	0.1704808734
0.807	0.06349343268	0.1724977081
0.806	0.06490811581	0.1749645804
0.805	0.0663396523	0.1771897658
0.804	0.06779051572	0.1793899492
0.803	0.06925758993	0.1816901408
0.802	0.07074324932	0.1841570131
0.801	0.07224509034	0.1862821902
0.8	0.07376499567	0.1886573881
0.799	0.07530049838	0.1909159097
0.798	0.076855048	0.1929577465
0.797	0.07842757692	0.1953246104
0.796	0.08001491482	0.197616468
0.795	0.0816206804	0.1999249937
0.794	0.08324278678	0.2023501958
0.793	0.08488153399	0.2047420618
0.792	0.08653915225	0.2071422619
0.791	0.08821409474	0.2096174681
0.79	0.08990508884	0.211984332
0.789	0.09161077108	0.2144178682
0.788	0.09333345168	0.2168430703
0.787	0.09507473331	0.2192266022
0.786	0.09683122312	0.2216934745
0.785	0.0986020477	0.224260355
0.784	0.1003899432	0.2265688807
0.783	0.1021936844	0.2288107342
0.782	0.1040142898	0.2311775981
0.781	0.1058499492	0.2336694725
0.78	0.1077022811	0.2361280107
0.779	0.1095685344	0.2384282024
0.778	0.1114527436	0.2405783815
0.777	0.1133469822	0.242820235
0.776	0.1152586125	0.245503792
0.775	0.1171859261	0.2476456371
0.774	0.1191291504	0.2502041837
0.773	0.1210858311	0.2524543712
0.772	0.1230590492	0.2549295775
0.771	0.1250487307	0.25747979
0.77	0.1270451462	0.2600216685
0.769	0.1290601819	0.2624635386
0.768	0.131089799	0.264963747
0.767	0.1331295521	0.2676306359
0.766	0.135188078	0.270372531
0.765	0.1372566823	0.2729227436
0.764	0.139339574	0.2753812818
0.763	0.1414385205	0.277831486
0.762	0.1435484765	0.2799816651
0.761	0.1456725981	0.2824568714
0.76	0.1478063806	0.2851654305
0.759	0.1499556789	0.2875072923
0.758	0.152118251	0.2899324944
0.757	0.1542928309	0.2925493791
0.756	0.1564784412	0.2953829486
0.755	0.1586787079	0.2979914993
0.754	0.160888673	0.3005583799
0.753	0.163111467	0.3030169181
0.752	0.1653491949	0.305683807
0.751	0.1675938911	0.3080340028
0.75	0.1698508851	0.3105092091
0.749	0.1721207621	0.3131344279
0.748	0.1744035229	0.3157929827
0.747	0.1766939852	0.3184098675
0.746	0.1789963621	0.3208684057
0.745	0.1813080816	0.3233852821
0.744	0.1836310364	0.3259438287
0.743	0.1859630355	0.328435703
0.742	0.1883072249	0.3310025835
0.741	0.1906603944	0.3336694725
0.74	0.1930235607	0.3361530128
0.739	0.1953964363	0.3387198933
0.738	0.197781274	0.3413451121
0.737	0.2001753309	0.3439953329
0.736	0.2025744049	0.3466538878
0.735	0.2049838584	0.3490790899
0.734	0.2074042096	0.3516709726
0.733	0.2098350427	0.3542295191
0.732	0.2122748175	0.3569547462
0.731	0.2147213713	0.359588299
0.73	0.2171769627	0.3622218518
0.729	0.2196401165	0.3647803984
0.728	0.2221126888	0.3673139428
0.727	0.2245944694	0.3702391866
0.726	0.2270819224	0.3727310609
0.725	0.2295741482	0.3754062839
0.724	0.2320759651	0.3781231769
0.723	0.2345830083	0.3807983999
0.722	0.2370984573	0.3831235936
0.721	0.2396207754	0.3857988166
0.72	0.24215012	0.388315693
0.719	0.2446870312	0.3910575881
0.718	0.2472276994	0.3936161347
0.717	0.2497743316	0.3960580048
0.716	0.2523278911	0.3983998667
0.715	0.2548910424	0.4010750896
0.714	0.2574593034	0.4036586382
0.713	0.2600325383	0.4063671973
0.712	0.2626110669	0.4089424119
0.711	0.2651918384	0.4116593049
0.71	0.2677774961	0.4144595383
0.709	0.2703676951	0.4167847321
0.708	0.2729635739	0.4191099258
0.707	0.2755674834	0.4214017835
0.706	0.2781760451	0.4240186682
0.705	0.2807893506	0.4266855571
0.704	0.2834055839	0.4292941078
0.703	0.2860244966	0.4318359863
0.702	0.2886490241	0.4346195516
0.701	0.2912778053	0.4373614468
0.7	0.293909996	0.4399699975
0.699	0.2965446928	0.4426035503
0.698	0.2991841017	0.445220435
0.697	0.3018232148	0.4479456621
0.696	0.3044669917	0.4507125594
0.695	0.3071135147	0.4535211268
0.694	0.3097653357	0.4561380115
0.693	0.3124173584	0.458671556
0.692	0.3150723939	0.4612467706
0.691	0.3177285045	0.4637053088
0.69	0.3203880521	0.4662971914
0.689	0.3230488399	0.4689890824
0.688	0.3257128113	0.471564297
0.687	0.3283758926	0.4741645137
0.686	0.3310411558	0.4767313943
0.685	0.3337116728	0.4791815985
0.684	0.3363803272	0.4818901575
0.683	0.3390505026	0.4843820318
0.682	0.3417205096	0.486823902
0.681	0.3443922359	0.4892907742
0.68	0.3470636447	0.4917493124
0.679	0.3497362336	0.4944078673
0.678	0.3524092676	0.496991416
0.677	0.3550842268	0.4996249687
0.676	0.3577587267	0.502108509
0.675	0.3604316098	0.5045587132
0.674	0.3631058314	0.5071589299
0.673	0.3657764676	0.509567464
0.672	0.3684502034	0.5117176431
0.671	0.3711239082	0.5142511876
0.67	0.3737929451	0.5169180765
0.669	0.3764601127	0.5193182765
0.668	0.3791326924	0.5217184765
0.667	0.3818011026	0.5244437036
0.666	0.3844678993	0.526660555
0.665	0.3871355361	0.5287857321
0.664	0.3898002834	0.5313442787
0.663	0.3924641289	0.5336861405
0.662	0.3951263351	0.5361446787
0.661	0.3977864328	0.5383781982
0.66	0.4004426568	0.5410534211
0.659	0.4030987207	0.5434369531
0.658	0.4057511443	0.5459621635
0.657	0.4084028678	0.5481373448
0.656	0.4110501967	0.5505542129
0.655	0.4136958404	0.5529544129
0.654	0.4163360503	0.555379615
0.653	0.41897459	0.5578548212
0.652	0.4216101652	0.5599799983
0.651	0.424241745	0.5620968414
0.65	0.426873649	0.5642803567
0.649	0.429500295	0.5665722144
0.648	0.4321237757	0.5689557463
0.647	0.4347429701	0.5713892824
0.646	0.4373593484	0.5733311109
0.645	0.4399689294	0.5753812818
0.644	0.4425771819	0.5775731311
0.643	0.4451843659	0.5797483124
0.642	0.4477831325	0.5819568297
0.641	0.4503796846	0.5842486874
0.64	0.4529701428	0.5864322027
0.639	0.4555558322	0.588632386
0.638	0.4581398415	0.5908409034
0.637	0.4607163	0.5929660805
0.636	0.4632907291	0.5953246104
0.635	0.4658591726	0.5973997833
0.634	0.4684257592	0.5995499625
0.633	0.4709837775	0.6016418035
0.632	0.4735346018	0.6039836653
0.631	0.4760820649	0.6061671806
0.63	0.4786241399	0.608392366
0.629	0.4811621045	0.6103425285
0.628	0.4836950553	0.612567714
0.627	0.4862214846	0.6147512293
0.626	0.488742961	0.6170430869
0.625	0.491260206	0.619176598
0.624	0.493769962	0.6214184515
0.623	0.4962753959	0.6233269439
0.622	0.4987717497	0.6253354446
0.621	0.5012651849	0.6273522794
0.62	0.5037510009	0.6295191266
0.619	0.5062307564	0.631735978
0.618	0.5087041287	0.6336778065
0.617	0.511170112	0.6358196516
0.616	0.5136325416	0.6378114843
0.615	0.516086277	0.6397033086
0.614	0.5185328866	0.6418201517
0.613	0.5209724897	0.6439536628
0.612	0.5234083225	0.6460705059
0.611	0.5258342468	0.6480540045
0.61	0.528256764	0.6500458372
0.609	0.5306724306	0.6521460122
0.608	0.5330823257	0.6540961747
0.607	0.5354830716	0.6560213351
0.606	0.5378807764	0.6578464872
0.605	0.5402676593	0.6597549796
0.604	0.5426522661	0.6618218185
0.603	0.5450268844	0.663780315
0.602	0.5473907249	0.665863822
0.601	0.5497478748	0.6678889907
0.6	0.5520993316	0.6698891574
0.599	0.5544420517	0.6717726477
0.598	0.5567764743	0.6737894825
0.597	0.5591067532	0.6753396116
0.596	0.5614283228	0.6773147762
0.595	0.5637426643	0.6791065922
0.594	0.5660502959	0.6809650804
0.593	0.5683496775	0.6828652388
0.592	0.5706425451	0.6846737228
0.591	0.5729251283	0.6863905325
0.59	0.5752009651	0.6882323527
0.589	0.5774679568	0.6900241687
0.588	0.5797281712	0.6918493208
0.587	0.5819809064	0.693699475
0.586	0.5842242424	0.6954746229
0.585	0.5864579841	0.6972081007
0.584	0.5886857927	0.6988915743
0.583	0.59090805	0.7008750729
0.582	0.5931192503	0.7024668722
0.581	0.595323029	0.7041420118
0.58	0.5975169584	0.7058754896
0.579	0.5997044588	0.7078089841
0.578	0.6018826183	0.7094757896
0.577	0.6040541696	0.7111259272
0.576	0.6062157707	0.7126760563
0.575	0.6083709888	0.7144762064
0.574	0.6105171709	0.7161096758
0.573	0.612652086	0.7176264689
0.572	0.6147808631	0.7191099258
0.571	0.6169019085	0.7207767314
0.57	0.6190134238	0.7226685557
0.569	0.6211152915	0.7243186932
0.568	0.6232075116	0.7259188266
0.567	0.6252938677	0.727543962
0.566	0.6273714413	0.7291857655
0.565	0.6294390156	0.7308775731
0.564	0.6314998225	0.7323193599
0.563	0.6335483565	0.7339028252
0.562	0.6355898815	0.7355862989
0.561	0.637621218	0.7372781065
0.56	0.6396482823	0.7386782232
0.559	0.6416607261	0.7401866822
0.558	0.6436684985	0.7417368114
0.557	0.6456685827	0.7432452704
0.556	0.6476593151	0.7448204017
0.555	0.6496390097	0.7463121927
0.554	0.6516112586	0.7476623052
0.553	0.6535741549	0.7492457705
0.552	0.6555290062	0.7507542295
0.551	0.6574759893	0.7522460205
0.55	0.6594124104	0.7538461538
0.549	0.6613390356	0.7552796066
0.548	0.6632571015	0.7567630636
0.547	0.6651690286	0.7582548546
0.546	0.6670689977	0.7598549879
0.545	0.6689618379	0.7612801067
0.544	0.6708437969	0.7627302275
0.543	0.6727187835	0.7641303442
0.542	0.6745840301	0.7654971248
0.541	0.6764420259	0.7668972414
0.54	0.678290214	0.7683806984
0.539	0.6801302647	0.7697808151
0.538	0.6819617245	0.771247604
0.537	0.6837864145	0.7726143845
0.536	0.6855994274	0.7741228436
0.535	0.6874036895	0.7755479623
0.534	0.6892009201	0.7768980748
0.533	0.6909884947	0.7780565047
0.532	0.6927638114	0.7794566214
0.531	0.6945344468	0.7807733978
0.53	0.696296168	0.782048504
0.529	0.6980494983	0.7833819485
0.528	0.6997915658	0.7847987332
0.527	0.7015278528	0.7860071673
0.526	0.7032550697	0.787140595
0.525	0.7049713196	0.7883490291
0.524	0.7066805522	0.789507459
0.523	0.7083829608	0.7907492291
0.522	0.7100767935	0.7920493374
0.521	0.7117612386	0.7935244604
0.52	0.713437157	0.7946578882
0.519	0.7151044413	0.7959829986
0.518	0.7167629363	0.7972831069
0.517	0.7184134872	0.7985332111
0.516	0.7200546146	0.7996083007
0.515	0.7216868579	0.8007750646
0.514	0.7233100243	0.8020251688
0.513	0.7249287437	0.803283607
0.512	0.7265377088	0.8043253604
0.511	0.728138083	0.8055087924
0.51	0.7297327466	0.8068005667
0.509	0.7313173217	0.8079589966
0.508	0.7328932835	0.8091840987
0.507	0.7344607002	0.8103258605
0.506	0.736019712	0.8114426202
0.505	0.7375704045	0.8126593883
0.504	0.7391138739	0.8138428202
0.503	0.7406481932	0.8149512459
0.502	0.7421763426	0.8163680307
0.501	0.7436939744	0.8174597883
0.5	0.745204678	0.8185265439
0.499	0.7467086692	0.8197183099
0.498	0.7482031845	0.8207517293
0.497	0.7496916017	0.8218101508
0.496	0.751173799	0.8228769064
0.495	0.7526467605	0.8240270023
0.494	0.7541115428	0.8250437536
0.493	0.7555675901	0.8260688391
0.492	0.7570158166	0.8270939245
0.491	0.758456494	0.8282190183
0.49	0.7598877713	0.829335778
0.489	0.7613126921	0.8304442037
0.488	0.7627301655	0.8313026086
0.487	0.7641395031	0.8324360363
0.486	0.7655419884	0.8334611218
0.485	0.7669376254	0.8345195433
0.484	0.7683262851	0.8356779732
0.483	0.7697065648	0.8366780565
0.482	0.771077922	0.8375281273
0.481	0.7724433235	0.8385198767
0.48	0.7738022827	0.8395866322
0.479	0.775152937	0.8405033753
0.478	0.7764956471	0.841620135
0.477	0.7778308956	0.8426035503
0.476	0.7791605119	0.8436286357
0.475	0.7804815498	0.8446870573
0.474	0.7817951212	0.8454704559
0.473	0.7831021836	0.8464872073
0.472	0.7844017768	0.8475122927
0.471	0.7856951053	0.8485623802
0.47	0.7869800755	0.8496041337
0.469	0.7882605877	0.8506542212
0.468	0.7895341209	0.8514626219
0.467	0.7907999133	0.8524127011
0.466	0.7920576649	0.8532461038
0.465	0.7933094251	0.854196183
0.464	0.7945539571	0.8551545962
0.463	0.7957907457	0.8561213434
0.462	0.7970212546	0.8569880823
0.461	0.7982453629	0.8579214935
0.46	0.7994630213	0.8587132261
0.459	0.8006746083	0.8596299692
0.458	0.8018793371	0.8603550296
0.457	0.803077882	0.8613551129
0.456	0.804268031	0.862288524
0.455	0.8054535537	0.863188599
0.454	0.8066320474	0.8640470039
0.453	0.8078037295	0.8648554046
0.452	0.8089684993	0.8657471456
0.451	0.8101289337	0.8666472206
0.45	0.8112799697	0.8674972914
0.449	0.8124257917	0.8681223435
0.448	0.8135646965	0.8688140678
0.447	0.8146971664	0.8696974748
0.446	0.8158241816	0.8705808817
0.445	0.8169466513	0.8713892824
0.444	0.8180618178	0.8721393449
0.443	0.8191699512	0.8727727311
0.442	0.8202708496	0.8735811318
0.441	0.821365209	0.874247854
0.44	0.822454773	0.8749062422
0.439	0.8235387755	0.8756479707
0.438	0.8246170659	0.8764397033
0.437	0.8256883438	0.8771480957
0.436	0.8267528345	0.8779231603
0.435	0.8278110036	0.8786232186
0.434	0.8288662325	0.8792816068
0.433	0.8299155099	0.879931661
0.432	0.8309579758	0.8806900575
0.431	0.8319942619	0.8814151179
0.43	0.8330264526	0.8821485124
0.429	0.834051631	0.8827985665
0.428	0.8350711763	0.8835069589
0.427	0.8360857936	0.884132011
0.426	0.8370937994	0.8849237436
0.425	0.8380950237	0.8854987916
0.424	0.8390926834	0.886223852
0.423	0.8400848201	0.8869822485
0.422	0.8410705479	0.8875989666
0.421	0.8420503309	0.8880990083
0.42	0.8430242591	0.8888824069
0.419	0.8439963363	0.8896408034
0.418	0.8449616745	0.8902408534
0.417	0.8459212713	0.8909159097
0.416	0.8468752292	0.8916826402
0.415	0.8478246583	0.8924077006
0.414	0.8487696286	0.8931410951
0.413	0.8497075966	0.8938244854
0.412	0.8506404357	0.8944828736
0.411	0.8515682627	0.8950912576
0.41	0.8524910741	0.895807984
0.409	0.853407895	0.8962996916
0.408	0.8543207796	0.8968080673
0.407	0.8552283037	0.8973581132
0.406	0.8561289471	0.8979248271
0.405	0.8570261043	0.8985332111
0.404	0.8579194811	0.8992082674
0.403	0.8588077141	0.8998166514
0.402	0.8596894339	0.9004417035
0.401	0.8605680318	0.9010250854
0.4	0.8614412075	0.9017084757
0.399	0.8623083283	0.9024002
0.398	0.8631711705	0.9031419285
0.397	0.8640296321	0.9037003084
0.396	0.8648832275	0.9043003584
0.395	0.8657312565	0.9048504042
0.394	0.8665771185	0.9053421118
0.393	0.867418706	0.9059421618
0.392	0.8682545338	0.906583882
0.391	0.8690863678	0.9070755896
0.39	0.8699137655	0.9076673056
0.389	0.8707345776	0.9082423535
0.388	0.8715513843	0.9088340695
0.387	0.8723650157	0.9096008001
0.386	0.8731716847	0.910167514
0.385	0.8739761151	0.910784232
0.384	0.8747757542	0.911367614
0.383	0.8755696911	0.9118926577
0.382	0.8763619779	0.9125593799
0.381	0.8771469464	0.9129677473
0.38	0.8779288504	0.9135427952
0.379	0.878706324	0.9139678307
0.378	0.8794804497	0.9145178765
0.377	0.8802501392	0.9149929161
0.376	0.881015254	0.9155179598
0.375	0.8817768752	0.9160346696
0.374	0.8825338709	0.9165680473
0.373	0.8832871587	0.9171097591
0.372	0.8840364636	0.9175514626
0.371	0.8847820982	0.9180931744
0.37	0.8855238832	0.918551546
0.369	0.8862612836	0.9189932494
0.368	0.8869941686	0.9195599633
0.367	0.8877238732	0.920068339
0.366	0.8884493841	0.9205517126
0.365	0.8891708196	0.9209850821
0.364	0.8898889514	0.921543462
0.363	0.8906025469	0.9220685057
0.362	0.8913133538	0.9225935495
0.361	0.8920187002	0.923068589
0.36	0.8927213055	0.9235852988
0.359	0.893419682	0.9240603384
0.358	0.8941145173	0.9244437036
0.357	0.894804808	0.9248854071
0.356	0.8954921717	0.9253437786
0.355	0.8961752342	0.925735478
0.354	0.8968554572	0.9262021835
0.353	0.8975328816	0.9265688807
0.352	0.898206714	0.9270939245
0.351	0.8988762126	0.9275939662
0.35	0.8995425343	0.9280690058
0.349	0.9002060939	0.9284773731
0.348	0.9008656841	0.9289190766
0.347	0.9015214505	0.9293857821
0.346	0.9021731623	0.9297941495
0.345	0.9028224581	0.9303108592
0.344	0.9034683177	0.9307192266
0.343	0.9041099502	0.9311025919
0.342	0.9047492508	0.9315192933
0.341	0.9053849185	0.9320860072
0.34	0.9060172542	0.9323776981
0.339	0.9066465063	0.9327610634
0.338	0.9072711013	0.9331610968
0.337	0.9078924067	0.9334777898
0.336	0.9085105452	0.9339278273
0.335	0.9091265785	0.9343445287
0.334	0.909738413	0.9347945662
0.333	0.9103478248	0.9352029336
0.332	0.9109543363	0.9355779648
0.331	0.9115578116	0.9359613301
0.33	0.912158045	0.9364197016
0.329	0.912755278	0.9368780732
0.328	0.9133483223	0.9373197766
0.327	0.9139385997	0.93771981
0.326	0.9145254717	0.9381948496
0.325	0.9151107044	0.9385532128
0.324	0.9156916242	0.9389865822
0.323	0.9162702929	0.9394866239
0.322	0.9168465972	0.9398783232
0.321	0.9174196795	0.9402450204
0.32	0.9179904765	0.9406367197
0.319	0.9185561564	0.941028419
0.318	0.9191217222	0.9415451288
0.317	0.9196831016	0.9418951579
0.316	0.9202422634	0.9422951913
0.315	0.9207977664	0.9427035586
0.314	0.9213510484	0.9430952579
0.313	0.9219015952	0.9434702892
0.312	0.9224494749	0.9437619802
0.311	0.9229944003	0.9441370114
0.31	0.9235361528	0.9445120427
0.309	0.9240749825	0.944912076
0.308	0.924611207	0.9453454455
0.307	0.925144862	0.945803817
0.306	0.925676456	0.9461621802
0.305	0.9262045696	0.9465122094
0.304	0.9267303872	0.9468955746
0.303	0.9272546113	0.9472539378
0.302	0.927775035	0.9475789649
0.301	0.9282938169	0.9479623302
0.3	0.9288097118	0.9484040337
0.299	0.9293225923	0.948804067
0.298	0.9298323016	0.9492291024
0.297	0.930339659	0.9495874656
0.296	0.9308454637	0.9499041587
0.295	0.9313485574	0.9502791899
0.294	0.9318478706	0.9506292191
0.293	0.9323461721	0.9510542545
0.292	0.9328415917	0.9514126177
0.291	0.9333341918	0.9517709809
0.29	0.9338245241	0.9520626719
0.289	0.9343131872	0.9524877073
0.288	0.9347992499	0.9528210684
0.287	0.9352820149	0.9532044337
0.286	0.9357634305	0.9535461288
0.285	0.9362430043	0.9539628302
0.284	0.9367193061	0.9542628552
0.283	0.937193306	0.9546295525
0.282	0.9376636439	0.9550045837
0.281	0.9381324474	0.9553546129
0.28	0.938599665	0.9557046421
0.279	0.9390642273	0.9560546712
0.278	0.9395256967	0.9563046921
0.277	0.9399850677	0.9566380532
0.276	0.9404424042	0.9569464122
0.275	0.9408973197	0.9572214351
0.274	0.9413518785	0.9574047837
0.273	0.9418026436	0.9577131428
0.272	0.9422514735	0.9581131761
0.271	0.9426978823	0.958379865
0.27	0.9431419984	0.9586632219
0.269	0.9435849227	0.9590132511
0.268	0.9440254092	0.9593549462
0.267	0.9444626863	0.9596799733
0.266	0.9448983523	0.9599633303
0.265	0.9453319299	0.960180015
0.264	0.9457639681	0.9605467122
0.263	0.9461932118	0.9609300775
0.262	0.9466208279	0.9612051004
0.261	0.9470452595	0.9614634553
0.26	0.9474681026	0.9618218185
0.259	0.9478892823	0.962263522
0.258	0.9483087459	0.9626052171
0.257	0.9487252692	0.9628552379
0.256	0.9491402907	0.963180265
0.255	0.9495534253	0.9634886241
0.254	0.9499643514	0.963780315
0.253	0.950373149	0.9639386616
0.252	0.9507810664	0.9642636886
0.251	0.9511857877	0.9646137178
0.25	0.9515892148	0.9649137428
0.249	0.951990069	0.9652304359
0.248	0.9523892164	0.9654637886
0.247	0.9527866712	0.9657971498
0.246	0.9531835825	0.9660805067
0.245	0.9535774477	0.9663721977
0.244	0.9539689727	0.9666388866
0.243	0.9543595643	0.9668805734
0.242	0.954748124	0.9671139262
0.241	0.9551342943	0.9674056171
0.24	0.9555194236	0.9676889741
0.239	0.9559017118	0.9680056671
0.238	0.9562826774	0.968264022
0.237	0.9566604027	0.9685057088
0.236	0.9570366828	0.9687973998
0.235	0.9574119629	0.9690724227
0.234	0.9577850635	0.9694307859
0.233	0.9581561048	0.9695891324
0.232	0.9585262418	0.9698391533
0.231	0.9588953612	0.9700808401
0.23	0.9592619437	0.970364197
0.229	0.9596260834	0.970664222
0.228	0.9599887664	0.9708559047
0.227	0.9603504475	0.9711225935
0.226	0.9607093076	0.9714226186
0.225	0.9610674542	0.9716476373
0.224	0.9614231882	0.9719309942
0.223	0.9617775761	0.9721893491
0.222	0.9621313515	0.9724393699
0.221	0.9624825833	0.9726560547
0.22	0.9628317207	0.9728894075
0.219	0.9631785062	0.9731227602
0.218	0.9635240216	0.9733977831
0.217	0.9638679468	0.973664472
0.216	0.9642117353	0.9738728227
0.215	0.9645523136	0.9740561713
0.214	0.96489195	0.9742895241
0.213	0.9652291754	0.974547879
0.212	0.965565259	0.97483957
0.211	0.9659002892	0.9750479207
0.21	0.9662330225	0.9753479457
0.209	0.966565049	0.9756063005
0.208	0.9668948628	0.9758646554
0.207	0.9672240241	0.9761146762
0.206	0.9675505717	0.9763813651
0.205	0.9678758192	0.9764897075
0.204	0.9681993758	0.9767230603
0.203	0.968519652	0.9768814068
0.202	0.968839699	0.9770814235
0.201	0.9691583608	0.9772897741
0.2	0.9694753984	0.9774897908
0.199	0.9697915792	0.9776981415
0.198	0.9701055789	0.9779648304
0.197	0.970417866	0.9781981832
0.196	0.9707286812	0.978431536
0.195	0.9710379463	0.9786482207
0.194	0.9713454487	0.9788899075
0.193	0.9716510634	0.9791482624
0.192	0.9719555747	0.9794149512
0.191	0.9722587534	0.9795816318
0.19	0.9725591943	0.9798316526
0.189	0.9728582883	0.9800400033
0.188	0.9731560098	0.9802066839
0.187	0.973451871	0.9804150346
0.186	0.9737464263	0.9805817151
0.185	0.9740390456	0.9808150679
0.184	0.974330398	0.9810734228
0.183	0.9746200087	0.9812817735
0.182	0.9749085184	0.9815151263
0.181	0.9751947661	0.981723477
0.18	0.9754792854	0.9819484957
0.179	0.9757629821	0.9820901742
0.178	0.9760451295	0.9822818568
0.177	0.9763246475	0.9825568797
0.176	0.9766034403	0.9827568964
0.175	0.976879903	0.9830402534
0.174	0.9771556522	0.9832569381
0.173	0.9774299147	0.9834736228
0.172	0.977701381	0.9836403034
0.171	0.9779705962	0.9838486541
0.17	0.9782398248	0.9840403367
0.169	0.9785064065	0.9842153513
0.168	0.9787718655	0.9844487041
0.167	0.979035261	0.984732061
0.166	0.979296893	0.9849070756
0.165	0.9795559156	0.9851154263
0.164	0.9798141781	0.985332111
0.163	0.9800714863	0.9855404617
0.162	0.9803259493	0.9857154763
0.161	0.9805794304	0.9858904909
0.16	0.9808313798	0.9860488374
0.159	0.9810821082	0.9861821818
0.158	0.9813301255	0.9863571964
0.157	0.9815766643	0.9864988749
0.156	0.9818227864	0.9866572214
0.155	0.982066375	0.9868822402
0.154	0.9823076208	0.9870489207
0.153	0.9825473697	0.9872156013
0.152	0.9827853619	0.9873489457
0.151	0.9830217638	0.9875489624
0.15	0.9832564481	0.9877573131
0.149	0.9834896773	0.9878406534
0.148	0.9837205904	0.9879989999
0.147	0.9839503884	0.9881740145
0.146	0.9841777369	0.988332361
0.145	0.9844041487	0.9885740478
0.144	0.9846283828	0.9887740645
0.143	0.9848510226	0.9889490791
0.142	0.9850722364	0.9891824319
0.141	0.9852916242	0.9893407784
0.14	0.9855088901	0.9894824569
0.139	0.9857249633	0.9896491374
0.138	0.9859391272	0.9897658138
0.137	0.9861521152	0.9899158263
0.136	0.9863634347	0.9900908409
0.135	0.9865722406	0.9901825152
0.134	0.9867797363	0.9903241937
0.133	0.9869853902	0.9904492041
0.132	0.9871897281	0.9906075506
0.131	0.9873921092	0.9907658972
0.13	0.9875926976	0.9909075756
0.129	0.9877924892	0.9910492541
0.128	0.9879898382	0.9911575965
0.127	0.9881860819	0.9912909409
0.126	0.9883807306	0.9914242854
0.125	0.9885728323	0.9915576298
0.124	0.9887639739	0.9916659722
0.123	0.9889532987	0.9917743145
0.122	0.9891399032	0.9918993249
0.121	0.9893259184	0.9920243354
0.12	0.9895093301	0.992224352
0.119	0.9896918067	0.9923076923
0.118	0.9898723747	0.9923993666
0.117	0.9900514851	0.9925660472
0.116	0.9902286679	0.9926577215
0.115	0.9904044696	0.9927493958
0.114	0.9905787262	0.9928660722
0.113	0.9907514993	0.9930077506
0.112	0.990921898	0.9930744229
0.111	0.9910917875	0.9932494375
0.11	0.9912589376	0.9933494458
0.109	0.9914244291	0.9934744562
0.108	0.991588403	0.9936328027
0.107	0.9917510743	0.9937828152
0.106	0.9919118837	0.9939411618
0.105	0.992070332	0.9940411701
0.104	0.9922274586	0.9940995083
0.103	0.9923827999	0.9942411868
0.102	0.9925368829	0.9943745312
0.101	0.992688478	0.9944578715
0.1	0.9928384847	0.9945495458
0.099	0.9929868454	0.9946578882
0.098	0.9931342343	0.9947828986
0.097	0.9932796046	0.9948662389
0.096	0.9934238966	0.994916243
0.095	0.9935658691	0.9950162514
0.094	0.9937063765	0.9951245937
0.093	0.9938449562	0.9952579382
0.092	0.9939816515	0.9953329444
0.091	0.9941161991	0.9954579548
0.09	0.9942489182	0.9955496291
0.089	0.9943802805	0.9956496375
0.088	0.9945096935	0.9957079757
0.087	0.9946378596	0.9958496541
0.086	0.9947645131	0.9959496625
0.085	0.9948885922	0.9960413368
0.084	0.9950109694	0.9961246771
0.083	0.995131379	0.9961913493
0.082	0.9952504767	0.9962246854
0.081	0.9953680926	0.9963163597
0.08	0.9954837367	0.9964247021
0.079	0.995597864	0.9965247104
0.078	0.995710026	0.9965913826
0.077	0.9958203529	0.996708059
0.076	0.9959292313	0.9968080673
0.075	0.9960361419	0.9969164097
0.074	0.9961411908	0.99699975
0.073	0.9962444219	0.9970664222
0.072	0.9963458946	0.9971414285
0.071	0.9964455554	0.9972247687
0.07	0.9965439552	0.9972581048
0.069	0.9966405307	0.9973247771
0.068	0.9967346643	0.9973914493
0.067	0.9968279811	0.9974497875
0.066	0.9969191369	0.9975247937
0.065	0.9970089142	0.9975998
0.064	0.9970968088	0.9976498042
0.063	0.9971832117	0.9977248104
0.062	0.9972676943	0.9977664805
0.061	0.9973502025	0.9978498208
0.06	0.9974314981	0.9979331611
0.059	0.9975106019	0.9979664972
0.058	0.9975880713	0.9980248354
0.057	0.9976639431	0.9980998417
0.056	0.9977379521	0.9981748479
0.055	0.9978104102	0.9982248521
0.054	0.9978812523	0.9983165264
0.053	0.9979507142	0.9983331944
0.052	0.9980181752	0.9983665305
0.051	0.9980840659	0.9984415368
0.05	0.998148499	0.9984748729
0.049	0.9982108969	0.998491541
0.048	0.9982722456	0.9985748812
0.047	0.9983318415	0.9986248854
0.046	0.9983900165	0.9986582215
0.045	0.9984466105	0.9986998917
0.044	0.9985016452	0.9987332278
0.043	0.9985552297	0.9987498958
0.042	0.9986073491	0.998791566
0.041	0.9986584233	0.9988582382
0.04	0.9987081608	0.9988999083
0.039	0.9987563556	0.9989415785
0.038	0.998803122	0.9989582465
0.037	0.998848509	0.9989915826
0.036	0.9988924851	0.9990332528
0.035	0.9989350285	0.9990499208
0.034	0.998976506	0.9990665889
0.033	0.9990164683	0.999108259
0.032	0.9990553005	0.9991499292
0.031	0.9990931401	0.9991665972
0.03	0.9991295555	0.9991832653
0.029	0.999164949	0.9992082674
0.028	0.9991993008	0.9992249354
0.027	0.9992325091	0.9992582715
0.026	0.9992643789	0.9993166097
0.025	0.9992953395	0.9993416118
0.024	0.99932512	0.9993749479
0.023	0.9993540396	0.999408284
0.022	0.9993818374	0.9994416201
0.021	0.9994087334	0.9994666222
0.02	0.9994348093	0.9995082924
0.019	0.9994598393	0.9995332944
0.018	0.9994839059	0.9995332944
0.017	0.9995070649	0.9995416285
0.016	0.9995293879	0.9995582965
0.015	0.9995508001	0.9995832986
0.014	0.999571503	0.9996083007
0.013	0.9995915217	0.9996166347
0.012	0.9996104885	0.9996166347
0.011	0.9996289229	0.9996249687
0.01	0.9996464596	0.9996499708
0.009	0.9996636897	0.9996666389
0.008	0.999679683	0.999699975
0.007	0.9996952129	0.999708309
0.006	0.9997099802	0.9997333111
0.005	0.9997242566	0.9997583132
0.004	0.999737958	0.9997666472
0.003	0.9997511559	0.9997666472
0.002	0.999763748	0.9997749812
0.001	0.9997756684	0.9997916493
0	0.9997871821	0.9998083174
-0.001	0.9997981698	0.9998249854
-0.002	0.9998085334	0.9998333194
-0.003	0.9998185735	0.9998333194
-0.004	0.999828202	0.9998499875
-0.005	0.9998372787	0.9998749896
-0.006	0.9998460413	0.9998749896
-0.007	0.9998541804	0.9998833236
-0.008	0.999862047	0.9998833236
-0.009	0.9998694128	0.9998833236
-0.01	0.9998765577	0.9998916576
-0.011	0.9998833058	0.9998916576
-0.012	0.9998896648	0.9998999917
-0.013	0.9998958563	0.9998999917
-0.014	0.9999017252	0.9998999917
-0.015	0.9999072732	0.9998999917
-0.016	0.9999124721	0.9998999917
-0.017	0.9999174742	0.9999083257
-0.018	0.9999221297	0.9999083257
-0.019	0.9999267177	0.9999166597
-0.02	0.9999308531	0.9999249937
-0.021	0.9999348852	0.9999333278
-0.022	0.999938698	0.9999333278
-0.023	0.9999423226	0.9999333278
-0.024	0.9999456746	0.9999333278
-0.025	0.9999488007	0.9999333278
-0.026	0.9999518077	0.9999416618
-0.027	0.999954773	0.9999416618
-0.028	0.9999575658	0.9999499958
-0.029	0.999960046	0.9999499958
-0.03	0.9999624679	0.9999583299
-0.031	0.9999647615	0.9999666639
-0.032	0.9999669517	0.9999666639
-0.033	0.9999690052	0.9999666639
-0.034	0.9999709579	0.9999666639
-0.035	0.9999727923	0.9999749979
-0.036	0.9999744524	0.9999749979
-0.037	0.9999760701	0.9999749979
-0.038	0.9999776053	0.9999749979
-0.039	0.9999790929	0.9999749979
-0.04	0.9999804622	0.9999833319
-0.041	0.9999816723	0.9999833319
-0.042	0.9999827791	0.9999833319
-0.043	0.9999838834	0.9999833319
-0.044	0.9999849293	0.9999833319
-0.045	0.9999859028	0.9999833319
-0.046	0.9999868437	0.9999833319
-0.047	0.9999876963	0.9999833319
-0.048	0.9999885364	0.9999833319
-0.049	0.9999893073	0.9999833319
-0.05	0.9999899998	0.9999833319
-0.051	0.9999907057	0.9999833319
-0.052	0.999991355	0.9999833319
-0.053	0.9999919417	0.9999833319
-0.054	0.9999924667	0.9999833319
-0.055	0.9999929868	0.9999833319
-0.056	0.9999934452	0.9999833319
-0.057	0.9999938836	0.9999833319
-0.058	0.9999943119	0.999991666
-0.059	0.9999946828	0.999991666
-0.06	0.9999950853	0.999991666
-0.061	0.9999954062	0.999991666
-0.062	0.9999957112	0.999991666
-0.063	0.9999960088	0.999991666
-0.064	0.9999962921	0.999991666
-0.065	0.999996548	0.999991666
-0.066	0.9999967772	0.999991666
-0.067	0.9999970189	0.999991666
-0.068	0.9999971981	0.999991666
-0.069	0.9999973981	0.999991666
-0.07	0.9999975814	0.999991666
-0.071	0.9999977506	0.999991666
-0.072	0.999997914	0.999991666
-0.073	0.9999980423	0.999991666
-0.074	0.9999981631	0.999991666
-0.075	0.9999982915	0.999991666
-0.076	0.9999984148	0.999991666
-0.077	0.9999985265	0.999991666
-0.078	0.9999986165	0.999991666
-0.079	0.9999987132	0.999991666
-0.08	0.9999988232	0.999991666
-0.081	0.9999989124	0.999991666
-0.082	0.9999989691	0.999991666
-0.083	0.9999990357	0.999991666
-0.084	0.9999991099	0.999991666
-0.085	0.9999991708	1
-0.086	0.9999992199	1
-0.087	0.9999992783	1
-0.088	0.9999993308	1
-0.089	0.9999993774	1
-0.09	0.9999994233	1
-0.091	0.9999994658	1
-0.092	0.9999994999	1
-0.093	0.99999954	1
-0.094	0.9999995741	1
-0.095	0.9999996058	1
-0.096	0.9999996358	1
-0.097	0.9999996575	1
-0.098	0.9999996758	1
-0.099	0.9999996975	1
-0.1	0.9999997158	1
-0.101	0.999999735	1
-0.102	0.9999997483	1
-0.103	0.9999997675	1
-0.104	0.9999997825	1
-0.105	0.9999997958	1
-0.106	0.9999998108	1
-0.107	0.9999998241	1
-0.108	0.9999998333	1
-0.109	0.9999998425	1
-0.11	0.9999998525	1
-0.111	0.9999998658	1
-0.112	0.9999998767	1
-0.113	0.9999998867	1
-0.114	0.9999998917	1
-0.115	0.9999999008	1
-0.116	0.9999999092	1
-0.117	0.999999915	1
-0.118	0.9999999217	1
-0.119	0.9999999292	1
-0.12	0.9999999325	1
-0.121	0.9999999358	1
-0.122	0.9999999383	1
-0.123	0.9999999417	1
-0.124	0.999999945	1
-0.125	0.99999995	1
-0.126	0.9999999508	1
-0.127	0.9999999542	1
-0.128	0.9999999567	1
-0.129	0.99999996	1
-0.13	0.9999999642	1
-0.131	0.9999999675	1
-0.132	0.99999997	1
-0.133	0.99999997	1
-0.134	0.9999999717	1
-0.135	0.9999999742	1
-0.136	0.9999999775	1
-0.137	0.99999998	1
-0.138	0.9999999808	1
-0.139	0.9999999842	1
-0.14	0.999999985	1
-0.141	0.9999999858	1
-0.142	0.9999999858	1
-0.143	0.9999999867	1
-0.144	0.9999999875	1
-0.145	0.9999999875	1
-0.146	0.9999999875	1
-0.147	0.9999999883	1
-0.148	0.9999999892	1
-0.149	0.99999999	1
-0.15	0.99999999	1
-0.151	0.9999999917	1
-0.152	0.9999999925	1
-0.153	0.9999999933	1
-0.154	0.9999999958	1
-0.155	0.9999999958	1
-0.156	0.9999999967	1
-0.157	0.9999999967	1
-0.158	0.9999999975	1
-0.159	0.9999999975	1
-0.16	0.9999999975	1
-0.161	0.9999999983	1
-0.162	0.9999999983	1
-0.163	0.9999999983	1
-0.164	0.9999999983	1
-0.165	0.9999999983	1
-0.166	0.9999999983	1
-0.167	0.9999999983	1
-0.168	0.9999999983	1
-0.169	0.9999999983	1
-0.17	0.9999999983	1
-0.171	0.9999999983	1
-0.172	0.9999999983	1
-0.173	0.9999999983	1
-0.174	0.9999999992	1
-0.175	0.9999999992	1
-0.176	0.9999999992	1
-0.177	0.9999999992	1
-0.178	0.9999999992	1
-0.179	1	1
-0.18	1	1
-0.181	1	1
-0.182	1	1
-0.183	1	1
-0.184	1	1
-0.185	1	1
-0.186	1	1
-0.187	1	1
-0.188	1	1
-0.189	1	1
-0.19	1	1
-0.191	1	1
-0.192	1	1
-0.193	1	1
-0.194	1	1
-0.195	1	1
-0.196	1	1
-0.197	1	1
-0.198	1	1
-0.199	1	1
-0.2	1	1
-0.201	1	1
-0.202	1	1
-0.203	1	1
-0.204	1	1
-0.205	1	1
-0.206	1	1
-0.207	1	1
-0.208	1	1
-0.209	1	1
-0.21	1	1
-0.211	1	1
-0.212	1	1
-0.213	1	1
-0.214	1	1
-0.215	1	1
-0.216	1	1
-0.217	1	1
-0.218	1	1
-0.219	1	1
-0.22	1	1
-0.221	1	1
-0.222	1	1
-0.223	1	1
-0.224	1	1
-0.225	1	1
-0.226	1	1
-0.227	1	1
-0.228	1	1
-0.229	1	1
-0.23	1	1
-0.231	1	1
-0.232	1	1
-0.233	1	1
-0.234	1	1
-0.235	1	1
-0.236	1	1
-0.237	1	1
-0.238	1	1
-0.239	1	1
-0.24	1	1
-0.241	1	1
-0.242	1	1
-0.243	1	1
-0.244	1	1
-0.245	1	1
-0.246	1	1
-0.247	1	1
-0.248	1	1
-0.249	1	1
-0.25	1	1
-0.251	1	1
-0.252	1	1
-0.253	1	1
-0.254	1	1
-0.255	1	1
-0.256	1	1
-0.257	1	1
-0.258	1	1
-0.259	1	1
-0.26	1	1
-0.261	1	1
-0.262	1	1
-0.263	1	1
-0.264	1	1
-0.265	1	1
-0.266	1	1
-0.267	1	1
-0.268	1	1
-0.269	1	1
-0.27	1	1
-0.271	1	1
-0.272	1	1
-0.273	1	1
-0.274	1	1
-0.275	1	1
-0.276	1	1
-0.277	1	1
-0.278	1	1
-0.279	1	1
-0.28	1	1
-0.281	1	1
-0.282	1	1
-0.283	1	1
-0.284	1	1
-0.285	1	1
-0.286	1	1
-0.287	1	1
-0.288	1	1
-0.289	1	1
-0.29	1	1
-0.291	1	1
-0.292	1	1
-0.293	1	1
-0.294	1	1
-0.295	1	1
-0.296	1	1
-0.297	1	1
-0.298	1	1
-0.299	1	1
-0.3	1	1
-0.301	1	1
-0.302	1	1
-0.303	1	1
-0.304	1	1
-0.305	1	1
-0.306	1	1
-0.307	1	1
-0.308	1	1
-0.309	1	1
-0.31	1	1
-0.311	1	1
-0.312	1	1
-0.313	1	1
-0.314	1	1
-0.315	1	1
-0.316	1	1
-0.317	1	1
-0.318	1	1
-0.319	1	1
-0.32	1	1
-0.321	1	1
-0.322	1	1
-0.323	1	1
-0.324	1	1
-0.325	1	1
-0.326	1	1
-0.327	1	1
-0.328	1	1
-0.329	1	1
-0.33	1	1
-0.331	1	1
-0.332	1	1
-0.333	1	1
-0.334	1	1
-0.335	1	1
-0.336	1	1
-0.337	1	1
-0.338	1	1
-0.339	1	1
-0.34	1	1
-0.341	1	1
-0.342	1	1
-0.343	1	1
-0.344	1	1
-0.345	1	1
-0.346	1	1
-0.347	1	1
-0.348	1	1
-0.349	1	1
-0.35	1	1
-0.351	1	1
-0.352	1	1
-0.353	1	1
-0.354	1	1
-0.355	1	1
-0.356	1	1
-0.357	1	1
-0.358	1	1
-0.359	1	1
-0.36	1	1
-0.361	1	1
-0.362	1	1
-0.363	1	1
-0.364	1	1
-0.365	1	1
-0.366	1	1
-0.367	1	1
-0.368	1	1
-0.369	1	1
-0.37	1	1
-0.371	1	1
-0.372	1	1
-0.373	1	1
-0.374	1	1
-0.375	1	1
-0.376	1	1
-0.377	1	1
-0.378	1	1
-0.379	1	1
-0.38	1	1
-0.381	1	1
-0.382	1	1
-0.383	1	1
-0.384	1	1
-0.385	1	1
-0.386	1	1
-0.387	1	1
-0.388	1	1
-0.389	1	1
-0.39	1	1
-0.391	1	1
-0.392	1	1
-0.393	1	1
-0.394	1	1
-0.395	1	1
-0.396	1	1
-0.397	1	1
-0.398	1	1
-0.399	1	1
-0.4	1	1
-0.401	1	1
-0.402	1	1
-0.403	1	1
-0.404	1	1
-0.405	1	1
-0.406	1	1
-0.407	1	1
-0.408	1	1
-0.409	1	1
-0.41	1	1
-0.411	1	1
-0.412	1	1
-0.413	1	1
-0.414	1	1
-0.415	1	1
-0.416	1	1
-0.417	1	1
-0.418	1	1
-0.419	1	1
-0.42	1	1
-0.421	1	1
-0.422	1	1
-0.423	1	1
-0.424	1	1
-0.425	1	1
-0.426	1	1
-0.427	1	1
-0.428	1	1
-0.429	1	1
-0.43	1	1
-0.431	1	1
-0.432	1	1
-0.433	1	1
-0.434	1	1
-0.435	1	1
-0.436	1	1
-0.437	1	1
-0.438	1	1
-0.439	1	1
-0.44	1	1
-0.441	1	1
-0.442	1	1
-0.443	1	1
-0.444	1	1
-0.445	1	1
-0.446	1	1
-0.447	1	1
-0.448	1	1
-0.449	1	1
-0.45	1	1
-0.451	1	1
-0.452	1	1
-0.453	1	1
-0.454	1	1
-0.455	1	1
-0.456	1	1
-0.457	1	1
-0.458	1	1
-0.459	1	1
-0.46	1	1
-0.461	1	1
-0.462	1	1
-0.463	1	1
-0.464	1	1
-0.465	1	1
-0.466	1	1
-0.467	1	1
-0.468	1	1
-0.469	1	1
-0.47	1	1
-0.471	1	1
-0.472	1	1
-0.473	1	1
-0.474	1	1
-0.475	1	1
-0.476	1	1
-0.477	1	1
-0.478	1	1
-0.479	1	1
-0.48	1	1
-0.481	1	1
-0.482	1	1
-0.483	1	1
-0.484	1	1
-0.485	1	1
-0.486	1	1
-0.487	1	1
-0.488	1	1
-0.489	1	1
-0.49	1	1
-0.491	1	1
-0.492	1	1
-0.493	1	1
-0.494	1	1
-0.495	1	1
-0.496	1	1
-0.497	1	1
-0.498	1	1
-0.499	1	1
-0.5	1	1
-0.501	1	1
-0.502	1	1
-0.503	1	1
-0.504	1	1
-0.505	1	1
-0.506	1	1
-0.507	1	1
-0.508	1	1
-0.509	1	1
-0.51	1	1
-0.511	1	1
-0.512	1	1
-0.513	1	1
-0.514	1	1
-0.515	1	1
-0.516	1	1
-0.517	1	1
-0.518	1	1
-0.519	1	1
-0.52	1	1
-0.521	1	1
-0.522	1	1
-0.523	1	1
-0.524	1	1
-0.525	1	1
-0.526	1	1
-0.527	1	1
-0.528	1	1
-0.529	1	1
-0.53	1	1
-0.531	1	1
-0.532	1	1
-0.533	1	1
-0.534	1	1
-0.535	1	1
-0.536	1	1
-0.537	1	1
-0.538	1	1
-0.539	1	1
-0.54	1	1
-0.541	1	1
-0.542	1	1
-0.543	1	1
-0.544	1	1
-0.545	1	1
-0.546	1	1
-0.547	1	1
-0.548	1	1
-0.549	1	1
-0.55	1	1
-0.551	1	1
-0.552	1	1
-0.553	1	1
-0.554	1	1
-0.555	1	1
-0.556	1	1
-0.557	1	1
-0.558	1	1
-0.559	1	1
-0.56	1	1
-0.561	1	1
-0.562	1	1
-0.563	1	1
-0.564	1	1
-0.565	1	1
-0.566	1	1
-0.567	1	1
-0.568	1	1
-0.569	1	1
-0.57	1	1
-0.571	1	1
-0.572	1	1
-0.573	1	1
-0.574	1	1
-0.575	1	1
-0.576	1	1
-0.577	1	1
-0.578	1	1
-0.579	1	1
-0.58	1	1
-0.581	1	1
-0.582	1	1
-0.583	1	1
-0.584	1	1
-0.585	1	1
-0.586	1	1
-0.587	1	1
-0.588	1	1
-0.589	1	1
-0.59	1	1
-0.591	1	1
-0.592	1	1
-0.593	1	1
-0.594	1	1
-0.595	1	1
-0.596	1	1
-0.597	1	1
-0.598	1	1
-0.599	1	1
-0.6	1	1
-0.601	1	1
-0.602	1	1
-0.603	1	1
-0.604	1	1
-0.605	1	1
-0.606	1	1
-0.607	1	1
-0.608	1	1
-0.609	1	1
-0.61	1	1
-0.611	1	1
-0.612	1	1
-0.613	1	1
-0.614	1	1
-0.615	1	1
-0.616	1	1
-0.617	1	1
-0.618	1	1
-0.619	1	1
-0.62	1	1
-0.621	1	1
-0.622	1	1
-0.623	1	1
-0.624	1	1
-0.625	1	1
-0.626	1	1
-0.627	1	1
-0.628	1	1
-0.629	1	1
-0.63	1	1
-0.631	1	1
-0.632	1	1
-0.633	1	1
-0.634	1	1
-0.635	1	1
-0.636	1	1
-0.637	1	1
-0.638	1	1
-0.639	1	1
-0.64	1	1
-0.641	1	1
-0.642	1	1
-0.643	1	1
-0.644	1	1
-0.645	1	1
-0.646	1	1
-0.647	1	1
-0.648	1	1
-0.649	1	1
-0.65	1	1
-0.651	1	1
-0.652	1	1
-0.653	1	1
-0.654	1	1
-0.655	1	1
-0.656	1	1
-0.657	1	1
-0.658	1	1
-0.659	1	1
-0.66	1	1
-0.661	1	1
-0.662	1	1
-0.663	1	1
-0.664	1	1
-0.665	1	1
-0.666	1	1
-0.667	1	1
-0.668	1	1
-0.669	1	1
-0.67	1	1
-0.671	1	1
-0.672	1	1
-0.673	1	1
-0.674	1	1
-0.675	1	1
-0.676	1	1
-0.677	1	1
-0.678	1	1
-0.679	1	1
-0.68	1	1
-0.681	1	1
-0.682	1	1
-0.683	1	1
-0.684	1	1
-0.685	1	1
-0.686	1	1
-0.687	1	1
-0.688	1	1
-0.689	1	1
-0.69	1	1
-0.691	1	1
-0.692	1	1
-0.693	1	1
-0.694	1	1
-0.695	1	1
-0.696	1	1
-0.697	1	1
-0.698	1	1
-0.699	1	1
-0.7	1	1
-0.701	1	1
-0.702	1	1
-0.703	1	1
-0.704	1	1
-0.705	1	1
-0.706	1	1
-0.707	1	1
-0.708	1	1
-0.709	1	1
-0.71	1	1
-0.711	1	1
-0.712	1	1
-0.713	1	1
-0.714	1	1
-0.715	1	1
-0.716	1	1
-0.717	1	1
-0.718	1	1
-0.719	1	1
-0.72	1	1
-0.721	1	1
-0.722	1	1
-0.723	1	1
-0.724	1	1
-0.725	1	1
-0.726	1	1
-0.727	1	1
-0.728	1	1
-0.729	1	1
-0.73	1	1
-0.731	1	1
-0.732	1	1
-0.733	1	1
-0.734	1	1
-0.735	1	1
-0.736	1	1
-0.737	1	1
-0.738	1	1
-0.739	1	1
-0.74	1	1
-0.741	1	1
-0.742	1	1
-0.743	1	1
-0.744	1	1
-0.745	1	1
-0.746	1	1
-0.747	1	1
-0.748	1	1
-0.749	1	1
-0.75	1	1
-0.751	1	1
-0.752	1	1
-0.753	1	1
-0.754	1	1
-0.755	1	1
-0.756	1	1
-0.757	1	1
-0.758	1	1
-0.759	1	1
-0.76	1	1
-0.761	1	1
-0.762	1	1
-0.763	1	1
-0.764	1	1
-0.765	1	1
-0.766	1	1
-0.767	1	1
-0.768	1	1
-0.769	1	1
-0.77	1	1
-0.771	1	1
-0.772	1	1
-0.773	1	1
-0.774	1	1
-0.775	1	1
-0.776	1	1
-0.777	1	1
-0.778	1	1
-0.779	1	1
-0.78	1	1
-0.781	1	1
-0.782	1	1
-0.783	1	1
-0.784	1	1
-0.785	1	1
-0.786	1	1
-0.787	1	1
-0.788	1	1
-0.789	1	1
-0.79	1	1
-0.791	1	1
-0.792	1	1
-0.793	1	1
-0.794	1	1
-0.795	1	1
-0.796	1	1
-0.797	1	1
-0.798	1	1
-0.799	1	1
-0.8	1	1
-0.801	1	1
-0.802	1	1
-0.803	1	1
-0.804	1	1
-0.805	1	1
-0.806	1	1
-0.807	1	1
-0.808	1	1
-0.809	1	1
-0.81	1	1
-0.811	1	1
-0.812	1	1
-0.813	1	1
-0.814	1	1
-0.815	1	1
-0.816	1	1
-0.817	1	1
-0.818	1	1
-0.819	1	1
-0.82	1	1
-0.821	1	1
-0.822	1	1
-0.823	1	1
-0.824	1	1
-0.825	1	1
-0.826	1	1
-0.827	1	1
-0.828	1	1
-0.829	1	1
-0.83	1	1
-0.831	1	1
-0.832	1	1
-0.833	1	1
-0.834	1	1
-0.835	1	1
-0.836	1	1
-0.837	1	1
-0.838	1	1
-0.839	1	1
-0.84	1	1
-0.841	1	1
-0.842	1	1
-0.843	1	1
-0.844	1	1
-0.845	1	1
-0.846	1	1
-0.847	1	1
-0.848	1	1
-0.849	1	1
-0.85	1	1
-0.851	1	1
-0.852	1	1
-0.853	1	1
-0.854	1	1
-0.855	1	1
-0.856	1	1
-0.857	1	1
-0.858	1	1
-0.859	1	1
-0.86	1	1
-0.861	1	1
-0.862	1	1
-0.863	1	1
-0.864	1	1
-0.865	1	1
-0.866	1	1
-0.867	1	1
-0.868	1	1
-0.869	1	1
-0.87	1	1
-0.871	1	1
-0.872	1	1
-0.873	1	1
-0.874	1	1
-0.875	1	1
-0.876	1	1
-0.877	1	1
-0.878	1	1
-0.879	1	1
-0.88	1	1
-0.881	1	1
-0.882	1	1
-0.883	1	1
-0.884	1	1
-0.885	1	1
-0.886	1	1
-0.887	1	1
-0.888	1	1
-0.889	1	1
-0.89	1	1
-0.891	1	1
-0.892	1	1
-0.893	1	1
-0.894	1	1
-0.895	1	1
-0.896	1	1
-0.897	1	1
-0.898	1	1
-0.899	1	1
-0.9	1	1
-0.901	1	1
-0.902	1	1
-0.903	1	1
-0.904	1	1
-0.905	1	1
-0.906	1	1
-0.907	1	1
-0.908	1	1
-0.909	1	1
-0.91	1	1
-0.911	1	1
-0.912	1	1
-0.913	1	1
-0.914	1	1
-0.915	1	1
-0.916	1	1
-0.917	1	1
-0.918	1	1
-0.919	1	1
-0.92	1	1
-0.921	1	1
-0.922	1	1
-0.923	1	1
-0.924	1	1
-0.925	1	1
-0.926	1	1
-0.927	1	1
-0.928	1	1
-0.929	1	1
-0.93	1	1
-0.931	1	1
-0.932	1	1
-0.933	1	1
-0.934	1	1
-0.935	1	1
-0.936	1	1
-0.937	1	1
-0.938	1	1
-0.939	1	1
-0.94	1	1
-0.941	1	1
-0.942	1	1
-0.943	1	1
-0.944	1	1
-0.945	1	1
-0.946	1	1
-0.947	1	1
-0.948	1	1
-0.949	1	1
-0.95	1	1
-0.951	1	1
-0.952	1	1
-0.953	1	1
-0.954	1	1
-0.955	1	1
-0.956	1	1
-0.957	1	1
-0.958	1	1
-0.959	1	1
-0.96	1	1
-0.961	1	1
-0.962	1	1
-0.963	1	1
-0.964	1	1
-0.965	1	1
-0.966	1	1
-0.967	1	1
-0.968	1	1
-0.969	1	1
-0.97	1	1
-0.971	1	1
-0.972	1	1
-0.973	1	1
-0.974	1	1
-0.975	1	1
-0.976	1	1
-0.977	1	1
-0.978	1	1
-0.979	1	1
-0.98	1	1
-0.981	1	1
-0.982	1	1
-0.983	1	1
-0.984	1	1
-0.985	1	1
-0.986	1	1
-0.987	1	1
-0.988	1	1
-0.989	1	1
-0.99	1	1
-0.991	1	1
-0.992	1	1
-0.993	1	1
-0.994	1	1
-0.995	1	1
-0.996	1	1
-0.997	1	1
-0.998	1	1
-0.999	1	1
-1	1	1
