threshold	FAR	TAR
0.999	0	0.0001052631579
0.998	0	0.0001052631579
0.997	0	0.0001052631579
0.996	0	0.0001052631579
0.995	0	0.0001052631579
0.994	0	0.0001052631579
0.993	0	0.0001052631579
0.992	0	0.0001052631579
0.991	0	0.0001052631579
0.99	0	0.0001052631579
0.989	0	0.0001052631579
0.988	0	0.0001052631579
0.987	0	0.0001052631579
0.986	0	0.0001052631579
0.985	0	0.0002105263158
0.984	0	0.0002105263158
0.983	0	0.0002105263158
0.982	0	0.0002105263158
0.981	0	0.0003157894737
0.98	0	0.0003157894737
0.979	0	0.0005263157895
0.978	0	0.0005263157895
0.977	0	0.0006315789474
0.976	0	0.0006315789474
0.975	0	0.0006315789474
0.974	0	0.0006315789474
0.973	0	0.0006315789474
0.972	0	0.0006315789474
0.971	0	0.0006315789474
0.97	0	0.0006315789474
0.969	0	0.0006315789474
0.968	0	0.0006315789474
0.967	0	0.0006315789474
0.966	0	0.0007368421053
0.965	0	0.0007368421053
0.964	0	0.0007368421053
0.963	0	0.0007368421053
0.962	0	0.0007368421053
0.961	0	0.0008421052632
0.96	0	0.0008421052632
0.959	0	0.0008421052632
0.958	0	0.0008421052632
0.957	0	0.0008421052632
0.956	0	0.0008421052632
0.955	0	0.0008421052632
0.954	0	0.0008421052632
0.953	0	0.0008421052632
0.952	0	0.0008421052632
0.951	0	0.0008421052632
0.95	0	0.0008421052632
0.949	0	0.0008421052632
0.948	0	0.0008421052632
0.947	0	0.0008421052632
0.946	0	0.0008421052632
0.945	0	0.0008421052632
0.944	0	0.0009473684211
0.943	0	0.0009473684211
0.942	0	0.001052631579
0.941	0	0.001052631579
0.94	0	0.001052631579
0.939	0	0.001157894737
0.938	0	0.001157894737
0.937	0	0.001157894737
0.936	0	0.001157894737
0.935	0	0.001263157895
0.934	0	0.001263157895
0.933	0	0.001263157895
0.932	0	0.001263157895
0.931	0	0.001263157895
0.93	0	0.001263157895
0.929	0	0.001263157895
0.928	0	0.001263157895
0.927	0	0.001263157895
0.926	0	0.001263157895
0.925	0	0.001263157895
0.924	0	0.001263157895
0.923	0	0.001263157895
0.922	0	0.001263157895
0.921	0	0.001263157895
0.92	0	0.001263157895
0.919	0	0.001263157895
0.918	0	0.001263157895
0.917	0	0.001263157895
0.916	0	0.001263157895
0.915	0	0.001263157895
0.914	0	0.001263157895
0.913	0	0.001368421053
0.912	0	0.001368421053
0.911	0	0.001368421053
0.91	0	0.001368421053
0.909	0	0.001368421053
0.908	0	0.001473684211
0.907	0	0.001578947368
0.906	0	0.001578947368
0.905	0	0.001578947368
0.904	0	0.001578947368
0.903	0	0.001578947368
0.902	0	0.001578947368
0.901	0	0.001578947368
0.9	0	0.001684210526
0.899	0	0.001684210526
0.898	0	0.001894736842
0.897	0	0.001894736842
0.896	0	0.001894736842
0.895	0	0.001894736842
0.894	0	0.001894736842
0.893	0	0.001894736842
0.892	0	0.002
0.891	0	0.002
0.89	0	0.002210526316
0.889	0	0.002421052632
0.888	0	0.002526315789
0.887	0	0.002526315789
0.886	0	0.002526315789
0.885	0	0.002631578947
0.884	0	0.002736842105
0.883	0	0.002947368421
0.882	0	0.002947368421
0.881	0	0.002947368421
0.88	0	0.003052631579
0.879	0	0.003157894737
0.878	0	0.003263157895
0.877	0	0.003368421053
0.876	0	0.003473684211
0.875	0	0.003578947368
0.874	0	0.003578947368
0.873	0	0.003578947368
0.872	0	0.003684210526
0.871	0	0.003789473684
0.87	0	0.003789473684
0.869	0	0.003894736842
0.868	0	0.003894736842
0.867	0	0.003894736842
0.866	0	0.003894736842
0.865	0	0.003894736842
0.864	0	0.004
0.863	0	0.004
0.862	0	0.004210526316
0.861	0	0.004421052632
0.86	0	0.004526315789
0.859	0	0.004842105263
0.858	0	0.004842105263
0.857	0	0.004947368421
0.856	0	0.004947368421
0.855	0	0.004947368421
0.854	0	0.005052631579
0.853	0	0.005157894737
0.852	0	0.005263157895
0.851	0	0.005263157895
0.85	0	0.005473684211
0.849	0	0.005578947368
0.848	0	0.005684210526
0.847	0	0.005789473684
0.846	0	0.005789473684
0.845	0	0.005789473684
0.844	0	0.005894736842
0.843	0	0.006
0.842	0	0.006105263158
0.841	0	0.006210526316
0.84	0	0.006421052632
0.839	0	0.006736842105
0.838	0	0.006842105263
0.837	0	0.006947368421
0.836	0	0.007052631579
0.835	0	0.007473684211
0.834	0	0.007684210526
0.833	0	0.007684210526
0.832	0	0.008
0.831	0	0.008105263158
0.83	0	0.008315789474
0.829	0	0.008842105263
0.828	0	0.009578947368
0.827	0	0.009684210526
0.826	0	0.01010526316
0.825	0	0.01021052632
0.824	0	0.01063157895
0.823	0	0.01073684211
0.822	0	0.01105263158
0.821	0	0.01115789474
0.82	0	0.01115789474
0.819	0	0.01115789474
0.818	0	0.01157894737
0.817	0	0.01168421053
0.816	0	0.01210526316
0.815	0	0.01231578947
0.814	0	0.01284210526
0.813	0	0.01336842105
0.812	0	0.01368421053
0.811	0	0.01378947368
0.81	0	0.014
0.809	0	0.01410526316
0.808	0	0.01431578947
0.807	0	0.01452631579
0.806	0	0.01473684211
0.805	0	0.01505263158
0.804	0	0.01526315789
0.803	0	0.01578947368
0.802	0	0.01589473684
0.801	0	0.01610526316
0.8	0	0.01631578947
0.799	0	0.01642105263
0.798	0	0.01652631579
0.797	0	0.01726315789
0.796	0	0.01757894737
0.795	0	0.01821052632
0.794	0	0.01831578947
0.793	0	0.01884210526
0.792	0	0.01915789474
0.791	0	0.01936842105
0.79	0	0.01936842105
0.789	0	0.01968421053
0.788	0	0.01989473684
0.787	0	0.02021052632
0.786	0	0.02084210526
0.785	0	0.02105263158
0.784	0	0.02147368421
0.783	0	0.022
0.782	0	0.02231578947
0.781	0	0.02263157895
0.78	0	0.02315789474
0.779	0	0.02347368421
0.778	0	0.024
0.777	0	0.02431578947
0.776	0	0.02473684211
0.775	0	0.02505263158
0.774	0	0.02578947368
0.773	0	0.02642105263
0.772	0	0.02705263158
0.771	0	0.02757894737
0.77	0	0.02821052632
0.769	0	0.02842105263
0.768	0	0.02863157895
0.767	0	0.02915789474
0.766	0	0.02978947368
0.765	0	0.03042105263
0.764	0	0.03094736842
0.763	0	0.03147368421
0.762	0	0.03178947368
0.761	0	0.03221052632
0.76	0	0.03284210526
0.759	0	0.03347368421
0.758	0	0.03357894737
0.757	0	0.03421052632
0.756	0	0.03452631579
0.755	0	0.03526315789
0.754	0	0.03578947368
0.753	0	0.03673684211
0.752	0	0.03736842105
0.751	0	0.03778947368
0.75	0	0.03831578947
0.749	0	0.03873684211
0.748	0	0.03884210526
0.747	0	0.03947368421
0.746	0	0.04052631579
0.745	0	0.04115789474
0.744	0	0.04189473684
0.743	0	0.042
0.742	0	0.04263157895
0.741	0	0.04305263158
0.74	0	0.04368421053
0.739	0	0.04421052632
0.738	0	0.04505263158
0.737	0	0.04515789474
0.736	0	0.04610526316
0.735	0	0.04642105263
0.734	0	0.04684210526
0.733	0	0.04736842105
0.732	0	0.048
0.731	0	0.04852631579
0.73	0	0.04926315789
0.729	0	0.05021052632
0.728	0	0.05084210526
0.727	0	0.05157894737
0.726	0	0.052
0.725	0	0.05252631579
0.724	0	0.05347368421
0.723	0	0.05452631579
0.722	0	0.05536842105
0.721	0	0.05610526316
0.72	0	0.05652631579
0.719	0	0.05715789474
0.718	0	0.05757894737
0.717	0	0.05842105263
0.716	0	0.05989473684
0.715	0	0.06063157895
0.714	0	0.06168421053
0.713	0	0.06231578947
0.712	0	0.06305263158
0.711	0	0.06368421053
0.71	0	0.06452631579
0.709	0	0.06536842105
0.708	0	0.06589473684
0.707	0	0.06694736842
0.706	0	0.06747368421
0.705	0	0.06852631579
0.704	0	0.06926315789
0.703	0	0.07042105263
0.702	0	0.07178947368
0.701	0	0.07284210526
0.7	0	0.07357894737
0.699	0	0.07494736842
0.698	0	0.076
0.697	0	0.07726315789
0.696	0	0.07821052632
0.695	0	0.07905263158
0.694	0	0.08031578947
0.693	0	0.08157894737
0.692	0	0.08336842105
0.691	0	0.08378947368
0.69	0	0.08431578947
0.689	0	0.08494736842
0.688	0	0.08663157895
0.687	0	0.08831578947
0.686	0	0.08957894737
0.685	0	0.09052631579
0.684	0	0.09178947368
0.683	0	0.09252631579
0.682	0	0.09336842105
0.681	0	0.09421052632
0.68	0	0.09494736842
0.679	0	0.09589473684
0.678	0	0.09684210526
0.677	0	0.09789473684
0.676	0	0.09915789474
0.675	0	0.1006315789
0.674	0	0.1011578947
0.673	0	0.1021052632
0.672	0	0.1038947368
0.671	0	0.1052631579
0.67	0	0.1068421053
0.669	0	0.1078947368
0.668	0	0.1086315789
0.667	0	0.1096842105
0.666	0	0.1106315789
0.665	0	0.1121052632
0.664	0	0.1127368421
0.663	0	0.1144210526
0.662	0	0.1155789474
0.661	0	0.1170526316
0.66	0	0.1183157895
0.659	0	0.1192631579
0.658	0	0.1207368421
0.657	0	0.1216842105
0.656	0	0.1226315789
0.655	0	0.1243157895
0.654	0	0.1256842105
0.653	0	0.1274736842
0.652	0	0.1289473684
0.651	0	0.1295789474
0.65	0	0.1306315789
0.649	0	0.1323157895
0.648	0	0.1333684211
0.647	0	0.1346315789
0.646	0	0.1356842105
0.645	0	0.1371578947
0.644	0	0.1377894737
0.643	0	0.1392631579
0.642	0	0.1405263158
0.641	0	0.1417894737
0.64	0	0.1431578947
0.639	0	0.1446315789
0.638	0	0.146
0.637	0	0.1482105263
0.636	0	0.1502105263
0.635	0	0.152
0.634	0	0.1538947368
0.633	0	0.1563157895
0.632	0	0.1576842105
0.631	0	0.1596842105
0.63	0	0.1609473684
0.629	0	0.1627368421
0.628	0	0.1641052632
0.627	0	0.1656842105
0.626	0	0.1673684211
0.625	0	0.1690526316
0.624	0	0.1711578947
0.623	0	0.1731578947
0.622	0	0.1748421053
0.621	0	0.1761052632
0.62	0	0.1774736842
0.619	0	0.1787368421
0.618	0	0.1808421053
0.617	0	0.1830526316
0.616	0	0.1841052632
0.615	0	0.1858947368
0.614	0	0.1872631579
0.613	0	0.1889473684
0.612	0	0.1909473684
0.611	0	0.1930526316
0.61	0	0.1943157895
0.609	0	0.1952631579
0.608	0	0.1961052632
0.607	0	0.1972631579
0.606	0	0.1991578947
0.605	0	0.2006315789
0.604	0	0.2023157895
0.603	0	0.2042105263
0.602	0	0.2066315789
0.601	0	0.208
0.6	0	0.2095789474
0.599	0	0.2113684211
0.598	0	0.2134736842
0.597	0	0.2161052632
0.596	0	0.218
0.595	0	0.2195789474
0.594	0	0.2204210526
0.593	0	0.2217894737
0.592	0	0.2228421053
0.591	0	0.224
0.59	0	0.2262105263
0.589	0	0.2283157895
0.588	0	0.2304210526
0.587	0	0.2326315789
0.586	0	0.2347368421
0.585	0	0.2358947368
0.584	0	0.2376842105
0.583	0	0.2396842105
0.582	0	0.2415789474
0.581	0	0.2434736842
0.58	0	0.2458947368
0.579	0	0.2482105263
0.578	0	0.2501052632
0.577	0	0.2521052632
0.576	0	0.2546315789
0.575	0	0.2556842105
0.574	0	0.2577894737
0.573	0	0.2597894737
0.572	0	0.2627368421
0.571	0	0.2642105263
0.57	0	0.2658947368
0.569	0	0.2681052632
0.568	0	0.2704210526
0.567	0	0.2722105263
0.566	0	0.2742105263
0.565	0	0.2757894737
0.564	0	0.278
0.563	0	0.2798947368
0.562	0	0.2816842105
0.561	0	0.2836842105
0.56	0	0.2857894737
0.559	0	0.2875789474
0.558	0	0.2903157895
0.557	0	0.2923157895
0.556	0	0.294
0.555	0	0.2956842105
0.554	0	0.2972631579
0.553	0	0.3
0.552	0	0.302
0.551	0	0.3044210526
0.55	0	0.3067368421
0.549	0	0.3093684211
0.548	0	0.3121052632
0.547	0	0.3142105263
0.546	0	0.3171578947
0.545	0	0.3193684211
0.544	0	0.3214736842
0.543	0	0.3238947368
0.542	0	0.3253684211
0.541	0	0.3273684211
0.54	0	0.3297894737
0.539	0	0.3317894737
0.538	0	0.3336842105
0.537	0	0.3364210526
0.536	0	0.3389473684
0.535	0	0.3413684211
0.534	0	0.344
0.533	0	0.3469473684
0.532	0	0.3491578947
0.531	0	0.3511578947
0.53	0	0.3527368421
0.529	0	0.3549473684
0.528	0	0.3566315789
0.527	0	0.3592631579
0.526	0	0.3610526316
0.525	0	0.3627368421
0.524	0	0.3648421053
0.523	0	0.3668421053
0.522	0	0.3687368421
0.521	0	0.3708421053
0.52	0	0.3724210526
0.519	0	0.3743157895
0.518	0	0.3766315789
0.517	0	0.3793684211
0.516	0	0.3813684211
0.515	0	0.3834736842
0.514	0	0.3853684211
0.513	0	0.3876842105
0.512	0	0.39
0.511	0	0.3914736842
0.51	0	0.3938947368
0.509	0	0.3958947368
0.508	0	0.3973684211
0.507	0	0.3997894737
0.506	0	0.4012631579
0.505	0	0.4038947368
0.504	0	0.4064210526
0.503	0	0.4085263158
0.502	0	0.4105263158
0.501	0	0.4124210526
0.5	0	0.4147368421
0.499	0	0.4178947368
0.498	0	0.4196842105
0.497	0	0.4216842105
0.496	0	0.4235789474
0.495	0	0.4253684211
0.494	0	0.4271578947
0.493	0	0.4293684211
0.492	0	0.4314736842
0.491	0	0.4334736842
0.49	0	0.4367368421
0.489	0	0.4382105263
0.488	0	0.4413684211
0.487	0	0.4436842105
0.486	0	0.4450526316
0.485	0	0.4474736842
0.484	0	0.4493684211
0.483	2.109482122e-07	0.4518947368
0.482	2.109482122e-07	0.4534736842
0.481	2.109482122e-07	0.456
0.48	2.109482122e-07	0.4585263158
0.479	2.109482122e-07	0.4598947368
0.478	2.109482122e-07	0.4616842105
0.477	2.109482122e-07	0.4637894737
0.476	2.109482122e-07	0.4664210526
0.475	2.109482122e-07	0.4687368421
0.474	2.109482122e-07	0.4707368421
0.473	2.109482122e-07	0.4727368421
0.472	2.109482122e-07	0.4752631579
0.471	2.109482122e-07	0.4775789474
0.47	2.109482122e-07	0.4795789474
0.469	2.109482122e-07	0.4825263158
0.468	2.109482122e-07	0.4844210526
0.467	2.109482122e-07	0.4871578947
0.466	2.109482122e-07	0.4902105263
0.465	2.109482122e-07	0.4922105263
0.464	2.109482122e-07	0.4945263158
0.463	2.109482122e-07	0.4964210526
0.462	2.109482122e-07	0.4998947368
0.461	2.109482122e-07	0.5016842105
0.46	2.109482122e-07	0.5035789474
0.459	2.109482122e-07	0.5053684211
0.458	2.109482122e-07	0.508
0.457	2.109482122e-07	0.5101052632
0.456	2.109482122e-07	0.5127368421
0.455	2.109482122e-07	0.5154736842
0.454	2.109482122e-07	0.5185263158
0.453	2.109482122e-07	0.5208421053
0.452	2.109482122e-07	0.5232631579
0.451	2.109482122e-07	0.5249473684
0.45	2.109482122e-07	0.5264210526
0.449	2.109482122e-07	0.5288421053
0.448	2.109482122e-07	0.5308421053
0.447	2.109482122e-07	0.5327368421
0.446	2.109482122e-07	0.5353684211
0.445	2.109482122e-07	0.5375789474
0.444	2.109482122e-07	0.5386315789
0.443	2.109482122e-07	0.5401052632
0.442	2.109482122e-07	0.5427368421
0.441	2.109482122e-07	0.5449473684
0.44	2.109482122e-07	0.5461052632
0.439	2.109482122e-07	0.5482105263
0.438	2.109482122e-07	0.5498947368
0.437	2.109482122e-07	0.5518947368
0.436	2.109482122e-07	0.5535789474
0.435	2.109482122e-07	0.5552631579
0.434	2.109482122e-07	0.5573684211
0.433	2.109482122e-07	0.5594736842
0.432	2.109482122e-07	0.5621052632
0.431	2.109482122e-07	0.5636842105
0.43	2.109482122e-07	0.5661052632
0.429	4.218964244e-07	0.5682105263
0.428	4.218964244e-07	0.5705263158
0.427	4.218964244e-07	0.5721052632
0.426	4.218964244e-07	0.5748421053
0.425	4.218964244e-07	0.5777894737
0.424	6.328446366e-07	0.5803157895
0.423	6.328446366e-07	0.5823157895
0.422	1.054741061e-06	0.5843157895
0.421	1.054741061e-06	0.5861052632
0.42	1.054741061e-06	0.5877894737
0.419	1.054741061e-06	0.5895789474
0.418	1.054741061e-06	0.5918947368
0.417	1.054741061e-06	0.5942105263
0.416	1.054741061e-06	0.5958947368
0.415	1.054741061e-06	0.5984210526
0.414	1.054741061e-06	0.6006315789
0.413	1.054741061e-06	0.6034736842
0.412	1.054741061e-06	0.6061052632
0.411	1.054741061e-06	0.6077894737
0.41	1.265689273e-06	0.6093684211
0.409	1.265689273e-06	0.6111578947
0.408	1.265689273e-06	0.6134736842
0.407	1.476637485e-06	0.6158947368
0.406	1.476637485e-06	0.6176842105
0.405	1.476637485e-06	0.6194736842
0.404	1.687585698e-06	0.6212631579
0.403	1.687585698e-06	0.6233684211
0.402	1.687585698e-06	0.6252631579
0.401	1.89853391e-06	0.6264210526
0.4	1.89853391e-06	0.6278947368
0.399	2.320430334e-06	0.6302105263
0.398	2.531378547e-06	0.6317894737
0.397	2.742326759e-06	0.6326315789
0.396	2.742326759e-06	0.6345263158
0.395	2.742326759e-06	0.6353684211
0.394	2.953274971e-06	0.6371578947
0.393	2.953274971e-06	0.6390526316
0.392	2.953274971e-06	0.6410526316
0.391	2.953274971e-06	0.6434736842
0.39	3.164223183e-06	0.6455789474
0.389	3.375171395e-06	0.648
0.388	3.586119608e-06	0.6501052632
0.387	3.586119608e-06	0.652
0.386	3.586119608e-06	0.6537894737
0.385	3.79706782e-06	0.6555789474
0.384	4.218964244e-06	0.658
0.383	4.218964244e-06	0.6597894737
0.382	4.640860669e-06	0.6613684211
0.381	4.640860669e-06	0.664
0.38	4.640860669e-06	0.6654736842
0.379	4.640860669e-06	0.6666315789
0.378	5.062757093e-06	0.6676842105
0.377	5.273705305e-06	0.6691578947
0.376	5.484653518e-06	0.6710526316
0.375	5.484653518e-06	0.6734736842
0.374	5.484653518e-06	0.6747368421
0.373	5.484653518e-06	0.6768421053
0.372	5.484653518e-06	0.6783157895
0.371	5.69560173e-06	0.6803157895
0.37	6.117498154e-06	0.682
0.369	6.750342791e-06	0.6842105263
0.368	7.172239215e-06	0.6861052632
0.367	7.383187427e-06	0.6878947368
0.366	7.383187427e-06	0.6894736842
0.365	7.59413564e-06	0.6917894737
0.364	7.59413564e-06	0.6941052632
0.363	8.226980276e-06	0.696
0.362	8.437928489e-06	0.6984210526
0.361	9.281721337e-06	0.6996842105
0.36	9.914565974e-06	0.7017894737
0.359	1.03364624e-05	0.7031578947
0.358	1.054741061e-05	0.7045263158
0.357	1.075835882e-05	0.7062105263
0.356	1.139120346e-05	0.7076842105
0.355	1.160215167e-05	0.7092631579
0.354	1.265689273e-05	0.7102105263
0.353	1.328973737e-05	0.7115789474
0.352	1.350068558e-05	0.7134736842
0.351	1.413353022e-05	0.7147368421
0.35	1.476637485e-05	0.7171578947
0.349	1.56101677e-05	0.7190526316
0.348	1.603206413e-05	0.72
0.347	1.666490876e-05	0.722
0.346	1.750870161e-05	0.7237894737
0.345	1.835249446e-05	0.7255789474
0.344	1.940723552e-05	0.7270526316
0.343	2.046197658e-05	0.7292631579
0.342	2.088387301e-05	0.7310526316
0.341	2.130576943e-05	0.7321052632
0.34	2.193861407e-05	0.7337894737
0.339	2.257145871e-05	0.7356842105
0.338	2.362619977e-05	0.7376842105
0.337	2.446999262e-05	0.7394736842
0.336	2.531378547e-05	0.7406315789
0.335	2.59466301e-05	0.7417894737
0.334	2.700137116e-05	0.7444210526
0.333	2.911085329e-05	0.7454736842
0.332	3.10093872e-05	0.7471578947
0.331	3.185318004e-05	0.7486315789
0.33	3.311886932e-05	0.7498947368
0.329	3.480645502e-05	0.752
0.328	3.62830925e-05	0.7530526316
0.327	3.79706782e-05	0.7543157895
0.326	3.881447105e-05	0.7556842105
0.325	4.050205675e-05	0.7569473684
0.324	4.303343529e-05	0.7593684211
0.323	4.387722814e-05	0.7606315789
0.322	4.535386563e-05	0.7629473684
0.321	4.704145132e-05	0.7646315789
0.32	4.978377808e-05	0.7653684211
0.319	5.231515663e-05	0.7666315789
0.318	5.442463875e-05	0.7681052632
0.317	5.758886193e-05	0.7702105263
0.316	5.969834406e-05	0.7718947368
0.315	6.180782618e-05	0.7728421053
0.314	6.412825651e-05	0.7741052632
0.313	6.687058327e-05	0.7750526316
0.312	6.940196182e-05	0.7765263158
0.311	7.298808143e-05	0.7776842105
0.31	7.59413564e-05	0.7783157895
0.309	7.805083852e-05	0.7801052632
0.308	8.142600991e-05	0.7822105263
0.307	8.480118131e-05	0.7832631579
0.306	9.070773125e-05	0.7844210526
0.305	9.471574728e-05	0.7854736842
0.304	9.893471153e-05	0.7865263158
0.303	0.0001027317793	0.7878947368
0.302	0.0001071616918	0.7901052632
0.301	0.0001120135007	0.7912631579
0.3	0.0001151777239	0.7922105263
0.299	0.0001227718595	0.7930526316
0.298	0.0001269908238	0.7935789474
0.297	0.0001309988398	0.7942105263
0.296	0.0001347959076	0.7955789474
0.295	0.0001415462504	0.7966315789
0.294	0.000148085645	0.7977894737
0.293	0.0001542031431	0.7986315789
0.292	0.0001605315895	0.8001052632
0.291	0.0001685476216	0.8011578947
0.29	0.0001742432233	0.8021052632
0.289	0.0001793059804	0.8030526316
0.288	0.0001866891678	0.8035789474
0.287	0.0001942833034	0.8043157895
0.286	0.0002018774391	0.8051578947
0.285	0.0002094715747	0.8067368421
0.284	0.0002179095032	0.8076842105
0.283	0.0002255036389	0.8086315789
0.282	0.0002333087227	0.81
0.281	0.0002438561333	0.8116842105
0.28	0.000255458285	0.8128421053
0.279	0.0002660056956	0.8133684211
0.278	0.0002771859508	0.8143157895
0.277	0.00029026474	0.8151578947
0.276	0.000300179306	0.816
0.275	0.0003122033541	0.8172631579
0.274	0.0003221179201	0.8182105263
0.273	0.0003345638646	0.8192631579
0.272	0.0003472207573	0.8206315789
0.271	0.0003630418732	0.8211578947
0.27	0.0003775972999	0.8221052632
0.269	0.0003917308301	0.8229473684
0.268	0.0004094504799	0.8233684211
0.267	0.0004227402173	0.8245263158
0.266	0.0004398270225	0.8256842105
0.265	0.0004588123616	0.8263157895
0.264	0.0004784305453	0.8275789474
0.263	0.0004995253665	0.8292631579
0.262	0.0005155574307	0.8298947368
0.261	0.0005341208733	0.8307368421
0.26	0.0005562704356	0.8318947368
0.259	0.0005767324122	0.8326315789
0.258	0.0005990929227	0.8334736842
0.257	0.000622297226	0.834
0.256	0.0006438139437	0.8355789474
0.255	0.0006758780719	0.8363157895
0.254	0.0006992933235	0.8371578947
0.253	0.0007258727982	0.8386315789
0.252	0.000759413564	0.8397894737
0.251	0.0007927433815	0.8407368421
0.25	0.0008239637169	0.8416842105
0.249	0.0008543402595	0.8422105263
0.248	0.0008834511128	0.8424210526
0.247	0.0009241641177	0.8434736842
0.246	0.0009566501424	0.8445263158
0.245	0.0009954646134	0.8449473684
0.244	0.001033857188	0.8454736842
0.243	0.001073937348	0.8463157895
0.242	0.001118236473	0.8473684211
0.241	0.001154519565	0.8482105263
0.24	0.001198185845	0.8489473684
0.239	0.001241008332	0.8496842105
0.238	0.001280877545	0.8507368421
0.237	0.001325809514	0.8514736842
0.236	0.001376648033	0.8523157895
0.235	0.001425798966	0.8531578947
0.234	0.001480645502	0.8538947368
0.233	0.001537601519	0.8546315789
0.232	0.001596245122	0.8555789474
0.231	0.001658896741	0.8565263158
0.23	0.001724923531	0.8569473684
0.229	0.001789262736	0.8577894737
0.228	0.001858664698	0.8583157895
0.227	0.001926590022	0.8590526316
0.226	0.001995570088	0.8593684211
0.225	0.002069823858	0.8596842105
0.224	0.0021474528	0.8607368421
0.223	0.002227402173	0.8615789474
0.222	0.00231030482	0.8626315789
0.221	0.002390254193	0.8627368421
0.22	0.00247547727	0.8634736842
0.219	0.002557747073	0.8648421053
0.218	0.002652673769	0.8658947368
0.217	0.002745069086	0.8666315789
0.216	0.002842316211	0.8674736842
0.215	0.002939774285	0.8678947368
0.214	0.00304777977	0.8690526316
0.213	0.003157050944	0.8693684211
0.212	0.00327201772	0.8701052632
0.211	0.003392680097	0.8704210526
0.21	0.003511232992	0.8712631579
0.209	0.00363780192	0.8714736842
0.208	0.003776394895	0.8722105263
0.207	0.003905706149	0.8728421053
0.206	0.004036915937	0.8735789474
0.205	0.004174032275	0.8744210526
0.204	0.00432443835	0.8751578947
0.203	0.004479907183	0.8756842105
0.202	0.004644446788	0.8761052632
0.201	0.00481067398	0.8764210526
0.2	0.004976901171	0.8768421053
0.199	0.005142495517	0.8778947368
0.198	0.005317793482	0.8785263158
0.197	0.005513131526	0.8788421053
0.196	0.005711422846	0.8797894737
0.195	0.005901065288	0.8803157895
0.194	0.006102098935	0.8804210526
0.193	0.006314523784	0.8810526316
0.192	0.006530534754	0.8813684211
0.191	0.006759413564	0.8815789474
0.19	0.006985760996	0.8824210526
0.189	0.007218647822	0.8830526316
0.188	0.007459128784	0.8837894737
0.187	0.007725767324	0.8841052632
0.186	0.007985655522	0.8846315789
0.185	0.008245965615	0.8848421053
0.184	0.008530745702	0.8849473684
0.183	0.008813627255	0.8850526316
0.182	0.009106423373	0.8857894737
0.181	0.009402594663	0.886
0.18	0.009722392153	0.8868421053
0.179	0.01004830714	0.8872631579
0.178	0.01038118342	0.8878947368
0.177	0.01072102099	0.8882105263
0.176	0.01106592132	0.8888421053
0.175	0.0114163063	0.8897894737
0.174	0.01178504377	0.8905263158
0.173	0.01215378125	0.8913684211
0.172	0.01253749604	0.8916842105
0.171	0.01292943782	0.892
0.17	0.01333909925	0.8925263158
0.169	0.01376226136	0.8928421053
0.168	0.01420251028	0.8929473684
0.167	0.01464550153	0.8934736842
0.166	0.01510663432	0.894
0.165	0.01559012762	0.8947368421
0.164	0.01609872376	0.8950526316
0.163	0.0166081637	0.8955789474
0.162	0.01713447949	0.8957894737
0.161	0.01765425588	0.8966315789
0.16	0.01820525261	0.8971578947
0.159	0.01877481278	0.8977894737
0.158	0.01934352916	0.8983157895
0.157	0.01994789579	0.8984210526
0.156	0.02055395001	0.8989473684
0.155	0.02119375593	0.8994736842
0.154	0.02182428014	0.8997894737
0.153	0.02248834511	0.9
0.152	0.02316148086	0.9004210526
0.151	0.02387554055	0.9011578947
0.15	0.02457525577	0.9013684211
0.149	0.02531884822	0.9021052632
0.148	0.02607235524	0.9026315789
0.147	0.02685265267	0.9030526316
0.146	0.02764813838	0.9038947368
0.145	0.02847104736	0.9042105263
0.144	0.02931062124	0.9045263158
0.143	0.03017614176	0.9054736842
0.142	0.0310676089	0.906
0.141	0.03195738846	0.9061052632
0.14	0.03286552051	0.9065263158
0.139	0.03381014661	0.9070526316
0.138	0.03480371269	0.9074736842
0.137	0.03579559118	0.9082105263
0.136	0.03679168864	0.9087368421
0.135	0.03782111592	0.9091578947
0.134	0.03889484232	0.9096842105
0.133	0.04001075836	0.9101052632
0.132	0.04115620715	0.9103157895
0.131	0.04231578947	0.9106315789
0.13	0.04348760679	0.9112631579
0.129	0.04466385402	0.9117894737
0.128	0.04588397848	0.9125263158
0.127	0.04714228457	0.9130526316
0.126	0.04845691383	0.9137894737
0.125	0.04978251239	0.9144210526
0.124	0.05112013501	0.9148421053
0.123	0.05252631579	0.9151578947
0.122	0.05396097458	0.9154736842
0.121	0.05540892311	0.9157894737
0.12	0.05690391309	0.9158947368
0.119	0.05844510073	0.9163157895
0.118	0.0600240481	0.9166315789
0.117	0.0615873853	0.9168421053
0.116	0.06317540344	0.9178947368
0.115	0.06484758992	0.9182105263
0.114	0.06651872165	0.9185263158
0.113	0.06823605105	0.9189473684
0.112	0.06998502268	0.9194736842
0.111	0.07177069929	0.9198947368
0.11	0.07361459762	0.9204210526
0.109	0.07545891784	0.9208421053
0.108	0.0773922582	0.9216842105
0.107	0.07934838097	0.9223157895
0.106	0.08133698977	0.9226315789
0.105	0.08338951587	0.9229473684
0.104	0.0854688324	0.9233684211
0.103	0.08756734522	0.9238947368
0.102	0.08976352705	0.9243157895
0.101	0.0919584432	0.9245263158
0.1	0.09421326864	0.9250526316
0.099	0.09644256935	0.9252631579
0.098	0.09877375804	0.9254736842
0.097	0.1011184474	0.9256842105
0.096	0.1035715642	0.9266315789
0.095	0.1060274233	0.9272631579
0.094	0.1084799072	0.9274736842
0.093	0.1110093872	0.9278947368
0.092	0.1135998312	0.9284210526
0.091	0.1162778188	0.9288421053
0.09	0.1189574939	0.9291578947
0.089	0.1217023521	0.9293684211
0.088	0.1244837043	0.9298947368
0.087	0.1272880498	0.9304210526
0.086	0.1301354288	0.9306315789
0.085	0.1329984179	0.9308421053
0.084	0.1359546461	0.9313684211
0.083	0.1389406181	0.9318947368
0.082	0.1419888197	0.9325263158
0.081	0.1450614914	0.9330526316
0.08	0.148207573	0.9334736842
0.079	0.1514357135	0.934
0.078	0.154713005	0.9347368421
0.077	0.1579964139	0.9352631579
0.076	0.1613509124	0.9354736842
0.075	0.1647680624	0.9357894737
0.074	0.1682111592	0.936
0.073	0.1716911718	0.9368421053
0.072	0.1752637907	0.9373684211
0.071	0.1788456914	0.9376842105
0.07	0.1825003692	0.938
0.069	0.1862018774	0.9382105263
0.068	0.189934817	0.9386315789
0.067	0.1937584643	0.9389473684
0.066	0.1976034174	0.9391578947
0.065	0.2015013184	0.9397894737
0.064	0.2054422529	0.9401052632
0.063	0.2094618711	0.9404210526
0.062	0.2135186162	0.9408421053
0.061	0.2176160743	0.9416842105
0.06	0.2217304082	0.9421052632
0.059	0.2259257462	0.9428421053
0.058	0.230162852	0.9435789474
0.057	0.2344261154	0.9435789474
0.056	0.2387473895	0.9436842105
0.055	0.2430479907	0.944
0.054	0.2474952009	0.9443157895
0.053	0.2519375593	0.9451578947
0.052	0.256472313	0.9458947368
0.051	0.2610678199	0.9461052632
0.05	0.265706782	0.9470526316
0.049	0.2703712689	0.9475789474
0.048	0.2750684527	0.9477894737
0.047	0.2798358823	0.9485263158
0.046	0.2846180783	0.9487368421
0.045	0.2894262209	0.9492631579
0.044	0.294342158	0.9494736842
0.043	0.2992675878	0.9498947368
0.042	0.3042020884	0.9501052632
0.041	0.3092112646	0.9504210526
0.04	0.3142453328	0.9513684211
0.039	0.319246282	0.9518947368
0.038	0.3243415252	0.9530526316
0.037	0.3295040608	0.9537894737
0.036	0.3346708153	0.9541052632
0.035	0.3398715325	0.9545263158
0.034	0.3450638118	0.9547368421
0.033	0.3503200084	0.9553684211
0.032	0.3556105896	0.956
0.031	0.3609566501	0.9566315789
0.03	0.366293429	0.9570526316
0.029	0.371698766	0.9573684211
0.028	0.3770840629	0.9576842105
0.027	0.38252948	0.9584210526
0.026	0.3880246809	0.9591578947
0.025	0.3934779032	0.9596842105
0.024	0.3990066449	0.96
0.023	0.4045353866	0.9602105263
0.022	0.4100740428	0.9605263158
0.021	0.4156325282	0.9613684211
0.02	0.4212030377	0.9624210526
0.019	0.4267670077	0.9630526316
0.018	0.4323938403	0.9632631579
0.017	0.4380126569	0.9638947368
0.016	0.4436557325	0.9643157895
0.015	0.4492796119	0.9645263158
0.014	0.4549682523	0.9650526316
0.013	0.4606583694	0.9658947368
0.012	0.466366628	0.9667368421
0.011	0.472154625	0.9671578947
0.01	0.4779016981	0.9674736842
0.009	0.4836344267	0.9676842105
0.008	0.4894308617	0.9682105263
0.007	0.495124354	0.9685263158
0.006	0.5008845059	0.9688421053
0.005	0.5066144921	0.9692631579
0.004	0.5123653623	0.9694736842
0.003	0.5180911296	0.9701052632
0.002	0.5238519144	0.9704210526
0.001	0.5295684	0.9708421053
0	0.5353363569	0.9716842105
-0.001	0.5409737369	0.9721052632
-0.002	0.5467393735	0.9724210526
-0.003	0.5524693598	0.9727368421
-0.004	0.5582149562	0.9731578947
-0.005	0.5638721654	0.9734736842
-0.006	0.5695956123	0.9735789474
-0.007	0.5752665331	0.9741052632
-0.008	0.5809435714	0.9745263158
-0.009	0.5866033119	0.9748421053
-0.01	0.5923187427	0.9748421053
-0.011	0.597967303	0.9755789474
-0.012	0.6035930809	0.9758947368
-0.013	0.6092040924	0.976
-0.014	0.6147876806	0.9761052632
-0.015	0.6203392047	0.9766315789
-0.016	0.6257382133	0.9769473684
-0.017	0.6312142179	0.9771578947
-0.018	0.636765742	0.9776842105
-0.019	0.642207784	0.9784210526
-0.02	0.6475814787	0.9786315789
-0.021	0.6530079106	0.9787368421
-0.022	0.6584172556	0.9790526316
-0.023	0.6637059382	0.9795789474
-0.024	0.668949267	0.9796842105
-0.025	0.6742162219	0.9803157895
-0.026	0.6794403544	0.9806315789
-0.027	0.6846684949	0.9807368421
-0.028	0.6898225926	0.9810526316
-0.029	0.6949446261	0.9814736842
-0.03	0.700040713	0.9818947368
-0.031	0.7050813205	0.9824210526
-0.032	0.7100413458	0.9827368421
-0.033	0.7150281616	0.9832631579
-0.034	0.7199902964	0.9838947368
-0.035	0.724875857	0.9842105263
-0.036	0.729759519	0.9843157895
-0.037	0.7346039447	0.9843157895
-0.038	0.7393118869	0.9846315789
-0.039	0.744008016	0.9847368421
-0.04	0.748708786	0.9848421053
-0.041	0.7533131526	0.9848421053
-0.042	0.7579297542	0.9850526316
-0.043	0.7624305453	0.9852631579
-0.044	0.766928594	0.9853684211
-0.045	0.7714127202	0.9855789474
-0.046	0.7758263896	0.9858947368
-0.047	0.7801898534	0.9863157895
-0.048	0.7845602785	0.9870526316
-0.049	0.7888332454	0.9871578947
-0.05	0.7929975741	0.9875789474
-0.051	0.7971500897	0.988
-0.052	0.8012610484	0.988
-0.053	0.8053133636	0.988
-0.054	0.8093218015	0.9884210526
-0.055	0.8132646345	0.9885263158
-0.056	0.8171726611	0.9887368421
-0.057	0.8210106529	0.9889473684
-0.058	0.8248241747	0.9892631579
-0.059	0.8285682945	0.9894736842
-0.06	0.8322822487	0.9896842105
-0.061	0.8358875646	0.9901052632
-0.062	0.8395576416	0.9904210526
-0.063	0.8430604367	0.9909473684
-0.064	0.8466022571	0.9911578947
-0.065	0.8500989347	0.9912631579
-0.066	0.8534886615	0.9915789474
-0.067	0.8568678409	0.9918947368
-0.068	0.8601940724	0.9923157895
-0.069	0.8634171501	0.9925263158
-0.07	0.8666064761	0.9926315789
-0.071	0.8697860985	0.9928421053
-0.072	0.8728872482	0.9930526316
-0.073	0.8758955806	0.9931578947
-0.074	0.8788741694	0.9931578947
-0.075	0.8817852547	0.9932631579
-0.076	0.8846718701	0.9935789474
-0.077	0.8875133425	0.9937894737
-0.078	0.8902556692	0.994
-0.079	0.8930351229	0.9942105263
-0.08	0.8957390571	0.9943157895
-0.081	0.898378863	0.9945263158
-0.082	0.9009273283	0.9948421053
-0.083	0.9034753718	0.9950526316
-0.084	0.9059717329	0.9951578947
-0.085	0.9083767535	0.9951578947
-0.086	0.9107940091	0.9951578947
-0.087	0.913140386	0.9952631579
-0.088	0.9154719966	0.9955789474
-0.089	0.917719017	0.9956842105
-0.09	0.9199057061	0.9958947368
-0.091	0.9220729881	0.9961052632
-0.092	0.9242221285	0.9963157895
-0.093	0.9263109377	0.9964210526
-0.094	0.9283765426	0.9966315789
-0.095	0.9303554477	0.9967368421
-0.096	0.9323172661	0.9968421053
-0.097	0.9342041979	0.9968421053
-0.098	0.9360415568	0.9972631579
-0.099	0.9378510706	0.9974736842
-0.1	0.9396681785	0.9976842105
-0.101	0.9414002742	0.9977894737
-0.102	0.9430984073	0.9978947368
-0.103	0.9447566712	0.998
-0.104	0.9464102943	0.9981052632
-0.105	0.9480004219	0.9981052632
-0.106	0.9495447738	0.9982105263
-0.107	0.9510155047	0.9982105263
-0.108	0.9525069086	0.9984210526
-0.109	0.9539616074	0.9984210526
-0.11	0.9553635692	0.9985263158
-0.111	0.9567134269	0.9985263158
-0.112	0.958040713	0.9985263158
-0.113	0.959352178	0.9985263158
-0.114	0.9606254614	0.9985263158
-0.115	0.9618645712	0.9985263158
-0.116	0.9630602257	0.9985263158
-0.117	0.9642219175	0.9986315789
-0.118	0.9653749604	0.9986315789
-0.119	0.9664875013	0.9987368421
-0.12	0.9675734627	0.9988421053
-0.121	0.9686123827	0.9988421053
-0.122	0.9696299968	0.9990526316
-0.123	0.9706461344	0.9990526316
-0.124	0.9715985656	0.9991578947
-0.125	0.972533488	0.9991578947
-0.126	0.9734439405	0.9991578947
-0.127	0.9743394157	0.9991578947
-0.128	0.9752047252	0.9991578947
-0.129	0.9760565341	0.9991578947
-0.13	0.9768560278	0.9991578947
-0.131	0.9776451851	0.9992631579
-0.132	0.9783948951	0.9992631579
-0.133	0.9791338466	0.9993684211
-0.134	0.9798626727	0.9993684211
-0.135	0.9805514186	0.9994736842
-0.136	0.9812486025	0.9994736842
-0.137	0.9819320747	0.9994736842
-0.138	0.9825807404	0.9994736842
-0.139	0.9831914355	0.9994736842
-0.14	0.9837892627	0.9994736842
-0.141	0.9843879338	0.9994736842
-0.142	0.9849511655	0.9994736842
-0.143	0.9854764265	0.9994736842
-0.144	0.9859945153	0.9994736842
-0.145	0.9865305348	0.9994736842
-0.146	0.9870176142	0.9994736842
-0.147	0.9875000527	0.9995789474
-0.148	0.987959287	0.9995789474
-0.149	0.9883982702	0.9995789474
-0.15	0.9888435819	0.9996842105
-0.151	0.9892699082	0.9996842105
-0.152	0.9896652252	0.9996842105
-0.153	0.9900835355	0.9997894737
-0.154	0.9904691488	0.9998947368
-0.155	0.9908505432	0.9998947368
-0.156	0.9912125303	0.9998947368
-0.157	0.9915565869	0.9998947368
-0.158	0.9918839785	0.9998947368
-0.159	0.9922065183	0.9998947368
-0.16	0.9925117604	0.9998947368
-0.161	0.9928060331	0.9998947368
-0.162	0.9930832191	0.9998947368
-0.163	0.9933511233	0.9998947368
-0.164	0.9936314735	0.9998947368
-0.165	0.9938839785	1
-0.166	0.9941185529	1
-0.167	0.9943662061	1
-0.168	0.9946016243	1
-0.169	0.9948117287	1
-0.17	0.9950254193	1
-0.171	0.9952317266	1
-0.172	0.995438034	1
-0.173	0.9956352705	1
-0.174	0.9958175298	1
-0.175	0.9960029533	1
-0.176	0.9961797279	1
-0.177	0.9963470098	1
-0.178	0.9965096509	1
-0.179	0.9966549942	1
-0.18	0.9968003375	1
-0.181	0.9969332349	1
-0.182	0.9970659213	1
-0.183	0.9971859508	1
-0.184	0.9973133636	1
-0.185	0.9974333931	1
-0.186	0.9975403438	1
-0.187	0.9976544668	1
-0.188	0.9977548782	1
-0.189	0.9978557114	1
-0.19	0.99795106	1
-0.191	0.9980455648	1
-0.192	0.9981364835	1
-0.193	0.9982244489	1
-0.194	0.9983046092	1
-0.195	0.9983765426	1
-0.196	0.9984472102	1
-0.197	0.9985204092	1
-0.198	0.9985872798	1
-0.199	0.9986514081	1
-0.2	0.9987159582	1
-0.201	0.9987777661	1
-0.202	0.9988395739	1
-0.203	0.998888092	1
-0.204	0.9989427276	1
-0.205	0.9989927223	1
-0.206	0.9990351229	1
-0.207	0.9990785782	1
-0.208	0.999120135	1
-0.209	0.9991633794	1
-0.21	0.9992032486	1
-0.211	0.999246493	1
-0.212	0.999283198	1
-0.213	0.9993169497	1
-0.214	0.9993515452	1
-0.215	0.9993863517	1
-0.216	0.9994163063	1
-0.217	0.9994452062	1
-0.218	0.9994734733	1
-0.219	0.9995017403	1
-0.22	0.9995306402	1
-0.221	0.9995536336	1
-0.222	0.9995757831	1
-0.223	0.9995949794	1
-0.224	0.9996162852	1
-0.225	0.9996331611	1
-0.226	0.9996479274	1
-0.227	0.9996648033	1
-0.228	0.9996833667	1
-0.229	0.9997008754	1
-0.23	0.9997177513	1
-0.231	0.999731252	1
-0.232	0.9997462293	1
-0.233	0.9997582533	1
-0.234	0.999771754	1
-0.235	0.9997823014	1
-0.236	0.9997951693	1
-0.237	0.9998063495	1
-0.238	0.9998160532	1
-0.239	0.9998242801	1
-0.24	0.9998339838	1
-0.241	0.9998438983	1
-0.242	0.9998508596	1
-0.243	0.9998588756	1
-0.244	0.9998662588	1
-0.245	0.999873642	1
-0.246	0.9998782829	1
-0.247	0.9998873537	1
-0.248	0.9998928383	1
-0.249	0.9999008543	1
-0.25	0.9999069718	1
-0.251	0.9999107689	1
-0.252	0.999914566	1
-0.253	0.9999198397	1
-0.254	0.9999259572	1
-0.255	0.9999316528	1
-0.256	0.9999352389	1
-0.257	0.9999392469	1
-0.258	0.9999422002	1
-0.259	0.9999457863	1
-0.26	0.9999489505	1
-0.261	0.9999521148	1
-0.262	0.999955279	1
-0.263	0.9999573885	1
-0.264	0.999959287	1
-0.265	0.9999620293	1
-0.266	0.9999656154	1
-0.267	0.9999666702	1
-0.268	0.9999694125	1
-0.269	0.9999711001	1
-0.27	0.9999732096	1
-0.271	0.9999748972	1
-0.272	0.999975741	1
-0.273	0.9999772176	1
-0.274	0.9999786942	1
-0.275	0.9999801709	1
-0.276	0.9999812256	1
-0.277	0.9999827022	1
-0.278	0.999983757	1
-0.279	0.9999852336	1
-0.28	0.9999856555	1
-0.281	0.9999862884	1
-0.282	0.9999867103	1
-0.283	0.9999875541	1
-0.284	0.9999886088	1
-0.285	0.9999896635	1
-0.286	0.9999902964	1
-0.287	0.9999909292	1
-0.288	0.9999915621	1
-0.289	0.999991773	1
-0.29	0.9999926168	1
-0.291	0.9999930387	1
-0.292	0.9999934606	1
-0.293	0.9999940935	1
-0.294	0.9999940935	1
-0.295	0.9999945153	1
-0.296	0.9999947263	1
-0.297	0.9999947263	1
-0.298	0.9999949372	1
-0.299	0.9999955701	1
-0.3	0.9999964139	1
-0.301	0.9999966248	1
-0.302	0.9999966248	1
-0.303	0.9999968358	1
-0.304	0.9999972577	1
-0.305	0.9999972577	1
-0.306	0.9999974686	1
-0.307	0.9999974686	1
-0.308	0.9999976796	1
-0.309	0.9999976796	1
-0.31	0.9999976796	1
-0.311	0.9999976796	1
-0.312	0.9999976796	1
-0.313	0.9999976796	1
-0.314	0.9999978905	1
-0.315	0.9999983124	1
-0.316	0.9999983124	1
-0.317	0.9999985234	1
-0.318	0.9999987343	1
-0.319	0.9999991562	1
-0.32	0.9999991562	1
-0.321	0.9999993672	1
-0.322	0.9999993672	1
-0.323	0.9999993672	1
-0.324	0.9999993672	1
-0.325	0.9999993672	1
-0.326	0.9999993672	1
-0.327	0.9999993672	1
-0.328	0.9999995781	1
-0.329	0.9999995781	1
-0.33	0.9999995781	1
-0.331	0.9999995781	1
-0.332	0.9999995781	1
-0.333	0.9999995781	1
-0.334	0.9999997891	1
-0.335	0.9999997891	1
-0.336	0.9999997891	1
-0.337	0.9999997891	1
-0.338	0.9999997891	1
-0.339	0.9999997891	1
-0.34	0.9999997891	1
-0.341	0.9999997891	1
-0.342	0.9999997891	1
-0.343	0.9999997891	1
-0.344	0.9999997891	1
-0.345	0.9999997891	1
-0.346	1	1
-0.347	1	1
-0.348	1	1
-0.349	1	1
-0.35	1	1
-0.351	1	1
-0.352	1	1
-0.353	1	1
-0.354	1	1
-0.355	1	1
-0.356	1	1
-0.357	1	1
-0.358	1	1
-0.359	1	1
-0.36	1	1
-0.361	1	1
-0.362	1	1
-0.363	1	1
-0.364	1	1
-0.365	1	1
-0.366	1	1
-0.367	1	1
-0.368	1	1
-0.369	1	1
-0.37	1	1
-0.371	1	1
-0.372	1	1
-0.373	1	1
-0.374	1	1
-0.375	1	1
-0.376	1	1
-0.377	1	1
-0.378	1	1
-0.379	1	1
-0.38	1	1
-0.381	1	1
-0.382	1	1
-0.383	1	1
-0.384	1	1
-0.385	1	1
-0.386	1	1
-0.387	1	1
-0.388	1	1
-0.389	1	1
-0.39	1	1
-0.391	1	1
-0.392	1	1
-0.393	1	1
-0.394	1	1
-0.395	1	1
-0.396	1	1
-0.397	1	1
-0.398	1	1
-0.399	1	1
-0.4	1	1
-0.401	1	1
-0.402	1	1
-0.403	1	1
-0.404	1	1
-0.405	1	1
-0.406	1	1
-0.407	1	1
-0.408	1	1
-0.409	1	1
-0.41	1	1
-0.411	1	1
-0.412	1	1
-0.413	1	1
-0.414	1	1
-0.415	1	1
-0.416	1	1
-0.417	1	1
-0.418	1	1
-0.419	1	1
-0.42	1	1
-0.421	1	1
-0.422	1	1
-0.423	1	1
-0.424	1	1
-0.425	1	1
-0.426	1	1
-0.427	1	1
-0.428	1	1
-0.429	1	1
-0.43	1	1
-0.431	1	1
-0.432	1	1
-0.433	1	1
-0.434	1	1
-0.435	1	1
-0.436	1	1
-0.437	1	1
-0.438	1	1
-0.439	1	1
-0.44	1	1
-0.441	1	1
-0.442	1	1
-0.443	1	1
-0.444	1	1
-0.445	1	1
-0.446	1	1
-0.447	1	1
-0.448	1	1
-0.449	1	1
-0.45	1	1
-0.451	1	1
-0.452	1	1
-0.453	1	1
-0.454	1	1
-0.455	1	1
-0.456	1	1
-0.457	1	1
-0.458	1	1
-0.459	1	1
-0.46	1	1
-0.461	1	1
-0.462	1	1
-0.463	1	1
-0.464	1	1
-0.465	1	1
-0.466	1	1
-0.467	1	1
-0.468	1	1
-0.469	1	1
-0.47	1	1
-0.471	1	1
-0.472	1	1
-0.473	1	1
-0.474	1	1
-0.475	1	1
-0.476	1	1
-0.477	1	1
-0.478	1	1
-0.479	1	1
-0.48	1	1
-0.481	1	1
-0.482	1	1
-0.483	1	1
-0.484	1	1
-0.485	1	1
-0.486	1	1
-0.487	1	1
-0.488	1	1
-0.489	1	1
-0.49	1	1
-0.491	1	1
-0.492	1	1
-0.493	1	1
-0.494	1	1
-0.495	1	1
-0.496	1	1
-0.497	1	1
-0.498	1	1
-0.499	1	1
-0.5	1	1
-0.501	1	1
-0.502	1	1
-0.503	1	1
-0.504	1	1
-0.505	1	1
-0.506	1	1
-0.507	1	1
-0.508	1	1
-0.509	1	1
-0.51	1	1
-0.511	1	1
-0.512	1	1
-0.513	1	1
-0.514	1	1
-0.515	1	1
-0.516	1	1
-0.517	1	1
-0.518	1	1
-0.519	1	1
-0.52	1	1
-0.521	1	1
-0.522	1	1
-0.523	1	1
-0.524	1	1
-0.525	1	1
-0.526	1	1
-0.527	1	1
-0.528	1	1
-0.529	1	1
-0.53	1	1
-0.531	1	1
-0.532	1	1
-0.533	1	1
-0.534	1	1
-0.535	1	1
-0.536	1	1
-0.537	1	1
-0.538	1	1
-0.539	1	1
-0.54	1	1
-0.541	1	1
-0.542	1	1
-0.543	1	1
-0.544	1	1
-0.545	1	1
-0.546	1	1
-0.547	1	1
-0.548	1	1
-0.549	1	1
-0.55	1	1
-0.551	1	1
-0.552	1	1
-0.553	1	1
-0.554	1	1
-0.555	1	1
-0.556	1	1
-0.557	1	1
-0.558	1	1
-0.559	1	1
-0.56	1	1
-0.561	1	1
-0.562	1	1
-0.563	1	1
-0.564	1	1
-0.565	1	1
-0.566	1	1
-0.567	1	1
-0.568	1	1
-0.569	1	1
-0.57	1	1
-0.571	1	1
-0.572	1	1
-0.573	1	1
-0.574	1	1
-0.575	1	1
-0.576	1	1
-0.577	1	1
-0.578	1	1
-0.579	1	1
-0.58	1	1
-0.581	1	1
-0.582	1	1
-0.583	1	1
-0.584	1	1
-0.585	1	1
-0.586	1	1
-0.587	1	1
-0.588	1	1
-0.589	1	1
-0.59	1	1
-0.591	1	1
-0.592	1	1
-0.593	1	1
-0.594	1	1
-0.595	1	1
-0.596	1	1
-0.597	1	1
-0.598	1	1
-0.599	1	1
-0.6	1	1
-0.601	1	1
-0.602	1	1
-0.603	1	1
-0.604	1	1
-0.605	1	1
-0.606	1	1
-0.607	1	1
-0.608	1	1
-0.609	1	1
-0.61	1	1
-0.611	1	1
-0.612	1	1
-0.613	1	1
-0.614	1	1
-0.615	1	1
-0.616	1	1
-0.617	1	1
-0.618	1	1
-0.619	1	1
-0.62	1	1
-0.621	1	1
-0.622	1	1
-0.623	1	1
-0.624	1	1
-0.625	1	1
-0.626	1	1
-0.627	1	1
-0.628	1	1
-0.629	1	1
-0.63	1	1
-0.631	1	1
-0.632	1	1
-0.633	1	1
-0.634	1	1
-0.635	1	1
-0.636	1	1
-0.637	1	1
-0.638	1	1
-0.639	1	1
-0.64	1	1
-0.641	1	1
-0.642	1	1
-0.643	1	1
-0.644	1	1
-0.645	1	1
-0.646	1	1
-0.647	1	1
-0.648	1	1
-0.649	1	1
-0.65	1	1
-0.651	1	1
-0.652	1	1
-0.653	1	1
-0.654	1	1
-0.655	1	1
-0.656	1	1
-0.657	1	1
-0.658	1	1
-0.659	1	1
-0.66	1	1
-0.661	1	1
-0.662	1	1
-0.663	1	1
-0.664	1	1
-0.665	1	1
-0.666	1	1
-0.667	1	1
-0.668	1	1
-0.669	1	1
-0.67	1	1
-0.671	1	1
-0.672	1	1
-0.673	1	1
-0.674	1	1
-0.675	1	1
-0.676	1	1
-0.677	1	1
-0.678	1	1
-0.679	1	1
-0.68	1	1
-0.681	1	1
-0.682	1	1
-0.683	1	1
-0.684	1	1
-0.685	1	1
-0.686	1	1
-0.687	1	1
-0.688	1	1
-0.689	1	1
-0.69	1	1
-0.691	1	1
-0.692	1	1
-0.693	1	1
-0.694	1	1
-0.695	1	1
-0.696	1	1
-0.697	1	1
-0.698	1	1
-0.699	1	1
-0.7	1	1
-0.701	1	1
-0.702	1	1
-0.703	1	1
-0.704	1	1
-0.705	1	1
-0.706	1	1
-0.707	1	1
-0.708	1	1
-0.709	1	1
-0.71	1	1
-0.711	1	1
-0.712	1	1
-0.713	1	1
-0.714	1	1
-0.715	1	1
-0.716	1	1
-0.717	1	1
-0.718	1	1
-0.719	1	1
-0.72	1	1
-0.721	1	1
-0.722	1	1
-0.723	1	1
-0.724	1	1
-0.725	1	1
-0.726	1	1
-0.727	1	1
-0.728	1	1
-0.729	1	1
-0.73	1	1
-0.731	1	1
-0.732	1	1
-0.733	1	1
-0.734	1	1
-0.735	1	1
-0.736	1	1
-0.737	1	1
-0.738	1	1
-0.739	1	1
-0.74	1	1
-0.741	1	1
-0.742	1	1
-0.743	1	1
-0.744	1	1
-0.745	1	1
-0.746	1	1
-0.747	1	1
-0.748	1	1
-0.749	1	1
-0.75	1	1
-0.751	1	1
-0.752	1	1
-0.753	1	1
-0.754	1	1
-0.755	1	1
-0.756	1	1
-0.757	1	1
-0.758	1	1
-0.759	1	1
-0.76	1	1
-0.761	1	1
-0.762	1	1
-0.763	1	1
-0.764	1	1
-0.765	1	1
-0.766	1	1
-0.767	1	1
-0.768	1	1
-0.769	1	1
-0.77	1	1
-0.771	1	1
-0.772	1	1
-0.773	1	1
-0.774	1	1
-0.775	1	1
-0.776	1	1
-0.777	1	1
-0.778	1	1
-0.779	1	1
-0.78	1	1
-0.781	1	1
-0.782	1	1
-0.783	1	1
-0.784	1	1
-0.785	1	1
-0.786	1	1
-0.787	1	1
-0.788	1	1
-0.789	1	1
-0.79	1	1
-0.791	1	1
-0.792	1	1
-0.793	1	1
-0.794	1	1
-0.795	1	1
-0.796	1	1
-0.797	1	1
-0.798	1	1
-0.799	1	1
-0.8	1	1
-0.801	1	1
-0.802	1	1
-0.803	1	1
-0.804	1	1
-0.805	1	1
-0.806	1	1
-0.807	1	1
-0.808	1	1
-0.809	1	1
-0.81	1	1
-0.811	1	1
-0.812	1	1
-0.813	1	1
-0.814	1	1
-0.815	1	1
-0.816	1	1
-0.817	1	1
-0.818	1	1
-0.819	1	1
-0.82	1	1
-0.821	1	1
-0.822	1	1
-0.823	1	1
-0.824	1	1
-0.825	1	1
-0.826	1	1
-0.827	1	1
-0.828	1	1
-0.829	1	1
-0.83	1	1
-0.831	1	1
-0.832	1	1
-0.833	1	1
-0.834	1	1
-0.835	1	1
-0.836	1	1
-0.837	1	1
-0.838	1	1
-0.839	1	1
-0.84	1	1
-0.841	1	1
-0.842	1	1
-0.843	1	1
-0.844	1	1
-0.845	1	1
-0.846	1	1
-0.847	1	1
-0.848	1	1
-0.849	1	1
-0.85	1	1
-0.851	1	1
-0.852	1	1
-0.853	1	1
-0.854	1	1
-0.855	1	1
-0.856	1	1
-0.857	1	1
-0.858	1	1
-0.859	1	1
-0.86	1	1
-0.861	1	1
-0.862	1	1
-0.863	1	1
-0.864	1	1
-0.865	1	1
-0.866	1	1
-0.867	1	1
-0.868	1	1
-0.869	1	1
-0.87	1	1
-0.871	1	1
-0.872	1	1
-0.873	1	1
-0.874	1	1
-0.875	1	1
-0.876	1	1
-0.877	1	1
-0.878	1	1
-0.879	1	1
-0.88	1	1
-0.881	1	1
-0.882	1	1
-0.883	1	1
-0.884	1	1
-0.885	1	1
-0.886	1	1
-0.887	1	1
-0.888	1	1
-0.889	1	1
-0.89	1	1
-0.891	1	1
-0.892	1	1
-0.893	1	1
-0.894	1	1
-0.895	1	1
-0.896	1	1
-0.897	1	1
-0.898	1	1
-0.899	1	1
-0.9	1	1
-0.901	1	1
-0.902	1	1
-0.903	1	1
-0.904	1	1
-0.905	1	1
-0.906	1	1
-0.907	1	1
-0.908	1	1
-0.909	1	1
-0.91	1	1
-0.911	1	1
-0.912	1	1
-0.913	1	1
-0.914	1	1
-0.915	1	1
-0.916	1	1
-0.917	1	1
-0.918	1	1
-0.919	1	1
-0.92	1	1
-0.921	1	1
-0.922	1	1
-0.923	1	1
-0.924	1	1
-0.925	1	1
-0.926	1	1
-0.927	1	1
-0.928	1	1
-0.929	1	1
-0.93	1	1
-0.931	1	1
-0.932	1	1
-0.933	1	1
-0.934	1	1
-0.935	1	1
-0.936	1	1
-0.937	1	1
-0.938	1	1
-0.939	1	1
-0.94	1	1
-0.941	1	1
-0.942	1	1
-0.943	1	1
-0.944	1	1
-0.945	1	1
-0.946	1	1
-0.947	1	1
-0.948	1	1
-0.949	1	1
-0.95	1	1
-0.951	1	1
-0.952	1	1
-0.953	1	1
-0.954	1	1
-0.955	1	1
-0.956	1	1
-0.957	1	1
-0.958	1	1
-0.959	1	1
-0.96	1	1
-0.961	1	1
-0.962	1	1
-0.963	1	1
-0.964	1	1
-0.965	1	1
-0.966	1	1
-0.967	1	1
-0.968	1	1
-0.969	1	1
-0.97	1	1
-0.971	1	1
-0.972	1	1
-0.973	1	1
-0.974	1	1
-0.975	1	1
-0.976	1	1
-0.977	1	1
-0.978	1	1
-0.979	1	1
-0.98	1	1
-0.981	1	1
-0.982	1	1
-0.983	1	1
-0.984	1	1
-0.985	1	1
-0.986	1	1
-0.987	1	1
-0.988	1	1
-0.989	1	1
-0.99	1	1
-0.991	1	1
-0.992	1	1
-0.993	1	1
-0.994	1	1
-0.995	1	1
-0.996	1	1
-0.997	1	1
-0.998	1	1
-0.999	1	1
-1	1	1
