threshold	FAR	TAR
0.999	0	0.000208364588
0.998	0	0.000208364588
0.997	0	0.000208364588
0.996	0	0.000208364588
0.995	0	0.000208364588
0.994	0	0.000208364588
0.993	0	0.000208364588
0.992	0	0.0002166991715
0.991	0	0.0002250337551
0.99	0	0.0002583720891
0.989	0	0.0002750412562
0.988	0	0.0003083795903
0.987	0	0.0003333833408
0.986	0	0.0003417179244
0.985	0	0.0003750562584
0.984	0	0.0004083945925
0.983	0	0.0004417329266
0.982	0	0.0004667366772
0.981	0	0.0005084095948
0.98	0	0.0005167441783
0.979	0	0.0005417479289
0.978	0	0.0005750862629
0.977	0	0.0005834208465
0.976	0	0.000608424597
0.975	0	0.0006167591805
0.974	0	0.0006334283476
0.973	0	0.0006500975146
0.972	0	0.0006751012652
0.971	0	0.0006834358487
0.97	0	0.0006917704322
0.969	0	0.0007084395993
0.968	0	0.0007251087663
0.967	0	0.0007417779334
0.966	0	0.0007584471004
0.965	0	0.000783450851
0.964	0	0.000816789185
0.963	0	0.000816789185
0.962	0	0.0008334583521
0.961	0	0.0008667966862
0.96	0	0.0008667966862
0.959	0	0.0009001350203
0.958	0	0.0009084696038
0.957	0	0.0009418079379
0.956	0	0.0009834808555
0.955	0	0.001008484606
0.954	0	0.001033488357
0.953	0	0.001033488357
0.952	0	0.001058492107
0.951	0	0.001075161274
0.95	0	0.001091830441
0.949	0	0.001100165025
0.948	0	0.001116834192
0.947	0	0.00118351086
0.946	0	0.001200180027
0.945	0	0.001225183778
0.944	0	0.001258522112
0.943	0	0.00132519878
0.942	0	0.001391875448
0.941	0	0.001433548366
0.94	0	0.001475221283
0.939	0	0.001550232535
0.938	0	0.00160857462
0.937	0	0.00163357837
0.936	0	0.001658582121
0.935	0	0.001716924205
0.934	0	0.001766931706
0.933	0	0.001800270041
0.932	0	0.001858612125
0.931	0	0.001908619626
0.93	0	0.001991965461
0.929	0	0.002075311297
0.928	0	0.002108649631
0.927	0	0.002166991715
0.926	0	0.002233668384
0.925	0	0.002283675885
0.924	0	0.002350352553
0.923	0	0.002375356303
0.922	0	0.002408694638
0.921	0	0.00250870964
0.92	0	0.002558717141
0.919	0	0.002633728393
0.918	0	0.002683735894
0.917	0	0.002767081729
0.916	0	0.002833758397
0.915	0	0.002942107983
0.914	0	0.003017119235
0.913	0	0.003175476321
0.912	0	0.003250487573
0.911	0	0.003375506326
0.91	0	0.003458852161
0.909	0	0.00355053258
0.908	0	0.003667216749
0.907	0	0.003775566335
0.906	0	0.003917254255
0.905	0	0.004042273008
0.904	0	0.00416729176
0.903	0	0.00430897968
0.902	0	0.004408994683
0.901	0	0.004550682602
0.9	0	0.004700705106
0.899	0	0.004817389275
0.898	0	0.004934073444
0.897	0	0.005067426781
0.896	0	0.005192445533
0.895	0	0.005384140954
0.894	0	0.005517494291
0.893	0	0.005650847627
0.892	0	0.005792535547
0.891	0	0.005925888883
0.89	0	0.006125918888
0.889	0	0.006259272224
0.888	0	0.006434298478
0.887	0	0.006634328483
0.886	8.33416675e-10	0.006776016402
0.885	8.33416675e-10	0.006951042656
0.884	8.33416675e-10	0.00710106516
0.883	8.33416675e-10	0.007334433498
0.882	8.33416675e-10	0.007542798086
0.881	8.33416675e-10	0.007709489757
0.88	8.33416675e-10	0.007892850594
0.879	8.33416675e-10	0.008134553516
0.878	8.33416675e-10	0.008417929356
0.877	8.33416675e-10	0.008601290194
0.876	8.33416675e-10	0.008834658532
0.875	8.33416675e-10	0.008984681035
0.874	8.33416675e-10	0.009201380207
0.873	8.33416675e-10	0.009384741044
0.872	8.33416675e-10	0.009593105633
0.871	8.33416675e-10	0.009818139388
0.87	8.33416675e-10	0.01006817689
0.869	8.33416675e-10	0.01039322565
0.868	8.33416675e-10	0.01072660899
0.867	8.33416675e-10	0.011026654
0.866	8.33416675e-10	0.011326699
0.865	8.33416675e-10	0.01157673651
0.864	8.33416675e-10	0.01181843943
0.863	8.33416675e-10	0.01212681902
0.862	8.33416675e-10	0.01241019486
0.861	8.33416675e-10	0.01265189778
0.86	8.33416675e-10	0.01293527362
0.859	8.33416675e-10	0.0132019803
0.858	8.33416675e-10	0.01342701405
0.857	1.66683335e-09	0.01366871697
0.856	1.66683335e-09	0.01387708156
0.855	2.500250025e-09	0.01416879199
0.854	2.500250025e-09	0.0146188595
0.853	2.500250025e-09	0.01496057742
0.852	2.500250025e-09	0.01530229534
0.851	3.3336667e-09	0.01561067493
0.85	4.167083375e-09	0.01590238536
0.849	5.00050005e-09	0.0162857762
0.848	5.00050005e-09	0.01666916704
0.847	5.833916725e-09	0.01707756163
0.846	5.833916725e-09	0.01750262539
0.845	5.833916725e-09	0.01787768165
0.844	6.6673334e-09	0.01823606874
0.843	6.6673334e-09	0.01857778667
0.842	6.6673334e-09	0.01901118501
0.841	6.6673334e-09	0.0194695871
0.84	7.500750075e-09	0.01998633128
0.839	7.500750075e-09	0.02036138754
0.838	7.500750075e-09	0.02085312797
0.837	9.167583425e-09	0.02128652631
0.836	9.167583425e-09	0.02178660132
0.835	9.167583425e-09	0.02226167258
0.834	9.167583425e-09	0.0227617476
0.833	9.167583425e-09	0.02322848427
0.832	1.083441678e-08	0.0238202397
0.831	1.083441678e-08	0.02433698388
0.83	1.083441678e-08	0.02478705139
0.829	1.083441678e-08	0.02527045724
0.828	1.166783345e-08	0.02587054725
0.827	1.166783345e-08	0.02632894934
0.826	1.33346668e-08	0.02677901685
0.825	1.416808348e-08	0.02730409561
0.824	1.500150015e-08	0.02779583604
0.823	1.66683335e-08	0.02827924189
0.822	1.66683335e-08	0.02894600857
0.821	1.66683335e-08	0.02941274525
0.82	1.66683335e-08	0.03002116984
0.819	1.66683335e-08	0.03055458319
0.818	1.66683335e-08	0.03131303029
0.817	1.66683335e-08	0.03182977447
0.816	1.66683335e-08	0.03240486073
0.815	1.750175018e-08	0.0331299695
0.814	1.750175018e-08	0.03373839409
0.813	1.833516685e-08	0.03433848411
0.812	1.916858353e-08	0.03500525079
0.811	1.916858353e-08	0.03569702122
0.81	2.00020002e-08	0.03627210748
0.809	2.00020002e-08	0.03685552833
0.808	2.00020002e-08	0.03748895668
0.807	2.00020002e-08	0.03817239253
0.806	2.166883355e-08	0.03884749379
0.805	2.166883355e-08	0.03956426797
0.804	2.166883355e-08	0.04038939174
0.803	2.250225023e-08	0.04114783884
0.802	2.33356669e-08	0.04189795136
0.801	2.33356669e-08	0.04266473304
0.8	2.583591693e-08	0.04333983431
0.799	2.583591693e-08	0.04408994683
0.798	2.583591693e-08	0.04478171726
0.797	2.66693336e-08	0.04556516811
0.796	2.750275028e-08	0.04631528063
0.795	2.750275028e-08	0.04709873148
0.794	2.750275028e-08	0.04798219733
0.793	2.750275028e-08	0.04887399777
0.792	2.750275028e-08	0.04977413279
0.791	2.833616695e-08	0.05074927906
0.79	2.916958363e-08	0.05153272991
0.789	2.916958363e-08	0.0523995266
0.788	3.00030003e-08	0.05323298495
0.787	3.166983365e-08	0.05412478538
0.786	3.417008368e-08	0.0550249204
0.785	3.417008368e-08	0.05580837126
0.784	3.583691703e-08	0.05662516044
0.783	3.66703337e-08	0.05751696088
0.782	3.66703337e-08	0.05849210715
0.781	3.750375038e-08	0.05944224967
0.78	3.750375038e-08	0.06036738844
0.779	3.750375038e-08	0.06132586555
0.778	4.00040004e-08	0.06225100432
0.777	4.083741708e-08	0.06303445517
0.776	4.167083375e-08	0.06390125185
0.775	4.250425043e-08	0.06483472521
0.774	4.417108378e-08	0.0658015369
0.773	4.417108378e-08	0.06691003651
0.772	4.500450045e-08	0.06798519778
0.771	4.500450045e-08	0.06899368239
0.77	4.750475048e-08	0.06989381741
0.769	5.00050005e-08	0.07099398243
0.768	5.167183385e-08	0.07203580537
0.767	5.33386672e-08	0.07314430498
0.766	5.417208388e-08	0.07435281959
0.765	5.500550055e-08	0.07543631545
0.764	5.583891723e-08	0.07645313464
0.763	5.833916725e-08	0.07742828091
0.762	5.917258393e-08	0.07861179177
0.761	6.00060006e-08	0.0798119718
0.76	6.167283395e-08	0.08090380224
0.759	6.250625063e-08	0.0820373056
0.758	6.250625063e-08	0.08305412479
0.757	6.250625063e-08	0.08412928606
0.756	6.33396673e-08	0.08540447734
0.755	6.583991733e-08	0.08654631528
0.754	6.6673334e-08	0.08777983364
0.753	6.750675068e-08	0.08908836325
0.752	6.917358403e-08	0.09021353203
0.751	6.917358403e-08	0.09134703539
0.75	7.167383405e-08	0.09249720791
0.749	7.250725073e-08	0.09358070377
0.748	7.33406674e-08	0.09488923339
0.747	7.33406674e-08	0.09618109383
0.746	7.417408408e-08	0.09743128136
0.745	7.500750075e-08	0.09874814556
0.744	7.500750075e-08	0.09996499475
0.743	7.750775078e-08	0.101340201
0.742	8.00080008e-08	0.1027487456
0.741	8.167483415e-08	0.1039239219
0.74	8.33416675e-08	0.1053658049
0.739	8.417508418e-08	0.1068743645
0.738	8.584191753e-08	0.1082412362
0.737	8.750875088e-08	0.1096414462
0.736	8.834216755e-08	0.11086663
0.735	8.917558423e-08	0.1120918138
0.734	9.084241758e-08	0.1133670051
0.733	9.167583425e-08	0.1146672001
0.732	9.250925093e-08	0.1160174026
0.731	9.250925093e-08	0.1173842743
0.73	9.250925093e-08	0.1186678002
0.729	9.33426676e-08	0.1202763748
0.728	9.33426676e-08	0.1217265923
0.727	9.33426676e-08	0.1232268174
0.726	9.500950095e-08	0.1246853695
0.725	9.66763343e-08	0.1264439666
0.724	9.750975098e-08	0.1276191429
0.723	9.917658433e-08	0.1290276875
0.722	1.033436677e-07	0.1304612359
0.721	1.041770844e-07	0.1319364571
0.72	1.050105011e-07	0.1334700205
0.719	1.066773344e-07	0.1349035689
0.718	1.066773344e-07	0.1365371472
0.717	1.091775844e-07	0.1380957144
0.716	1.100110011e-07	0.1398626461
0.715	1.116778345e-07	0.1416129086
0.714	1.150115012e-07	0.1431047991
0.713	1.183451679e-07	0.1445716858
0.712	1.208454179e-07	0.1463136137
0.711	1.225122512e-07	0.1478305079
0.71	1.250125013e-07	0.149630778
0.709	1.266793346e-07	0.1514060442
0.708	1.300130013e-07	0.1530729609
0.707	1.30846418e-07	0.1547148739
0.706	1.33346668e-07	0.156273441
0.705	1.375137514e-07	0.1577903352
0.704	1.391805847e-07	0.1593405678
0.703	1.408474181e-07	0.1611658415
0.702	1.416808348e-07	0.1628827657
0.701	1.425142514e-07	0.1647413779
0.7	1.450145015e-07	0.1664249637
0.699	1.450145015e-07	0.1681835609
0.698	1.475147515e-07	0.1699504926
0.697	1.491815848e-07	0.1717257589
0.696	1.541820849e-07	0.1736010402
0.695	1.550155016e-07	0.1753763064
0.694	1.550155016e-07	0.1769848811
0.693	1.558489182e-07	0.1786934707
0.692	1.583491683e-07	0.1804520678
0.691	1.608494183e-07	0.1822356687
0.69	1.658499183e-07	0.1838775816
0.689	1.683501684e-07	0.1856278442
0.688	1.716838351e-07	0.1872697571
0.687	1.741840851e-07	0.189253388
0.686	1.766843351e-07	0.1910119851
0.685	1.800180018e-07	0.1927872514
0.684	1.833516685e-07	0.1946125252
0.683	1.850185019e-07	0.1964794719
0.682	1.875187519e-07	0.1983047457
0.681	1.916858353e-07	0.2002216999
0.68	1.941860853e-07	0.2021719925
0.679	1.958529186e-07	0.2041389542
0.678	1.966863353e-07	0.2061892617
0.677	1.983531687e-07	0.207964528
0.676	2.016868354e-07	0.2097397943
0.675	2.050205021e-07	0.2116567485
0.674	2.058539187e-07	0.2135153606
0.673	2.091875854e-07	0.2153322998
0.672	2.125212521e-07	0.2173742728
0.671	2.158549188e-07	0.2192245503
0.67	2.166883355e-07	0.221033155
0.669	2.200220022e-07	0.2226167258
0.668	2.225222522e-07	0.2246420296
0.667	2.258559189e-07	0.2266423297
0.666	2.291895856e-07	0.2287509793
0.665	2.30856419e-07	0.2307679485
0.664	2.341900857e-07	0.2328349252
0.663	2.400240024e-07	0.2346518644
0.662	2.441910858e-07	0.2368688637
0.661	2.491915858e-07	0.23864413
0.66	2.516918359e-07	0.2403943925
0.659	2.550255026e-07	0.2421779934
0.658	2.583591693e-07	0.2442366355
0.657	2.625262526e-07	0.2463452851
0.656	2.658599193e-07	0.2482205664
0.655	2.716938361e-07	0.2502792085
0.654	2.758609194e-07	0.2523045123
0.653	2.800280028e-07	0.2545381807
0.652	2.816948362e-07	0.2566218266
0.651	2.883621696e-07	0.2586221267
0.65	2.891955862e-07	0.2604890734
0.649	2.916958363e-07	0.2625810538
0.648	2.97529753e-07	0.2644896735
0.647	3.02530253e-07	0.2661565902
0.646	3.058639197e-07	0.2682902435
0.645	3.083641698e-07	0.2702988782
0.644	3.091975864e-07	0.2723908586
0.643	3.150315032e-07	0.274324482
0.642	3.183651699e-07	0.2763247821
0.641	3.208654199e-07	0.2782334017
0.64	3.241990866e-07	0.2803503859
0.639	3.2836617e-07	0.2824923739
0.638	3.300330033e-07	0.2847093731
0.637	3.350335034e-07	0.2865679852
0.636	3.367003367e-07	0.2888349919
0.635	3.400340034e-07	0.2908602957
0.634	3.425342534e-07	0.2931856445
0.633	3.492015868e-07	0.2954359821
0.632	3.525352535e-07	0.2975196279
0.631	3.558689202e-07	0.299519928
0.63	3.592025869e-07	0.3015869047
0.629	3.608694203e-07	0.3038789152
0.628	3.633696703e-07	0.3062626061
0.627	3.66703337e-07	0.3082462369
0.626	3.69203587e-07	0.3104799053
0.625	3.767043371e-07	0.3125385474
0.624	3.792045871e-07	0.3143638212
0.623	3.817048372e-07	0.3164474671
0.622	3.858719205e-07	0.318331083
0.621	3.900390039e-07	0.3202480372
0.62	3.95039504e-07	0.3220983147
0.619	3.983731707e-07	0.324273641
0.618	4.00040004e-07	0.3262322682
0.617	4.042070874e-07	0.328457602
0.616	4.083741708e-07	0.3304829058
0.615	4.100410041e-07	0.3328249237
0.614	4.108744208e-07	0.3349669117
0.613	4.150415042e-07	0.3370672268
0.612	4.183751709e-07	0.3389008351
0.611	4.250425043e-07	0.3410011502
0.61	4.300430043e-07	0.3430764615
0.609	4.317098377e-07	0.3453601374
0.608	4.35876921e-07	0.3474521178
0.607	4.408774211e-07	0.3494440833
0.606	4.442110878e-07	0.3515527329
0.605	4.492115878e-07	0.3537864013
0.604	4.542120879e-07	0.3559200547
0.603	4.592125879e-07	0.3581620576
0.602	4.633796713e-07	0.3605207448
0.601	4.69213588e-07	0.3627210748
0.6	4.733806714e-07	0.3648547282
0.599	4.775477548e-07	0.3670133853
0.598	4.775477548e-07	0.3691803771
0.597	4.833816715e-07	0.3709473088
0.596	4.850485049e-07	0.3730059509
0.595	4.908824216e-07	0.3752479539
0.594	4.925492549e-07	0.3772315847
0.593	4.992165883e-07	0.3792902269
0.592	5.042170884e-07	0.3815072261
0.591	5.067173384e-07	0.3837492291
0.59	5.125512551e-07	0.385991232
0.589	5.200520052e-07	0.3880415396
0.588	5.250525053e-07	0.3903168809
0.587	5.28386172e-07	0.392375523
0.586	5.325532553e-07	0.3944341651
0.585	5.367203387e-07	0.3966261606
0.584	5.392205887e-07	0.3988098215
0.583	5.408874221e-07	0.4008684636
0.582	5.492215888e-07	0.4028270907
0.581	5.550555056e-07	0.4047857179
0.58	5.61722839e-07	0.4071944125
0.579	5.658899223e-07	0.4091947125
0.578	5.733906724e-07	0.4110699938
0.577	5.792245891e-07	0.4133536697
0.576	5.817248392e-07	0.4155206614
0.575	5.875587559e-07	0.4178043373
0.574	5.900590059e-07	0.4198213065
0.573	6.017268394e-07	0.4221049824
0.572	6.058939227e-07	0.4241386208
0.571	6.142280895e-07	0.42615559
0.57	6.208954229e-07	0.4282809088
0.569	6.28396173e-07	0.4301561901
0.568	6.350635064e-07	0.4320481406
0.567	6.417308398e-07	0.4343151473
0.566	6.475647565e-07	0.4364988082
0.565	6.500650065e-07	0.4385907886
0.564	6.567323399e-07	0.4407411112
0.563	6.600660066e-07	0.4429747796
0.562	6.633996733e-07	0.4450334217
0.561	6.700670067e-07	0.4471837442
0.56	6.734006734e-07	0.4494840893
0.559	6.809014235e-07	0.4517677652
0.558	6.842350902e-07	0.4538764148
0.557	6.900690069e-07	0.4561017486
0.556	6.95069507e-07	0.4580770449
0.555	7.00070007e-07	0.4601106833
0.554	7.067373404e-07	0.4620359721
0.553	7.117378405e-07	0.4638612459
0.552	7.142380905e-07	0.4661949292
0.551	7.217388406e-07	0.4682369022
0.55	7.30906424e-07	0.4704455668
0.549	7.375737574e-07	0.4725542165
0.548	7.434076741e-07	0.474504509
0.547	7.500750075e-07	0.4763797903
0.546	7.559089242e-07	0.4782300678
0.545	7.625762576e-07	0.4802637062
0.544	7.717438411e-07	0.4823806904
0.543	7.742440911e-07	0.4844976747
0.542	7.775777578e-07	0.486531313
0.541	7.825782578e-07	0.4884399327
0.54	7.875787579e-07	0.4903652214
0.539	7.95079508e-07	0.4924405327
0.538	8.02580258e-07	0.494615859
0.537	8.092475914e-07	0.4968912003
0.536	8.159149248e-07	0.4987081396
0.535	8.250825083e-07	0.5006167592
0.534	8.342500917e-07	0.5026503976
0.533	8.392505917e-07	0.5045090097
0.532	8.459179251e-07	0.5065759864
0.531	8.542520919e-07	0.5085929556
0.53	8.675867587e-07	0.510726609
0.529	8.709204254e-07	0.5126852361
0.528	8.784211755e-07	0.5145438482
0.527	8.834216755e-07	0.5165941558
0.526	8.917558423e-07	0.5186944708
0.525	8.967563423e-07	0.5205280792
0.524	9.067573424e-07	0.5225283793
0.523	9.109244258e-07	0.5245203447
0.522	9.159249258e-07	0.5263456185
0.521	9.217588426e-07	0.5282875765
0.52	9.28426176e-07	0.5304045607
0.519	9.367603427e-07	0.5323215149
0.518	9.492615928e-07	0.5343884916
0.517	9.584291763e-07	0.5362054308
0.516	9.66763343e-07	0.5381140504
0.515	9.775977598e-07	0.5399809971
0.514	9.842650932e-07	0.5418896168
0.513	9.992665933e-07	0.5436648831
0.512	1.006767343e-06	0.5455401644
0.511	1.019268594e-06	0.5474987915
0.51	1.029269594e-06	0.5493240653
0.509	1.044271094e-06	0.5511493391
0.508	1.050105011e-06	0.552991282
0.507	1.052605261e-06	0.5549999167
0.506	1.063439677e-06	0.5568751979
0.505	1.077607761e-06	0.5587338101
0.504	1.088442178e-06	0.5605257455
0.503	1.100943428e-06	0.5623510193
0.502	1.109277594e-06	0.5641762931
0.501	1.118445178e-06	0.5660015669
0.5	1.125112511e-06	0.5679851978
0.499	1.137613761e-06	0.5694854228
0.498	1.147614761e-06	0.5713273658
0.497	1.160949428e-06	0.5728859329
0.496	1.173450678e-06	0.57464453
0.495	1.182618262e-06	0.5764948076
0.494	1.193452679e-06	0.5782450701
0.493	1.205953929e-06	0.5801203514
0.492	1.225955929e-06	0.5821539898
0.491	1.248458179e-06	0.5841126169
0.49	1.261792846e-06	0.5859628944
0.489	1.272627263e-06	0.5879715291
0.488	1.287628763e-06	0.5898968179
0.487	1.31096443e-06	0.5915303962
0.486	1.32096543e-06	0.5933223317
0.485	1.331799847e-06	0.5949225717
0.484	1.346801347e-06	0.5967811838
0.483	1.36346968e-06	0.5985231118
0.482	1.383471681e-06	0.600240036
0.481	1.396806347e-06	0.6021319865
0.48	1.419308598e-06	0.6037989032
0.479	1.435143514e-06	0.6055575003
0.478	1.455978931e-06	0.6072994282
0.477	1.469313598e-06	0.6090413562
0.476	1.493482682e-06	0.6107249421
0.475	1.512651265e-06	0.6124418663
0.474	1.535153515e-06	0.6140337717
0.473	1.552655266e-06	0.6158590455
0.472	1.566823349e-06	0.6175676351
0.471	1.587658766e-06	0.6193345669
0.47	1.605160516e-06	0.6210598256
0.469	1.633496683e-06	0.6227267423
0.468	1.6593326e-06	0.6245270124
0.467	1.68683535e-06	0.6261605908
0.466	1.70683735e-06	0.6278191729
0.465	1.729339601e-06	0.629477755
0.464	1.751841851e-06	0.6309696454
0.463	1.782678268e-06	0.6323281826
0.462	1.818515185e-06	0.6339284226
0.461	1.847684768e-06	0.6353286326
0.46	1.876020935e-06	0.6369955493
0.459	1.903523686e-06	0.6384541014
0.458	1.938527186e-06	0.6400210032
0.457	1.979364603e-06	0.6415295628
0.456	2.009367603e-06	0.643146472
0.455	2.051038437e-06	0.6445550166
0.454	2.092709271e-06	0.646246937
0.453	2.135213521e-06	0.6478805154
0.452	2.182718272e-06	0.6495307629
0.451	2.227722772e-06	0.6511726759
0.45	2.274394106e-06	0.6526228934
0.449	2.32356569e-06	0.6541814606
0.448	2.383571691e-06	0.6557983698
0.447	2.424409108e-06	0.6573819406
0.446	2.479414608e-06	0.6590071844
0.445	2.541087442e-06	0.6604490674
0.444	2.584425109e-06	0.6621993299
0.443	2.64443111e-06	0.6636828858
0.442	2.70693736e-06	0.6651664416
0.441	2.761109444e-06	0.6667250088
0.44	2.830283028e-06	0.6680252038
0.439	2.897789779e-06	0.6695170942
0.438	2.963629696e-06	0.670942308
0.437	3.031969864e-06	0.6724341985
0.436	3.095309531e-06	0.6741261189
0.435	3.174484115e-06	0.6756430131
0.434	3.238657199e-06	0.6771682419
0.433	3.3186652e-06	0.6785517828
0.432	3.407007367e-06	0.6798186395
0.431	3.492849285e-06	0.6811605074
0.43	3.589525619e-06	0.6824106949
0.429	3.685368537e-06	0.6839609275
0.428	3.782044871e-06	0.685211115
0.427	3.887888789e-06	0.6863446184
0.426	4.00040004e-06	0.6877698321
0.425	4.120412041e-06	0.6893117301
0.424	4.229589626e-06	0.6907786168
0.423	4.360436044e-06	0.6921788268
0.422	4.517118379e-06	0.6935540331
0.421	4.647964796e-06	0.694937574
0.42	4.772977298e-06	0.6964461336
0.419	4.905490549e-06	0.697779667
0.418	5.062172884e-06	0.6990298545
0.417	5.216354969e-06	0.7004550683
0.416	5.370537054e-06	0.7017302595
0.415	5.551388472e-06	0.7031054658
0.414	5.750575058e-06	0.7044640029
0.413	5.932259893e-06	0.7058475438
0.412	6.103110311e-06	0.7070477238
0.411	6.28896223e-06	0.7084479339
0.41	6.466479981e-06	0.7097898018
0.409	6.678167817e-06	0.7110899968
0.408	6.889022236e-06	0.7122568385
0.407	7.124045738e-06	0.7134986915
0.406	7.348234823e-06	0.7147905519
0.405	7.581591492e-06	0.7160907469
0.404	7.833283328e-06	0.7173242653
0.403	8.079974664e-06	0.7186327949
0.402	8.330833083e-06	0.7199746629
0.401	8.609194253e-06	0.7211165008
0.4	8.870887089e-06	0.7223083463
0.399	9.162582925e-06	0.7237002217
0.398	9.455112178e-06	0.724975413
0.397	9.750141681e-06	0.7261255855
0.396	1.008850885e-05	0.727275758
0.395	1.043854385e-05	0.7284092614
0.394	1.080441377e-05	0.7295510993
0.393	1.118611861e-05	0.730817956
0.392	1.156365637e-05	0.7319514594
0.391	1.195369537e-05	0.733159974
0.39	1.236373637e-05	0.7344434999
0.389	1.280461379e-05	0.7356186761
0.388	1.324549122e-05	0.7366688337
0.387	1.366386639e-05	0.7379523595
0.386	1.413474681e-05	0.7391192012
0.385	1.463312998e-05	0.7403610542
0.384	1.513151315e-05	0.7415612342
0.383	1.567156716e-05	0.7427530796
0.382	1.623078975e-05	0.7438365755
0.381	1.685168517e-05	0.7450200863
0.38	1.745674567e-05	0.7461952626
0.379	1.807680768e-05	0.7474787885
0.378	1.875687569e-05	0.7485206114
0.377	1.944027736e-05	0.7495707689
0.376	2.016368303e-05	0.7507376106
0.375	2.083208321e-05	0.7517544298
0.374	2.15813248e-05	0.7528379257
0.373	2.239140581e-05	0.753913087
0.372	2.321732173e-05	0.7547215416
0.371	2.407407407e-05	0.7557716991
0.37	2.493582692e-05	0.7567718491
0.369	2.578424509e-05	0.7580137021
0.368	2.675017502e-05	0.7590471904
0.367	2.774027403e-05	0.7599889983
0.366	2.878037804e-05	0.7611058325
0.365	2.983715038e-05	0.7621726592
0.364	3.090142348e-05	0.7632728243
0.363	3.198903224e-05	0.7641896284
0.362	3.318081808e-05	0.7652147822
0.361	3.436093609e-05	0.7660815789
0.36	3.557939127e-05	0.7669733793
0.359	3.685451879e-05	0.7678318414
0.358	3.820715405e-05	0.7688153223
0.357	3.957979131e-05	0.7698404761
0.356	4.104743808e-05	0.7706155923
0.355	4.250425043e-05	0.771582404
0.354	4.404273761e-05	0.7725658849
0.353	4.567873454e-05	0.7736077078
0.352	4.731973197e-05	0.7746578653
0.351	4.905323866e-05	0.7756580154
0.35	5.085008501e-05	0.7768248571
0.349	5.271777178e-05	0.7777083229
0.348	5.461129446e-05	0.7787584804
0.347	5.648481515e-05	0.7796002734
0.346	5.842334233e-05	0.7805420813
0.345	6.053605361e-05	0.7814005434
0.344	6.267043371e-05	0.7822506709
0.343	6.500066673e-05	0.7833841743
0.342	6.735423542e-05	0.7843093131
0.341	6.967280061e-05	0.7852427864
0.34	7.226305964e-05	0.7861429214
0.339	7.487915458e-05	0.7871430715
0.338	7.754192086e-05	0.7880515411
0.337	8.029969664e-05	0.7889516761
0.336	8.32116545e-05	0.7897434615
0.335	8.608694203e-05	0.790593589
0.334	8.920308698e-05	0.7913937091
0.333	9.237840451e-05	0.792335517
0.332	9.568123479e-05	0.793235652
0.331	9.909490949e-05	0.7940191029
0.33	0.0001025735907	0.7948942341
0.329	0.000106196453	0.7958110383
0.328	0.0001100410041	0.7966861696
0.327	0.0001139063906	0.7974946242
0.326	0.0001180009668	0.798219733
0.325	0.0001221730506	0.7990031838
0.324	0.0001265384872	0.7998783151
0.323	0.0001310131013	0.8006867697
0.322	0.0001357477414	0.8014452168
0.321	0.0001405198853	0.8021953293
0.32	0.0001455778911	0.8030287877
0.319	0.0001508350835	0.8039039189
0.318	0.0001562572924	0.8047290427
0.317	0.000161847018	0.8054958244
0.316	0.0001675525886	0.8060959144
0.315	0.0001735556889	0.8068543615
0.314	0.0001797754775	0.8077294928
0.313	0.0001862486249	0.8085379474
0.312	0.0001929326266	0.8094547515
0.311	0.0001996632997	0.8101131836
0.31	0.0002067690102	0.8107966195
0.309	0.0002140589059	0.8114633862
0.308	0.0002214729806	0.8123051791
0.307	0.0002291895856	0.812946942
0.306	0.0002370912091	0.8138387425
0.305	0.000245483715	0.8146638662
0.304	0.0002540854085	0.8154223133
0.303	0.0002630788079	0.8161474221
0.302	0.0002723038971	0.8169225384
0.301	0.0002819423609	0.8175559667
0.3	0.0002917300063	0.8183227484
0.299	0.0003019910324	0.8190061843
0.298	0.0003125304197	0.8197646314
0.297	0.0003234248425	0.8206147589
0.296	0.0003347226389	0.8213982097
0.295	0.0003466113278	0.8220566418
0.294	0.0003586075274	0.8228317581
0.293	0.0003713129646	0.8233318331
0.292	0.0003842825949	0.8240402727
0.291	0.0003976147615	0.8248403927
0.29	0.0004115711571	0.8255488323
0.289	0.0004257134047	0.8261989298
0.288	0.0004403523686	0.8268490274
0.287	0.0004555322199	0.8275658015
0.286	0.0004711946195	0.8281992299
0.285	0.0004876020935	0.8287409778
0.284	0.0005044087742	0.8293243987
0.283	0.0005217388406	0.8298828158
0.282	0.000539713138	0.8305662516
0.281	0.0005583541688	0.8312413529
0.28	0.0005776260959	0.831899785
0.279	0.0005976439311	0.832499875
0.278	0.0006184326766	0.8331666417
0.277	0.0006395939594	0.8337417279
0.276	0.0006613919725	0.834300145
0.275	0.0006840950762	0.8348752313
0.274	0.0007074257426	0.8356586821
0.273	0.0007315073174	0.8362837759
0.272	0.0007565831583	0.8367255088
0.271	0.0007828757876	0.8372755913
0.27	0.0008094642798	0.8378840159
0.269	0.0008371537154	0.8384257639
0.268	0.0008658265827	0.8390258539
0.267	0.0008954853819	0.8396009401
0.266	0.0009259542621	0.8403093797
0.265	0.0009576757676	0.8409094698
0.264	0.0009903298663	0.8415095598
0.263	0.001024014068	0.8420513077
0.262	0.001058683368	0.8426764015
0.261	0.00109439944	0.8431931456
0.26	0.001131353135	0.8437682319
0.259	0.001169709471	0.8442933107
0.258	0.001209211755	0.8448683969
0.257	0.001250303364	0.8454101449
0.256	0.001292936794	0.8458602124
0.255	0.001336857019	0.8465103099
0.254	0.00138176901	0.8469353736
0.253	0.001428233657	0.8474604524
0.252	0.001476726839	0.8479021853
0.251	0.001526288462	0.8484522678
0.25	0.001577921125	0.8489773466
0.249	0.001630778911	0.8496357787
0.248	0.001685383538	0.8502525379
0.247	0.001741812515	0.8508026204
0.246	0.00180026586	0.8513443683
0.245	0.001860062673	0.851811105
0.244	0.001922187219	0.8523445183
0.243	0.001986112778	0.8528279242
0.242	0.002052415242	0.8534030105
0.241	0.002120630396	0.8539030855
0.24	0.002191274127	0.8543948259
0.239	0.002263854719	0.8548365588
0.238	0.002338910558	0.8553116301
0.237	0.002415828249	0.8558117051
0.236	0.002496014601	0.8563284493
0.235	0.002578602027	0.8567951859
0.234	0.002663824716	0.857295261
0.233	0.002751572657	0.8576869864
0.232	0.002842664266	0.8581620576
0.231	0.002936819515	0.8586621327
0.23	0.003033236657	0.8591372039
0.229	0.003132305731	0.8596122752
0.228	0.00323459596	0.8600623427
0.227	0.003340374037	0.8605540831
0.226	0.003448762376	0.860995816
0.225	0.003560724406	0.861395876
0.224	0.003676510984	0.8617459286
0.223	0.003795883755	0.8621626577
0.222	0.00391923609	0.8626127252
0.221	0.004045912091	0.8630294544
0.22	0.004176551822	0.8634545182
0.219	0.004311697003	0.8639545932
0.218	0.004450333367	0.8643629878
0.217	0.004592857619	0.8647880515
0.216	0.004740355702	0.8652297845
0.215	0.004892378405	0.865579837
0.214	0.005048809048	0.8660299045
0.213	0.005210278528	0.8665549832
0.212	0.005376105944	0.8670633928
0.211	0.005546985532	0.8674134454
0.21	0.005722739774	0.8677468287
0.209	0.005903849552	0.868180227
0.208	0.006091174117	0.868680302
0.207	0.006283809214	0.8690553583
0.206	0.006481435644	0.8694554183
0.205	0.006685419375	0.8698054708
0.204	0.006895085342	0.8702555383
0.203	0.007111190286	0.8705889217
0.202	0.007333658366	0.8710056508
0.201	0.007561391139	0.8713973763
0.2	0.007796572991	0.8717474288
0.199	0.00803906474	0.8720724775
0.198	0.008287282895	0.8724475338
0.197	0.008542527586	0.8728809321
0.196	0.008804425443	0.8733560034
0.195	0.009074959996	0.8737060559
0.194	0.00935406374	0.8742311347
0.193	0.009639881488	0.8745811872
0.192	0.009934678468	0.8749812472
0.191	0.01023751625	0.8753312997
0.19	0.01054889239	0.8755896718
0.189	0.01086850935	0.8760314047
0.188	0.01119720055	0.876406461
0.187	0.01153472514	0.8767315097
0.186	0.01188162816	0.8770565585
0.185	0.01223851885	0.8775482989
0.184	0.01260480131	0.8780233702
0.183	0.01298110311	0.8782984114
0.182	0.01336790012	0.8786901369
0.181	0.01376543738	0.8791402044
0.18	0.01417421159	0.8794985915
0.179	0.01459228006	0.8798403094
0.178	0.01502131463	0.880148689
0.177	0.01546156032	0.8805904219
0.176	0.01591354135	0.8808821323
0.175	0.01637752275	0.8812321848
0.174	0.01685483882	0.8816155757
0.173	0.01734424442	0.8819239553
0.172	0.01784550288	0.8823906919
0.171	0.01836049022	0.8827407444
0.17	0.01888842801	0.8831408045
0.169	0.01942902124	0.8834575186
0.168	0.01998316248	0.8837658982
0.167	0.02055235107	0.8840826124
0.166	0.02113573941	0.8843243153
0.165	0.02173446345	0.8847243753
0.164	0.02234731306	0.8850994316
0.163	0.02297572757	0.8854744878
0.162	0.02361811348	0.8858328749
0.161	0.02427794863	0.8861162508
0.16	0.024953362	0.8864412995
0.159	0.02564555622	0.8868246904
0.158	0.02635468797	0.8870580587
0.157	0.02708151398	0.8874747879
0.156	0.02782520669	0.8877748329
0.155	0.02858640447	0.8882249004
0.154	0.02936560489	0.88853328
0.153	0.03016225456	0.8888249904
0.152	0.03097828199	0.8890833625
0.151	0.03181360969	0.8894250804
0.15	0.03266820015	0.8898501442
0.149	0.03354213588	0.8901751929
0.148	0.03443657449	0.8905002417
0.147	0.03535022502	0.8908252905
0.146	0.0362856694	0.8912003467
0.145	0.03724121079	0.8915420646
0.144	0.03821917442	0.891875448
0.143	0.03921776844	0.8921254855
0.142	0.04023955146	0.8925838876
0.141	0.04128336584	0.8929589438
0.14	0.04234960246	0.8934006768
0.139	0.04343747625	0.893875748
0.138	0.04455158349	0.8942674735
0.137	0.04568993316	0.8945591839
0.136	0.0468513143	0.8948758981
0.135	0.0480362878	0.8953759731
0.134	0.04924712971	0.8956843527
0.133	0.05048281328	0.896017736
0.132	0.05174593626	0.8963844577
0.131	0.05303322999	0.8967261756
0.13	0.05434607627	0.8971012319
0.129	0.05568549938	0.8974679535
0.128	0.05705040337	0.8978346752
0.127	0.05844459696	0.8982680735
0.126	0.05986360886	0.8986347952
0.125	0.06131440727	0.8990431898
0.124	0.06279161666	0.899559934
0.123	0.06429764893	0.899859979
0.122	0.0658336967	0.9003100465
0.121	0.06739797813	0.9006934373
0.12	0.06899252509	0.9009934824
0.119	0.07061576324	0.9014185461
0.118	0.07227061206	0.9017936024
0.117	0.07395784078	0.9022353353
0.116	0.07567452329	0.9025687186
0.115	0.07742155466	0.9029271057
0.114	0.07920121595	0.9032354853
0.113	0.08101378971	0.9036688837
0.112	0.082860016	0.9040189362
0.111	0.08473757876	0.9043856578
0.11	0.08664676218	0.9048357254
0.109	0.08859090742	0.9051774433
0.108	0.09056510568	0.9055858379
0.107	0.09257493333	0.9060192362
0.106	0.09461837767	0.9063526196
0.105	0.09669727973	0.90684436
0.104	0.09880920592	0.9073110967
0.103	0.1009565232	0.9078195063
0.102	0.1031391306	0.9081778934
0.101	0.1053574524	0.9086362954
0.1	0.1076112895	0.9091197013
0.099	0.1098986757	0.9094530846
0.098	0.1122223014	0.9098448101
0.097	0.1145840551	0.9102782084
0.096	0.1169861128	0.9107616142
0.095	0.1194191169	0.911186678
0.094	0.1218889064	0.9115784034
0.093	0.1243980848	0.9119951326
0.092	0.1269452637	0.9124118618
0.091	0.1295283595	0.9129702789
0.09	0.132146803	0.9133453351
0.089	0.1348002767	0.9138037372
0.088	0.1374964805	0.9142204664
0.087	0.140231349	0.9146121918
0.086	0.1430034053	0.9150455902
0.085	0.1458153232	0.9154789885
0.084	0.1486625371	0.9160624094
0.083	0.1515458804	0.9164791385
0.082	0.1544686327	0.9169542098
0.081	0.1574298555	0.9173959427
0.08	0.1604295671	0.9179626944
0.079	0.1634697561	0.9183210815
0.078	0.1665487974	0.918771149
0.077	0.1696660824	0.9192128819
0.076	0.1728235049	0.9195462653
0.075	0.1760168242	0.9199463253
0.074	0.1792469139	0.9203797236
0.073	0.1825161316	0.9207881182
0.072	0.1858230706	0.921313197
0.071	0.189168441	0.9217966028
0.07	0.1925536504	0.922213332
0.069	0.1959767743	0.9226633995
0.068	0.1994323707	0.9231468054
0.067	0.202928682	0.923613542
0.066	0.2064616928	0.9242052975
0.065	0.2100348385	0.924655365
0.064	0.2136458229	0.9251804437
0.063	0.2172890522	0.9256471804
0.062	0.220971898	0.9262139321
0.061	0.2246895581	0.9266056575
0.06	0.228447884	0.9270807288
0.059	0.2322409391	0.9276058075
0.058	0.2360697203	0.928055875
0.057	0.2399357861	0.9285559501
0.056	0.2438379321	0.9290060176
0.055	0.247773089	0.9294727542
0.054	0.2517429026	0.9299728293
0.053	0.2557465538	0.9305229118
0.052	0.2597854477	0.9309646447
0.051	0.2638593018	0.9314147122
0.05	0.2679645998	0.931839776
0.049	0.2721042788	0.9322648397
0.048	0.2762779086	0.9326732343
0.047	0.2804857652	0.9332649897
0.046	0.2847210779	0.9337900685
0.045	0.2889912416	0.9342651398
0.044	0.293289889	0.9348735644
0.043	0.2976207687	0.9354236469
0.042	0.3019796446	0.9360404061
0.041	0.3063706046	0.9365904886
0.04	0.310793566	0.9371072328
0.039	0.3152461638	0.9376406461
0.038	0.319721643	0.9381657249
0.037	0.324221768	0.938624127
0.036	0.3287501317	0.939082529
0.035	0.3333086209	0.9395742695
0.034	0.3378911008	0.9400410062
0.033	0.3424971305	0.9404577353
0.032	0.3471289962	0.9409994833
0.031	0.3517825966	0.9414412162
0.03	0.3564651273	0.9419496258
0.029	0.3611661449	0.9423746895
0.028	0.3658920542	0.9427997533
0.027	0.3706414616	0.9432914937
0.026	0.3754114786	0.9437498958
0.025	0.3801996908	0.9442499708
0.024	0.3850092126	0.9447000383
0.023	0.3898360403	0.9452417863
0.022	0.394678252	0.94586688
0.021	0.3995374621	0.9463252821
0.02	0.4044177893	0.9466419963
0.019	0.4093154499	0.9472004134
0.018	0.4142265935	0.9476588155
0.017	0.4191511818	0.9480588755
0.016	0.4240913858	0.9485756197
0.015	0.4290400148	0.9491173676
0.014	0.4340056464	0.9496591155
0.013	0.4389775161	0.9502175326
0.012	0.4439631546	0.9507426114
0.011	0.4489599227	0.9512260172
0.01	0.4539666017	0.9516260772
0.009	0.4589774752	0.9521094831
0.008	0.464000275	0.952551216
0.007	0.4690283578	0.9530846294
0.006	0.4740636364	0.9535180277
0.005	0.4791014826	0.9539680952
0.004	0.4841461521	0.9544598356
0.003	0.4891929768	0.9549765798
0.002	0.4942440377	0.9554099782
0.001	0.4992968864	0.9558267073
0	0.5043499517	0.9563851244
-0.001	0.5094030745	0.9569102032
-0.002	0.5144560931	0.9574102782
-0.003	0.5195091909	0.9579520261
-0.004	0.5245587375	0.9584020936
-0.005	0.529606389	0.9589021687
-0.006	0.5346469364	0.9593605708
-0.007	0.5396826224	0.9598106383
-0.008	0.5447159149	0.9604273974
-0.009	0.5497405391	0.9608191229
-0.01	0.5547589967	0.9613525362
-0.011	0.5597662975	0.9618859496
-0.012	0.5647693586	0.9623693554
-0.013	0.5697614961	0.9629277725
-0.014	0.5747445911	0.9633861746
-0.015	0.5797125513	0.9638195729
-0.016	0.5846734115	0.9643029788
-0.017	0.5896203337	0.96477805
-0.018	0.5945528044	0.9651531063
-0.019	0.5994757917	0.9656281776
-0.02	0.6043774969	0.9660532413
-0.021	0.6092669875	0.9664282976
-0.022	0.6141389189	0.9669117034
-0.023	0.6189935369	0.9673701055
-0.024	0.623828042	0.9678285076
-0.025	0.6286434927	0.9682369022
-0.026	0.6334422942	0.9686536314
-0.027	0.6382203329	0.9691036989
-0.028	0.6429777078	0.9694954243
-0.029	0.6477157024	0.9698954843
-0.03	0.652429968	0.9703038789
-0.031	0.6571241841	0.9706789352
-0.032	0.6617929768	0.971062326
-0.033	0.6664337217	0.9715957394
-0.034	0.6710521044	0.9720708106
-0.035	0.6756494833	0.972404194
-0.036	0.6802188135	0.9727625811
-0.037	0.6847575483	0.9730542915
-0.038	0.6892684593	0.9734960244
-0.039	0.6937539321	0.9739794302
-0.04	0.6982088792	0.9743628211
-0.041	0.7026422876	0.9747878848
-0.042	0.7070430643	0.9751129336
-0.043	0.7114099535	0.9754796553
-0.044	0.7157491032	0.975904719
-0.045	0.7200587	0.9763381174
-0.046	0.7243369029	0.9767048391
-0.047	0.7285869579	0.9770632262
-0.048	0.7327990941	0.9774882899
-0.049	0.7369784062	0.9778633462
-0.05	0.7411258909	0.9782634062
-0.051	0.7452405549	0.9787384774
-0.052	0.7493205346	0.9791302029
-0.053	0.7533646448	0.9794552516
-0.054	0.7573744141	0.9798636462
-0.055	0.7613511101	0.98028871
-0.056	0.7652909158	0.9806220933
-0.057	0.7691963271	0.9808721308
-0.058	0.7730650932	0.9811138337
-0.059	0.776897018	0.9815388975
-0.06	0.780694957	0.9818222733
-0.061	0.7844548188	0.9821723258
-0.062	0.7881794921	0.9824557017
-0.063	0.7918633813	0.9827474121
-0.064	0.7955104644	0.9830974646
-0.065	0.7991200937	0.9834391825
-0.066	0.8026916	0.983830908
-0.067	0.8062265927	0.9841142838
-0.068	0.8097204637	0.9843643213
-0.069	0.8131794896	0.9847060392
-0.07	0.8165954545	0.9850227534
-0.071	0.8199743016	0.985331133
-0.072	0.8233166983	0.9856061743
-0.073	0.8266154807	0.9858395426
-0.074	0.8298759151	0.9860395726
-0.075	0.8330967388	0.9863562868
-0.076	0.8362791763	0.9866063243
-0.077	0.8394214096	0.9869397076
-0.078	0.8425249967	0.9871480722
-0.079	0.8455906991	0.9873814405
-0.08	0.8486168225	0.9876231435
-0.081	0.8516028336	0.9879231885
-0.082	0.8545476273	0.9881898952
-0.083	0.8574544271	0.9883565868
-0.084	0.8603215272	0.9885982897
-0.085	0.8631504342	0.9887483122
-0.086	0.8659385064	0.9890316881
-0.087	0.8686870912	0.9892483873
-0.088	0.8713987465	0.989473421
-0.089	0.874071918	0.9896567819
-0.09	0.8767047463	0.9898901502
-0.091	0.8792997991	0.9900985148
-0.092	0.8818557972	0.990373556
-0.093	0.8843755176	0.990615259
-0.094	0.8868576774	0.9909403077
-0.095	0.8892989641	0.9910236535
-0.096	0.8917028478	0.9911903452
-0.097	0.8940733732	0.9913987098
-0.098	0.8964025353	0.9915904052
-0.099	0.8986958196	0.9917904352
-0.1	0.9009501784	0.9919071194
-0.101	0.9031656582	0.9921071494
-0.102	0.9053483848	0.9922655065
-0.103	0.9074934393	0.9924822057
-0.104	0.909603312	0.9926572319
-0.105	0.9116763001	0.9928405928
-0.106	0.9137160699	0.9930239536
-0.107	0.9157189144	0.9931739761
-0.108	0.9176860111	0.993315664
-0.109	0.9196226189	0.9934490174
-0.11	0.921522038	0.9936740511
-0.111	0.9233857269	0.9938657465
-0.112	0.925218421	0.9940824457
-0.113	0.9270164133	0.9942408028
-0.114	0.9287831867	0.9943658215
-0.115	0.9305150365	0.994557517
-0.116	0.9322137597	0.9947658815
-0.117	0.9338820749	0.9948658966
-0.118	0.9355180493	0.9949825807
-0.119	0.9371230223	0.9951242686
-0.12	0.9386972139	0.9952326182
-0.121	0.9402396423	0.995357637
-0.122	0.9417502834	0.995457652
-0.123	0.9432323124	0.9955660016
-0.124	0.9446868945	0.9956410128
-0.125	0.9461113061	0.9957660316
-0.126	0.9475040662	0.995857712
-0.127	0.9488690927	0.9959827307
-0.128	0.9502061598	0.9961160841
-0.129	0.9515138197	0.9962494374
-0.13	0.9527942503	0.9963494524
-0.131	0.9540491466	0.9965161441
-0.132	0.955276636	0.9966494974
-0.133	0.9564774744	0.9967828508
-0.134	0.9576510826	0.9968828658
-0.135	0.9587993824	0.9969745462
-0.136	0.959923324	0.9970745612
-0.137	0.961023409	0.9971829108
-0.138	0.9620981156	0.9972495874
-0.139	0.9631485599	0.9973329333
-0.14	0.964173214	0.9974412829
-0.141	0.9651760418	0.9974662866
-0.142	0.9661567032	0.9975746362
-0.143	0.9671121387	0.9976746512
-0.144	0.9680471264	0.9977830008
-0.145	0.9689592693	0.99779967
-0.146	0.9698509126	0.9978246737
-0.147	0.970720287	0.9978746812
-0.148	0.9715699803	0.9979496925
-0.149	0.9723977264	0.9979913654
-0.15	0.9732057464	0.9980413729
-0.151	0.9739930635	0.9981163841
-0.152	0.9747631021	0.9981747262
-0.153	0.9755134163	0.9982080645
-0.154	0.9762451087	0.9982664066
-0.155	0.9769582342	0.9982830758
-0.156	0.9776510876	0.9983164141
-0.157	0.9783293996	0.998358087
-0.158	0.9789896731	0.9983830908
-0.159	0.9796311423	0.9984247637
-0.16	0.9802578233	0.9984330983
-0.161	0.9808668208	0.9984664366
-0.162	0.9814608719	0.9984747712
-0.163	0.982038658	0.9985081095
-0.164	0.982601606	0.9985914554
-0.165	0.9831486274	0.9986497975
-0.166	0.9836819815	0.9986831358
-0.167	0.98419964	0.9987164741
-0.168	0.9847036312	0.9987748162
-0.169	0.9851943594	0.9988331583
-0.17	0.9856708546	0.998899835
-0.171	0.9861335375	0.9989415079
-0.172	0.9865842393	0.9990081846
-0.173	0.9870212863	0.9990331883
-0.174	0.9874467505	0.9990498575
-0.175	0.9878606011	0.999099865
-0.176	0.9882616995	0.9991748762
-0.177	0.9886521102	0.9992165491
-0.178	0.9890307239	0.9992665567
-0.179	0.9893983815	0.9992748912
-0.18	0.9897549763	0.9992915604
-0.181	0.9901008918	0.999299895
-0.182	0.9904369887	0.9993248987
-0.183	0.9907627113	0.9993499025
-0.184	0.9910795621	0.9993749062
-0.185	0.9913866045	0.9994165792
-0.186	0.9916838284	0.9994332483
-0.187	0.9919724406	0.9994415829
-0.188	0.9922525494	0.9994499175
-0.189	0.9925235349	0.9994665867
-0.19	0.9927865878	0.9994832558
-0.191	0.9930406724	0.9995082596
-0.192	0.993287933	0.9995249287
-0.193	0.9935269894	0.9995666017
-0.194	0.993758395	0.9995832708
-0.195	0.9939820007	0.9995916054
-0.196	0.994198714	0.99959994
-0.197	0.9944082442	0.9996166092
-0.198	0.9946114145	0.9996332783
-0.199	0.9948079391	0.9996499475
-0.2	0.9949984415	0.9996499475
-0.201	0.9951820907	0.9996582821
-0.202	0.9953602894	0.9996749512
-0.203	0.9955322074	0.999699955
-0.204	0.9956987832	0.9997332933
-0.205	0.9958596451	0.9997416279
-0.206	0.9960150815	0.9997666317
-0.207	0.9961653982	0.9997916354
-0.208	0.996310061	0.9998083046
-0.209	0.9964498116	0.9998249737
-0.21	0.9965844043	0.9998416429
-0.211	0.9967151107	0.9998416429
-0.212	0.9968417275	0.9998416429
-0.213	0.9969631455	0.9998499775
-0.214	0.9970805747	0.9998666467
-0.215	0.9971941878	0.9998749812
-0.216	0.9973033587	0.9998749812
-0.217	0.9974088959	0.9998749812
-0.218	0.9975106552	0.9998833158
-0.219	0.9976094176	0.9998916504
-0.22	0.9977039804	0.999899985
-0.221	0.9977953979	0.9999083196
-0.222	0.9978835167	0.9999083196
-0.223	0.9979681743	0.9999083196
-0.224	0.9980499217	0.9999083196
-0.225	0.9981286595	0.9999083196
-0.226	0.9982044079	0.9999083196
-0.227	0.9982779703	0.9999083196
-0.228	0.9983480598	0.9999249887
-0.229	0.9984160616	0.9999249887
-0.23	0.9984813798	0.9999333233
-0.231	0.9985442611	0.9999333233
-0.232	0.9986043329	0.9999333233
-0.233	0.9986624287	0.9999416579
-0.234	0.9987182368	0.9999499925
-0.235	0.9987718997	0.9999666617
-0.236	0.9988233798	0.9999666617
-0.237	0.998873264	0.9999666617
-0.238	0.9989210246	0.9999749962
-0.239	0.9989670467	0.9999749962
-0.24	0.9990110469	0.9999749962
-0.241	0.9990535587	0.9999749962
-0.242	0.9990941144	0.9999749962
-0.243	0.9991332483	0.9999833308
-0.244	0.9991707337	0.9999833308
-0.245	0.9992067498	0.9999833308
-0.246	0.9992411233	0.9999833308
-0.247	0.9992742333	0.9999833308
-0.248	0.9993061139	0.9999833308
-0.249	0.9993367595	0.9999833308
-0.25	0.9993658824	0.9999833308
-0.251	0.9993942903	0.9999833308
-0.252	0.9994211421	0.9999833308
-0.253	0.9994468297	0.9999833308
-0.254	0.9994715455	0.9999833308
-0.255	0.999495282	0.9999916654
-0.256	0.999518071	0.9999916654
-0.257	0.9995398915	0.9999916654
-0.258	0.9995606661	0.9999916654
-0.259	0.9995805031	0.9999916654
-0.26	0.9995994891	0.9999916654
-0.261	0.9996177201	0.9999916654
-0.262	0.9996353094	0.9999916654
-0.263	0.9996521302	0.9999916654
-0.264	0.9996681943	0.9999916654
-0.265	0.9996836817	0.9999916654
-0.266	0.9996982148	0.9999916654
-0.267	0.9997123029	0.9999916654
-0.268	0.9997258634	0.9999916654
-0.269	0.999738698	0.9999916654
-0.27	0.9997509926	0.9999916654
-0.271	0.9997627021	0.9999916654
-0.272	0.9997739816	0.9999916654
-0.273	0.999784781	0.9999916654
-0.274	0.9997949345	0.9999916654
-0.275	0.9998047655	0.9999916654
-0.276	0.9998139947	0.9999916654
-0.277	0.9998228931	0.9999916654
-0.278	0.999831394	0.9999916654
-0.279	0.9998395081	0.9999916654
-0.28	0.9998474622	0.9999916654
-0.281	0.9998548972	0.9999916654
-0.282	0.9998621562	0.9999916654
-0.283	0.9998689269	0.9999916654
-0.284	0.999875455	0.9999916654
-0.285	0.9998816657	0.9999916654
-0.286	0.9998875646	0.9999916654
-0.287	0.9998932218	1
-0.288	0.9998985457	1
-0.289	0.9999037454	1
-0.29	0.9999085709	1
-0.291	0.9999132172	1
-0.292	0.9999175868	1
-0.293	0.9999217597	1
-0.294	0.9999257851	1
-0.295	0.9999294421	1
-0.296	0.9999330366	1
-0.297	0.9999364703	1
-0.298	0.9999396548	1
-0.299	0.9999428343	1
-0.3	0.9999457487	1
-0.301	0.9999485599	1
-0.302	0.9999512401	1
-0.303	0.9999537812	1
-0.304	0.9999562331	1
-0.305	0.9999585642	1
-0.306	0.9999607786	1
-0.307	0.9999628455	1
-0.308	0.9999647815	1
-0.309	0.9999666225	1
-0.31	0.9999684302	1
-0.311	0.999970182	1
-0.312	0.9999718263	1
-0.313	0.9999733073	1
-0.314	0.999974785	1
-0.315	0.9999761468	1
-0.316	0.9999774986	1
-0.317	0.999978697	1
-0.318	0.9999798897	1
-0.319	0.9999809798	1
-0.32	0.9999820399	1
-0.321	0.9999829708	1
-0.322	0.9999838801	1
-0.323	0.9999847926	1
-0.324	0.9999856261	1
-0.325	0.999986407	1
-0.326	0.9999871387	1
-0.327	0.9999878946	1
-0.328	0.9999885414	1
-0.329	0.9999891906	1
-0.33	0.9999897823	1
-0.331	0.999990329	1
-0.332	0.9999908332	1
-0.333	0.9999913675	1
-0.334	0.999991835	1
-0.335	0.9999922859	1
-0.336	0.9999926934	1
-0.337	0.9999931385	1
-0.338	0.9999935594	1
-0.339	0.9999939219	1
-0.34	0.9999942611	1
-0.341	0.9999945953	1
-0.342	0.9999949137	1
-0.343	0.9999952037	1
-0.344	0.9999954687	1
-0.345	0.9999957237	1
-0.346	0.9999959679	1
-0.347	0.9999962271	1
-0.348	0.9999964355	1
-0.349	0.9999966347	1
-0.35	0.9999968088	1
-0.351	0.9999969964	1
-0.352	0.9999972031	1
-0.353	0.9999973689	1
-0.354	0.9999975356	1
-0.355	0.9999976514	1
-0.356	0.9999977806	1
-0.357	0.999997924	1
-0.358	0.9999980315	1
-0.359	0.9999981373	1
-0.36	0.9999982657	1
-0.361	0.999998384	1
-0.362	0.999998484	1
-0.363	0.9999985907	1
-0.364	0.9999986607	1
-0.365	0.9999987532	1
-0.366	0.9999988357	1
-0.367	0.9999989032	1
-0.368	0.9999989641	1
-0.369	0.9999990274	1
-0.37	0.9999990874	1
-0.371	0.9999991441	1
-0.372	0.9999992058	1
-0.373	0.9999992566	1
-0.374	0.9999993024	1
-0.375	0.9999993349	1
-0.376	0.9999993708	1
-0.377	0.9999994191	1
-0.378	0.9999994508	1
-0.379	0.9999994808	1
-0.38	0.9999995166	1
-0.381	0.9999995483	1
-0.382	0.999999575	1
-0.383	0.9999996	1
-0.384	0.9999996241	1
-0.385	0.9999996525	1
-0.386	0.999999675	1
-0.387	0.9999997	1
-0.388	0.9999997191	1
-0.389	0.9999997441	1
-0.39	0.9999997575	1
-0.391	0.999999775	1
-0.392	0.9999997908	1
-0.393	0.99999981	1
-0.394	0.9999998266	1
-0.395	0.9999998367	1
-0.396	0.9999998517	1
-0.397	0.9999998633	1
-0.398	0.9999998733	1
-0.399	0.9999998833	1
-0.4	0.9999998892	1
-0.401	0.9999998992	1
-0.402	0.9999999067	1
-0.403	0.9999999133	1
-0.404	0.9999999167	1
-0.405	0.9999999208	1
-0.406	0.9999999233	1
-0.407	0.9999999233	1
-0.408	0.9999999317	1
-0.409	0.9999999342	1
-0.41	0.9999999392	1
-0.411	0.999999945	1
-0.412	0.99999995	1
-0.413	0.999999955	1
-0.414	0.9999999583	1
-0.415	0.9999999608	1
-0.416	0.9999999642	1
-0.417	0.999999965	1
-0.418	0.9999999658	1
-0.419	0.9999999692	1
-0.42	0.99999997	1
-0.421	0.9999999717	1
-0.422	0.9999999742	1
-0.423	0.9999999758	1
-0.424	0.9999999775	1
-0.425	0.9999999808	1
-0.426	0.9999999808	1
-0.427	0.9999999817	1
-0.428	0.999999985	1
-0.429	0.999999985	1
-0.43	0.9999999875	1
-0.431	0.9999999875	1
-0.432	0.9999999875	1
-0.433	0.9999999892	1
-0.434	0.99999999	1
-0.435	0.9999999908	1
-0.436	0.9999999917	1
-0.437	0.9999999917	1
-0.438	0.9999999917	1
-0.439	0.9999999917	1
-0.44	0.9999999917	1
-0.441	0.9999999917	1
-0.442	0.9999999917	1
-0.443	0.9999999933	1
-0.444	0.9999999933	1
-0.445	0.9999999942	1
-0.446	0.999999995	1
-0.447	0.999999995	1
-0.448	0.999999995	1
-0.449	0.999999995	1
-0.45	0.999999995	1
-0.451	0.9999999958	1
-0.452	0.9999999958	1
-0.453	0.9999999958	1
-0.454	0.9999999958	1
-0.455	0.9999999967	1
-0.456	0.9999999967	1
-0.457	0.9999999975	1
-0.458	0.9999999983	1
-0.459	0.9999999983	1
-0.46	0.9999999983	1
-0.461	0.9999999983	1
-0.462	0.9999999992	1
-0.463	0.9999999992	1
-0.464	0.9999999992	1
-0.465	0.9999999992	1
-0.466	0.9999999992	1
-0.467	0.9999999992	1
-0.468	0.9999999992	1
-0.469	0.9999999992	1
-0.47	0.9999999992	1
-0.471	0.9999999992	1
-0.472	0.9999999992	1
-0.473	0.9999999992	1
-0.474	0.9999999992	1
-0.475	0.9999999992	1
-0.476	0.9999999992	1
-0.477	0.9999999992	1
-0.478	0.9999999992	1
-0.479	0.9999999992	1
-0.48	0.9999999992	1
-0.481	0.9999999992	1
-0.482	0.9999999992	1
-0.483	0.9999999992	1
-0.484	0.9999999992	1
-0.485	0.9999999992	1
-0.486	0.9999999992	1
-0.487	0.9999999992	1
-0.488	0.9999999992	1
-0.489	0.9999999992	1
-0.49	0.9999999992	1
-0.491	0.9999999992	1
-0.492	0.9999999992	1
-0.493	0.9999999992	1
-0.494	0.9999999992	1
-0.495	0.9999999992	1
-0.496	1	1
-0.497	1	1
-0.498	1	1
-0.499	1	1
-0.5	1	1
-0.501	1	1
-0.502	1	1
-0.503	1	1
-0.504	1	1
-0.505	1	1
-0.506	1	1
-0.507	1	1
-0.508	1	1
-0.509	1	1
-0.51	1	1
-0.511	1	1
-0.512	1	1
-0.513	1	1
-0.514	1	1
-0.515	1	1
-0.516	1	1
-0.517	1	1
-0.518	1	1
-0.519	1	1
-0.52	1	1
-0.521	1	1
-0.522	1	1
-0.523	1	1
-0.524	1	1
-0.525	1	1
-0.526	1	1
-0.527	1	1
-0.528	1	1
-0.529	1	1
-0.53	1	1
-0.531	1	1
-0.532	1	1
-0.533	1	1
-0.534	1	1
-0.535	1	1
-0.536	1	1
-0.537	1	1
-0.538	1	1
-0.539	1	1
-0.54	1	1
-0.541	1	1
-0.542	1	1
-0.543	1	1
-0.544	1	1
-0.545	1	1
-0.546	1	1
-0.547	1	1
-0.548	1	1
-0.549	1	1
-0.55	1	1
-0.551	1	1
-0.552	1	1
-0.553	1	1
-0.554	1	1
-0.555	1	1
-0.556	1	1
-0.557	1	1
-0.558	1	1
-0.559	1	1
-0.56	1	1
-0.561	1	1
-0.562	1	1
-0.563	1	1
-0.564	1	1
-0.565	1	1
-0.566	1	1
-0.567	1	1
-0.568	1	1
-0.569	1	1
-0.57	1	1
-0.571	1	1
-0.572	1	1
-0.573	1	1
-0.574	1	1
-0.575	1	1
-0.576	1	1
-0.577	1	1
-0.578	1	1
-0.579	1	1
-0.58	1	1
-0.581	1	1
-0.582	1	1
-0.583	1	1
-0.584	1	1
-0.585	1	1
-0.586	1	1
-0.587	1	1
-0.588	1	1
-0.589	1	1
-0.59	1	1
-0.591	1	1
-0.592	1	1
-0.593	1	1
-0.594	1	1
-0.595	1	1
-0.596	1	1
-0.597	1	1
-0.598	1	1
-0.599	1	1
-0.6	1	1
-0.601	1	1
-0.602	1	1
-0.603	1	1
-0.604	1	1
-0.605	1	1
-0.606	1	1
-0.607	1	1
-0.608	1	1
-0.609	1	1
-0.61	1	1
-0.611	1	1
-0.612	1	1
-0.613	1	1
-0.614	1	1
-0.615	1	1
-0.616	1	1
-0.617	1	1
-0.618	1	1
-0.619	1	1
-0.62	1	1
-0.621	1	1
-0.622	1	1
-0.623	1	1
-0.624	1	1
-0.625	1	1
-0.626	1	1
-0.627	1	1
-0.628	1	1
-0.629	1	1
-0.63	1	1
-0.631	1	1
-0.632	1	1
-0.633	1	1
-0.634	1	1
-0.635	1	1
-0.636	1	1
-0.637	1	1
-0.638	1	1
-0.639	1	1
-0.64	1	1
-0.641	1	1
-0.642	1	1
-0.643	1	1
-0.644	1	1
-0.645	1	1
-0.646	1	1
-0.647	1	1
-0.648	1	1
-0.649	1	1
-0.65	1	1
-0.651	1	1
-0.652	1	1
-0.653	1	1
-0.654	1	1
-0.655	1	1
-0.656	1	1
-0.657	1	1
-0.658	1	1
-0.659	1	1
-0.66	1	1
-0.661	1	1
-0.662	1	1
-0.663	1	1
-0.664	1	1
-0.665	1	1
-0.666	1	1
-0.667	1	1
-0.668	1	1
-0.669	1	1
-0.67	1	1
-0.671	1	1
-0.672	1	1
-0.673	1	1
-0.674	1	1
-0.675	1	1
-0.676	1	1
-0.677	1	1
-0.678	1	1
-0.679	1	1
-0.68	1	1
-0.681	1	1
-0.682	1	1
-0.683	1	1
-0.684	1	1
-0.685	1	1
-0.686	1	1
-0.687	1	1
-0.688	1	1
-0.689	1	1
-0.69	1	1
-0.691	1	1
-0.692	1	1
-0.693	1	1
-0.694	1	1
-0.695	1	1
-0.696	1	1
-0.697	1	1
-0.698	1	1
-0.699	1	1
-0.7	1	1
-0.701	1	1
-0.702	1	1
-0.703	1	1
-0.704	1	1
-0.705	1	1
-0.706	1	1
-0.707	1	1
-0.708	1	1
-0.709	1	1
-0.71	1	1
-0.711	1	1
-0.712	1	1
-0.713	1	1
-0.714	1	1
-0.715	1	1
-0.716	1	1
-0.717	1	1
-0.718	1	1
-0.719	1	1
-0.72	1	1
-0.721	1	1
-0.722	1	1
-0.723	1	1
-0.724	1	1
-0.725	1	1
-0.726	1	1
-0.727	1	1
-0.728	1	1
-0.729	1	1
-0.73	1	1
-0.731	1	1
-0.732	1	1
-0.733	1	1
-0.734	1	1
-0.735	1	1
-0.736	1	1
-0.737	1	1
-0.738	1	1
-0.739	1	1
-0.74	1	1
-0.741	1	1
-0.742	1	1
-0.743	1	1
-0.744	1	1
-0.745	1	1
-0.746	1	1
-0.747	1	1
-0.748	1	1
-0.749	1	1
-0.75	1	1
-0.751	1	1
-0.752	1	1
-0.753	1	1
-0.754	1	1
-0.755	1	1
-0.756	1	1
-0.757	1	1
-0.758	1	1
-0.759	1	1
-0.76	1	1
-0.761	1	1
-0.762	1	1
-0.763	1	1
-0.764	1	1
-0.765	1	1
-0.766	1	1
-0.767	1	1
-0.768	1	1
-0.769	1	1
-0.77	1	1
-0.771	1	1
-0.772	1	1
-0.773	1	1
-0.774	1	1
-0.775	1	1
-0.776	1	1
-0.777	1	1
-0.778	1	1
-0.779	1	1
-0.78	1	1
-0.781	1	1
-0.782	1	1
-0.783	1	1
-0.784	1	1
-0.785	1	1
-0.786	1	1
-0.787	1	1
-0.788	1	1
-0.789	1	1
-0.79	1	1
-0.791	1	1
-0.792	1	1
-0.793	1	1
-0.794	1	1
-0.795	1	1
-0.796	1	1
-0.797	1	1
-0.798	1	1
-0.799	1	1
-0.8	1	1
-0.801	1	1
-0.802	1	1
-0.803	1	1
-0.804	1	1
-0.805	1	1
-0.806	1	1
-0.807	1	1
-0.808	1	1
-0.809	1	1
-0.81	1	1
-0.811	1	1
-0.812	1	1
-0.813	1	1
-0.814	1	1
-0.815	1	1
-0.816	1	1
-0.817	1	1
-0.818	1	1
-0.819	1	1
-0.82	1	1
-0.821	1	1
-0.822	1	1
-0.823	1	1
-0.824	1	1
-0.825	1	1
-0.826	1	1
-0.827	1	1
-0.828	1	1
-0.829	1	1
-0.83	1	1
-0.831	1	1
-0.832	1	1
-0.833	1	1
-0.834	1	1
-0.835	1	1
-0.836	1	1
-0.837	1	1
-0.838	1	1
-0.839	1	1
-0.84	1	1
-0.841	1	1
-0.842	1	1
-0.843	1	1
-0.844	1	1
-0.845	1	1
-0.846	1	1
-0.847	1	1
-0.848	1	1
-0.849	1	1
-0.85	1	1
-0.851	1	1
-0.852	1	1
-0.853	1	1
-0.854	1	1
-0.855	1	1
-0.856	1	1
-0.857	1	1
-0.858	1	1
-0.859	1	1
-0.86	1	1
-0.861	1	1
-0.862	1	1
-0.863	1	1
-0.864	1	1
-0.865	1	1
-0.866	1	1
-0.867	1	1
-0.868	1	1
-0.869	1	1
-0.87	1	1
-0.871	1	1
-0.872	1	1
-0.873	1	1
-0.874	1	1
-0.875	1	1
-0.876	1	1
-0.877	1	1
-0.878	1	1
-0.879	1	1
-0.88	1	1
-0.881	1	1
-0.882	1	1
-0.883	1	1
-0.884	1	1
-0.885	1	1
-0.886	1	1
-0.887	1	1
-0.888	1	1
-0.889	1	1
-0.89	1	1
-0.891	1	1
-0.892	1	1
-0.893	1	1
-0.894	1	1
-0.895	1	1
-0.896	1	1
-0.897	1	1
-0.898	1	1
-0.899	1	1
-0.9	1	1
-0.901	1	1
-0.902	1	1
-0.903	1	1
-0.904	1	1
-0.905	1	1
-0.906	1	1
-0.907	1	1
-0.908	1	1
-0.909	1	1
-0.91	1	1
-0.911	1	1
-0.912	1	1
-0.913	1	1
-0.914	1	1
-0.915	1	1
-0.916	1	1
-0.917	1	1
-0.918	1	1
-0.919	1	1
-0.92	1	1
-0.921	1	1
-0.922	1	1
-0.923	1	1
-0.924	1	1
-0.925	1	1
-0.926	1	1
-0.927	1	1
-0.928	1	1
-0.929	1	1
-0.93	1	1
-0.931	1	1
-0.932	1	1
-0.933	1	1
-0.934	1	1
-0.935	1	1
-0.936	1	1
-0.937	1	1
-0.938	1	1
-0.939	1	1
-0.94	1	1
-0.941	1	1
-0.942	1	1
-0.943	1	1
-0.944	1	1
-0.945	1	1
-0.946	1	1
-0.947	1	1
-0.948	1	1
-0.949	1	1
-0.95	1	1
-0.951	1	1
-0.952	1	1
-0.953	1	1
-0.954	1	1
-0.955	1	1
-0.956	1	1
-0.957	1	1
-0.958	1	1
-0.959	1	1
-0.96	1	1
-0.961	1	1
-0.962	1	1
-0.963	1	1
-0.964	1	1
-0.965	1	1
-0.966	1	1
-0.967	1	1
-0.968	1	1
-0.969	1	1
-0.97	1	1
-0.971	1	1
-0.972	1	1
-0.973	1	1
-0.974	1	1
-0.975	1	1
-0.976	1	1
-0.977	1	1
-0.978	1	1
-0.979	1	1
-0.98	1	1
-0.981	1	1
-0.982	1	1
-0.983	1	1
-0.984	1	1
-0.985	1	1
-0.986	1	1
-0.987	1	1
-0.988	1	1
-0.989	1	1
-0.99	1	1
-0.991	1	1
-0.992	1	1
-0.993	1	1
-0.994	1	1
-0.995	1	1
-0.996	1	1
-0.997	1	1
-0.998	1	1
-0.999	1	1
-1	1	1
