threshold	FAR	TAR
0.999	0	0
0.998	0	0
0.997	0	0
0.996	0	0
0.995	0	0
0.994	0	0
0.993	0	0
0.992	0	0
0.991	0	0
0.99	0	0
0.989	0	0
0.988	0	0
0.987	0	0
0.986	0	0
0.985	0	0.0001052853232
0.984	0	0.0001052853232
0.983	0	0.0001052853232
0.982	0	0.0002105706465
0.981	0	0.0002105706465
0.98	0	0.0003158559697
0.979	0	0.0003158559697
0.978	0	0.0003158559697
0.977	0	0.0003158559697
0.976	0	0.0003158559697
0.975	0	0.0003158559697
0.974	0	0.0003158559697
0.973	0	0.0004211412929
0.972	0	0.0004211412929
0.971	0	0.0004211412929
0.97	0	0.0004211412929
0.969	0	0.0004211412929
0.968	0	0.0004211412929
0.967	0	0.0004211412929
0.966	0	0.0004211412929
0.965	0	0.0004211412929
0.964	0	0.0004211412929
0.963	0	0.0004211412929
0.962	0	0.0004211412929
0.961	0	0.0005264266161
0.96	0	0.0005264266161
0.959	0	0.0005264266161
0.958	0	0.0005264266161
0.957	0	0.0006317119394
0.956	0	0.0006317119394
0.955	0	0.0006317119394
0.954	0	0.0007369972626
0.953	0	0.0007369972626
0.952	0	0.0007369972626
0.951	0	0.0007369972626
0.95	0	0.0007369972626
0.949	0	0.0007369972626
0.948	0	0.0008422825858
0.947	0	0.0008422825858
0.946	0	0.0008422825858
0.945	0	0.0008422825858
0.944	0	0.000947567909
0.943	0	0.000947567909
0.942	0	0.001052853232
0.941	0	0.001158138555
0.94	0	0.001158138555
0.939	0	0.001158138555
0.938	0	0.001158138555
0.937	0	0.001263423879
0.936	0	0.001263423879
0.935	0	0.001263423879
0.934	0	0.001368709202
0.933	0	0.001473994525
0.932	0	0.001473994525
0.931	0	0.001579279848
0.93	0	0.001684565172
0.929	0	0.001684565172
0.928	0	0.001684565172
0.927	0	0.001684565172
0.926	0	0.001684565172
0.925	0	0.001684565172
0.924	0	0.001789850495
0.923	0	0.001789850495
0.922	0	0.001789850495
0.921	0	0.001789850495
0.92	0	0.001789850495
0.919	0	0.001789850495
0.918	0	0.001789850495
0.917	0	0.001789850495
0.916	0	0.001789850495
0.915	0	0.001789850495
0.914	0	0.001895135818
0.913	0	0.001895135818
0.912	0	0.002105706465
0.911	0	0.002105706465
0.91	0	0.002210991788
0.909	0	0.002210991788
0.908	0	0.002210991788
0.907	0	0.002421562434
0.906	0	0.002526847757
0.905	0	0.002632133081
0.904	0	0.002632133081
0.903	0	0.002737418404
0.902	0	0.002842703727
0.901	0	0.002842703727
0.9	0	0.002842703727
0.899	0	0.002842703727
0.898	0	0.002842703727
0.897	0	0.002842703727
0.896	0	0.003053274374
0.895	0	0.003158559697
0.894	0	0.00326384502
0.893	0	0.00326384502
0.892	0	0.003474415666
0.891	0	0.003474415666
0.89	0	0.00357970099
0.889	0	0.003684986313
0.888	0	0.003895556959
0.887	0	0.004106127606
0.886	0	0.004316698252
0.885	0	0.004632554222
0.884	0	0.004737839545
0.883	0	0.004948410192
0.882	0	0.005158980838
0.881	0	0.005158980838
0.88	0	0.005369551485
0.879	0	0.005369551485
0.878	0	0.005369551485
0.877	0	0.005580122131
0.876	0	0.005580122131
0.875	0	0.005685407454
0.874	0	0.005895978101
0.873	0	0.006001263424
0.872	0	0.006106548747
0.871	0	0.00621183407
0.87	0	0.006317119394
0.869	0	0.00652769004
0.868	0	0.006632975363
0.867	0	0.00684354601
0.866	0	0.00684354601
0.865	0	0.00684354601
0.864	0	0.00684354601
0.863	0	0.00684354601
0.862	0	0.007264687303
0.861	0	0.007475257949
0.86	0	0.007896399242
0.859	0	0.008001684565
0.858	0	0.008317540535
0.857	0	0.008317540535
0.856	0	0.008422825858
0.855	0	0.008949252474
0.854	0	0.009159823121
0.853	0	0.009370393767
0.852	0	0.00947567909
0.851	0	0.01000210571
0.85	0	0.010423247
0.849	0	0.01105495894
0.848	0	0.01147610023
0.847	0	0.01168667088
0.846	0	0.01210781217
0.845	0	0.01231838282
0.844	0	0.01252895346
0.843	0	0.01295009476
0.842	0	0.01347652137
0.841	0	0.01389766267
0.84	0	0.01400294799
0.839	0	0.01463465993
0.838	0	0.01547694251
0.837	0	0.01610865445
0.836	0	0.01642451042
0.835	0	0.01695093704
0.834	0	0.01726679301
0.833	0	0.01737207833
0.832	0	0.01800379027
0.831	0	0.01821436092
0.83	0	0.01863550221
0.829	0	0.01916192883
0.828	0	0.01937249947
0.827	0	0.01989892609
0.826	0	0.02021478206
0.825	0	0.02063592335
0.824	0	0.02137292061
0.823	0	0.02200463255
0.822	0	0.02210991788
0.821	0	0.02263634449
0.82	0	0.02337334176
0.819	0	0.0240050537
0.818	0	0.02474205096
0.817	0	0.0249526216
0.816	0	0.02590018951
0.815	0	0.02642661613
0.814	0	0.02695304275
0.813	0	0.02790061065
0.812	0	0.02853232259
0.811	0	0.02884817856
0.81	0	0.02926931986
0.809	0	0.03000631712
0.808	0	0.03084859971
0.807	0	0.031269741
0.806	0	0.03148031164
0.805	0	0.03242787955
0.804	0	0.03337544746
0.803	0	0.03432301537
0.802	0	0.03463887134
0.801	0	0.03516529796
0.8	0	0.03548115393
0.799	0	0.03600758054
0.798	0	0.03642872184
0.797	0	0.03706043378
0.796	0	0.0371657191
0.795	0	0.03800800168
0.794	0	0.03863971362
0.793	0	0.03916614024
0.792	0	0.04011370815
0.791	0	0.04137713203
0.79	0	0.04242998526
0.789	0	0.04316698252
0.788	0	0.0444304064
0.787	0	0.04558854496
0.786	0	0.04674668351
0.785	0	0.04769425142
0.784	0	0.04874710465
0.783	0	0.04979995789
0.782	0	0.05074752579
0.781	0	0.05127395241
0.78	0	0.05264266161
0.779	0	0.05422194146
0.778	0	0.05548536534
0.777	0	0.05611707728
0.776	0	0.05674878922
0.775	0	0.05790692777
0.774	0	0.05895978101
0.773	0	0.06011791956
0.772	0	0.06106548747
0.771	0	0.06201305538
0.77	0	0.06317119394
0.769	0	0.0639081912
0.768	0	0.06538218572
0.767	0	0.06601389766
0.766	0	0.06654032428
0.765	0	0.06748789219
0.764	0	0.06833017477
0.763	0	0.06906717204
0.762	0	0.07012002527
0.761	0	0.07127816382
0.76	0	0.07212044641
0.759	0	0.07285744367
0.758	0	0.07401558223
0.757	0	0.07496315014
0.756	0	0.07601600337
0.755	0	0.07759528322
0.754	0	0.07875342177
0.753	0	0.07980627501
0.752	0	0.08054327227
0.751	0	0.08180669615
0.75	0	0.08254369341
0.749	0	0.08380711729
0.748	0	0.08517582649
0.747	0	0.08664982101
0.746	0	0.08738681828
0.745	0	0.08833438619
0.744	0	0.08991366603
0.743	0	0.09180880185
0.742	0	0.09307222573
0.741	0	0.09433564961
0.74	0	0.0951779322
0.739	0	0.09602021478
0.738	0	0.09728363866
0.737	0	0.09875763319
0.736	0	0.09949463045
0.735	0	0.1017056222
0.734	0	0.1037060434
0.733	0	0.1051800379
0.732	0	0.1059170352
0.731	0	0.1072857444
0.73	0	0.1085491682
0.729	0	0.1104443041
0.728	0	0.1119182986
0.727	0	0.1132870078
0.726	0	0.1145504317
0.725	0	0.1161297115
0.724	0	0.1174984207
0.723	0	0.1187618446
0.722	0	0.1202358391
0.721	0	0.1222362603
0.72	0	0.1236049695
0.719	0	0.1257106759
0.718	0	0.1279216677
0.717	0	0.1295009476
0.716	0	0.1312907981
0.715	0	0.1324489366
0.714	0	0.1340282165
0.713	0	0.135502211
0.712	0	0.1367656349
0.711	0	0.1378184881
0.71	0	0.1399241946
0.709	0	0.1417140451
0.708	0	0.1437144662
0.707	0	0.1451884607
0.706	0	0.146241314
0.705	0	0.1483470204
0.704	0	0.1497157296
0.703	0	0.1512950095
0.702	0	0.1528742893
0.701	0	0.1543482838
0.7	0	0.1559275637
0.699	0	0.1567698463
0.698	0	0.1591914087
0.697	0	0.1605601179
0.696	0	0.1619288271
0.695	0	0.163508107
0.694	0	0.1646662455
0.693	0	0.1665613813
0.692	0	0.1677195199
0.691	0	0.1701410823
0.69	0	0.1722467888
0.689	0	0.173615498
0.688	0	0.1767740577
0.687	0	0.1781427669
0.686	0	0.1797220467
0.685	0	0.1811960413
0.684	0	0.1821436092
0.683	0	0.1848810276
0.682	0	0.1870920194
0.681	0	0.1882501579
0.68	0	0.1913034323
0.679	0	0.1928827121
0.678	0	0.194461992
0.677	0	0.1959359865
0.676	0	0.1975152664
0.675	0	0.2003579701
0.674	0	0.2018319646
0.673	0	0.2037271004
0.672	0	0.2049905243
0.671	0	0.2064645188
0.67	0	0.2076226574
0.669	0	0.2094125079
0.668	0	0.2109917877
0.667	0	0.2137292061
0.666	0	0.2155190566
0.665	0	0.2178353338
0.664	0	0.2200463255
0.663	0	0.2212044641
0.662	0	0.2230995999
0.661	0	0.2256264477
0.66	0	0.2275215835
0.659	0	0.2299431459
0.658	0	0.2317329964
0.657	0	0.2343651295
0.656	0	0.2363655506
0.655	0	0.2382606865
0.654	0	0.2406822489
0.653	0	0.2421562434
0.652	0	0.2443672352
0.651	0	0.2472099389
0.65	0	0.2487892188
0.649	0	0.2508949252
0.648	0	0.2535270583
0.647	0	0.2559486208
0.646	0	0.2574226153
0.645	0	0.2592124658
0.644	0	0.2613181722
0.643	0	0.263529164
0.642	0	0.2648978732
0.641	0	0.2668982944
0.64	0	0.2694251421
0.639	0	0.2711097073
0.638	0	0.2734259844
0.637	0	0.2757422615
0.636	0	0.277847968
0.635	0	0.2803748158
0.634	2.109482122e-07	0.2821646662
0.633	2.109482122e-07	0.2847967993
0.632	2.109482122e-07	0.2875342177
0.631	2.109482122e-07	0.2906927774
0.63	2.109482122e-07	0.2936407665
0.629	2.109482122e-07	0.295114761
0.628	2.109482122e-07	0.2974310381
0.627	2.109482122e-07	0.2987997473
0.626	2.109482122e-07	0.3014318804
0.625	2.109482122e-07	0.3039587282
0.624	2.109482122e-07	0.3072225732
0.623	2.109482122e-07	0.3093282796
0.622	2.109482122e-07	0.3108022742
0.621	2.109482122e-07	0.3121709834
0.62	2.109482122e-07	0.3149084018
0.619	2.109482122e-07	0.3171193936
0.618	2.109482122e-07	0.319540956
0.617	2.109482122e-07	0.3215413771
0.616	2.109482122e-07	0.3233312276
0.615	2.109482122e-07	0.3251210781
0.614	2.109482122e-07	0.3285954938
0.613	2.109482122e-07	0.3297536323
0.612	2.109482122e-07	0.3316487682
0.611	2.109482122e-07	0.3337544746
0.61	2.109482122e-07	0.336491893
0.609	2.109482122e-07	0.3381764582
0.608	2.109482122e-07	0.3402821647
0.607	2.109482122e-07	0.3421773005
0.606	2.109482122e-07	0.3442830069
0.605	2.109482122e-07	0.3473362813
0.604	2.109482122e-07	0.3490208465
0.603	2.109482122e-07	0.3514424089
0.602	2.109482122e-07	0.353758686
0.601	2.109482122e-07	0.3551273952
0.6	2.109482122e-07	0.3578648136
0.599	2.109482122e-07	0.3595493788
0.598	2.109482122e-07	0.3613392293
0.597	2.109482122e-07	0.3639713624
0.596	2.109482122e-07	0.3662876395
0.595	2.109482122e-07	0.3687092019
0.594	2.109482122e-07	0.3704990524
0.593	2.109482122e-07	0.3729206149
0.592	2.109482122e-07	0.3753421773
0.591	2.109482122e-07	0.3769214571
0.59	2.109482122e-07	0.3791324489
0.589	2.109482122e-07	0.3813434407
0.588	2.109482122e-07	0.3833438619
0.587	2.109482122e-07	0.385344283
0.586	2.109482122e-07	0.3869235629
0.585	2.109482122e-07	0.3891345546
0.584	2.109482122e-07	0.3914508318
0.583	2.109482122e-07	0.3936618235
0.582	2.109482122e-07	0.396083386
0.581	2.109482122e-07	0.3989260897
0.58	2.109482122e-07	0.4004000842
0.579	2.109482122e-07	0.4033480733
0.578	2.109482122e-07	0.4053484944
0.577	2.109482122e-07	0.4081911981
0.576	2.109482122e-07	0.4107180459
0.575	2.109482122e-07	0.4134554643
0.574	2.109482122e-07	0.4161928827
0.573	2.109482122e-07	0.4178774479
0.572	2.109482122e-07	0.419877869
0.571	2.109482122e-07	0.4226152874
0.57	2.109482122e-07	0.4255632765
0.569	2.109482122e-07	0.4271425563
0.568	2.109482122e-07	0.4293535481
0.567	2.109482122e-07	0.4310381133
0.566	2.109482122e-07	0.4325121078
0.565	2.109482122e-07	0.4343019583
0.564	2.109482122e-07	0.4367235207
0.563	2.109482122e-07	0.4399873658
0.562	2.109482122e-07	0.4421983575
0.561	2.109482122e-07	0.4447252053
0.56	2.109482122e-07	0.4467256264
0.559	2.109482122e-07	0.4493577595
0.558	2.109482122e-07	0.4503053274
0.557	2.109482122e-07	0.4527268899
0.556	2.109482122e-07	0.4542008844
0.555	2.109482122e-07	0.4562013055
0.554	2.109482122e-07	0.4585175826
0.553	2.109482122e-07	0.4602021478
0.552	2.109482122e-07	0.4619919983
0.551	2.109482122e-07	0.4634659928
0.55	2.109482122e-07	0.4646241314
0.549	2.109482122e-07	0.46578227
0.548	2.109482122e-07	0.4680985471
0.547	2.109482122e-07	0.4703095389
0.546	2.109482122e-07	0.4725205306
0.545	2.109482122e-07	0.4747315224
0.544	2.109482122e-07	0.4775742262
0.543	2.109482122e-07	0.4795746473
0.542	2.109482122e-07	0.4812592125
0.541	2.109482122e-07	0.4841019162
0.54	2.109482122e-07	0.486628764
0.539	2.109482122e-07	0.489892609
0.538	2.109482122e-07	0.4910507475
0.537	2.109482122e-07	0.4941040219
0.536	2.109482122e-07	0.4959991577
0.535	2.109482122e-07	0.4977890082
0.534	2.109482122e-07	0.5002105706
0.533	2.109482122e-07	0.5029479891
0.532	2.109482122e-07	0.5055801221
0.531	2.109482122e-07	0.5080016846
0.53	2.109482122e-07	0.510107391
0.529	2.109482122e-07	0.5124236681
0.528	2.109482122e-07	0.5142135186
0.527	2.109482122e-07	0.5165297957
0.526	2.109482122e-07	0.5176879343
0.525	2.109482122e-07	0.5197936408
0.524	2.109482122e-07	0.5215834913
0.523	2.109482122e-07	0.523794483
0.522	2.109482122e-07	0.5259001895
0.521	2.109482122e-07	0.5282164666
0.52	2.109482122e-07	0.5308485997
0.519	2.109482122e-07	0.5326384502
0.518	2.109482122e-07	0.5349547273
0.517	2.109482122e-07	0.537797431
0.516	2.109482122e-07	0.5406401348
0.515	2.109482122e-07	0.5431669825
0.514	2.109482122e-07	0.5456938303
0.513	2.109482122e-07	0.5487471047
0.512	2.109482122e-07	0.5513792377
0.511	2.109482122e-07	0.5539060855
0.51	2.109482122e-07	0.5559065066
0.509	2.109482122e-07	0.5582227837
0.508	2.109482122e-07	0.5602232049
0.507	2.109482122e-07	0.562539482
0.506	2.109482122e-07	0.5647504738
0.505	2.109482122e-07	0.5665403243
0.504	2.109482122e-07	0.5675931775
0.503	2.109482122e-07	0.569698884
0.502	2.109482122e-07	0.5718045904
0.501	2.109482122e-07	0.5734891556
0.5	2.109482122e-07	0.5750684355
0.499	2.109482122e-07	0.57654243
0.498	2.109482122e-07	0.5784375658
0.497	2.109482122e-07	0.5799115603
0.496	2.109482122e-07	0.5815961255
0.495	2.109482122e-07	0.583385976
0.494	2.109482122e-07	0.5843335439
0.493	2.109482122e-07	0.5853863971
0.492	2.109482122e-07	0.5877026742
0.491	2.109482122e-07	0.5891766688
0.49	2.109482122e-07	0.5913876606
0.489	2.109482122e-07	0.5932827964
0.488	2.109482122e-07	0.5942303643
0.487	4.218964244e-07	0.5953885028
0.486	4.218964244e-07	0.597388924
0.485	4.218964244e-07	0.5997052011
0.484	4.218964244e-07	0.6011791956
0.483	4.218964244e-07	0.6031796168
0.482	4.218964244e-07	0.6049694673
0.481	4.218964244e-07	0.6065487471
0.48	4.218964244e-07	0.6083385976
0.479	4.218964244e-07	0.6100231628
0.478	4.218964244e-07	0.6124447252
0.477	4.218964244e-07	0.6141292904
0.476	4.218964244e-07	0.6164455675
0.475	6.328446366e-07	0.617603706
0.474	6.328446366e-07	0.6186565593
0.473	6.328446366e-07	0.6208675511
0.472	6.328446366e-07	0.621815119
0.471	8.437928489e-07	0.6237102548
0.47	8.437928489e-07	0.6255001053
0.469	8.437928489e-07	0.6278163824
0.468	8.437928489e-07	0.6297115182
0.467	8.437928489e-07	0.6310802274
0.466	8.437928489e-07	0.6323436513
0.465	8.437928489e-07	0.6338176458
0.464	8.437928489e-07	0.635502211
0.463	8.437928489e-07	0.6370814908
0.462	8.437928489e-07	0.6385554854
0.461	8.437928489e-07	0.6396083386
0.46	8.437928489e-07	0.6416087597
0.459	8.437928489e-07	0.6427668983
0.458	8.437928489e-07	0.6439250368
0.457	8.437928489e-07	0.6450831754
0.456	1.054741061e-06	0.6465571699
0.455	1.054741061e-06	0.648873447
0.454	1.054741061e-06	0.6504527269
0.453	1.054741061e-06	0.652453148
0.452	1.054741061e-06	0.6536112866
0.451	1.054741061e-06	0.6555064224
0.45	1.265689273e-06	0.6568751316
0.449	1.265689273e-06	0.6587702674
0.448	1.265689273e-06	0.6600336913
0.447	1.265689273e-06	0.6616129712
0.446	1.265689273e-06	0.6629816804
0.445	1.265689273e-06	0.6648768162
0.444	1.265689273e-06	0.6663508107
0.443	1.265689273e-06	0.6669825226
0.442	1.265689273e-06	0.6682459465
0.441	1.476637485e-06	0.6690882291
0.44	1.476637485e-06	0.6712992209
0.439	1.476637485e-06	0.6731943567
0.438	1.476637485e-06	0.6744577806
0.437	1.476637485e-06	0.6762476311
0.436	1.476637485e-06	0.6774057696
0.435	1.687585698e-06	0.6790903348
0.434	1.687585698e-06	0.6807749
0.433	1.687585698e-06	0.6823541798
0.432	1.687585698e-06	0.684038745
0.431	1.687585698e-06	0.6858285955
0.43	1.89853391e-06	0.6874078753
0.429	1.89853391e-06	0.6889871552
0.428	1.89853391e-06	0.6903558644
0.427	1.89853391e-06	0.6923562855
0.426	2.109482122e-06	0.6943567067
0.425	2.109482122e-06	0.6961465572
0.424	2.109482122e-06	0.6975152664
0.423	2.109482122e-06	0.6984628343
0.422	2.320430334e-06	0.6993051169
0.421	2.320430334e-06	0.700989682
0.42	2.531378547e-06	0.7034112445
0.419	2.531378547e-06	0.7050958096
0.418	2.742326759e-06	0.7068856601
0.417	2.953274971e-06	0.7085702253
0.416	3.164223183e-06	0.7092019372
0.415	3.164223183e-06	0.7104653611
0.414	3.375171395e-06	0.712044641
0.413	3.79706782e-06	0.7140450621
0.412	3.79706782e-06	0.7161507686
0.411	4.008016032e-06	0.7181511897
0.41	4.008016032e-06	0.7197304696
0.409	4.008016032e-06	0.7214150347
0.408	4.218964244e-06	0.7222573173
0.407	4.429912456e-06	0.7234154559
0.406	4.429912456e-06	0.7245735944
0.405	4.429912456e-06	0.7258370183
0.404	4.851808881e-06	0.7277321541
0.403	4.851808881e-06	0.7299431459
0.402	5.062757093e-06	0.7306801432
0.401	5.062757093e-06	0.7316277111
0.4	5.062757093e-06	0.732575279
0.399	5.484653518e-06	0.7331017056
0.398	5.906549942e-06	0.7344704148
0.397	5.906549942e-06	0.7353126974
0.396	6.117498154e-06	0.73615498
0.395	6.117498154e-06	0.7378395452
0.394	6.750342791e-06	0.7393135397
0.393	6.961291003e-06	0.7406822489
0.392	7.172239215e-06	0.7419456728
0.391	7.59413564e-06	0.743314382
0.39	8.016032064e-06	0.7440513792
0.389	8.648876701e-06	0.7453148031
0.388	8.648876701e-06	0.7461570857
0.387	8.648876701e-06	0.7471046536
0.386	9.281721337e-06	0.7482627922
0.385	1.012551419e-05	0.7494209307
0.384	1.075835882e-05	0.7505790693
0.383	1.096930704e-05	0.7521583491
0.382	1.181309988e-05	0.7530006317
0.381	1.265689273e-05	0.7539481996
0.38	1.350068558e-05	0.7552116235
0.379	1.371163379e-05	0.7561591914
0.378	1.413353022e-05	0.7576331859
0.377	1.497732307e-05	0.7584754685
0.376	1.603206413e-05	0.759949463
0.375	1.624301234e-05	0.7610023163
0.374	1.645396055e-05	0.7620551695
0.373	1.687585698e-05	0.7626868814
0.372	1.687585698e-05	0.76384502
0.371	1.750870161e-05	0.7647925879
0.37	1.771964983e-05	0.7653190145
0.369	1.919628731e-05	0.7662665824
0.368	2.046197658e-05	0.767108865
0.367	2.109482122e-05	0.7680564329
0.366	2.193861407e-05	0.7692145715
0.365	2.257145871e-05	0.7712149926
0.364	2.383714798e-05	0.7720572752
0.363	2.510283725e-05	0.7731101284
0.362	2.59466301e-05	0.7747946936
0.361	2.742326759e-05	0.7756369762
0.36	2.847800865e-05	0.7765845441
0.359	2.953274971e-05	0.7769004001
0.358	3.037654256e-05	0.7780585386
0.357	3.185318004e-05	0.7786902506
0.356	3.290792111e-05	0.7797431038
0.355	3.375171395e-05	0.7806906717
0.354	3.480645502e-05	0.7820593809
0.353	3.670498893e-05	0.7832175195
0.352	3.775972999e-05	0.7840598021
0.351	3.96582639e-05	0.78500737
0.35	4.113490138e-05	0.7863760792
0.349	4.303343529e-05	0.7877447884
0.348	4.408817635e-05	0.7887976416
0.347	4.472102099e-05	0.7899557802
0.346	4.788524417e-05	0.7911139187
0.345	4.978377808e-05	0.7920614866
0.344	5.336989769e-05	0.7937460518
0.343	5.442463875e-05	0.7946936197
0.342	5.758886193e-05	0.7950094757
0.341	6.054213691e-05	0.7958517583
0.34	6.159687797e-05	0.7964834702
0.339	6.433920473e-05	0.7978521794
0.338	6.665963506e-05	0.7984838913
0.337	6.982385824e-05	0.7993261739
0.336	7.151144394e-05	0.7999578859
0.335	7.404282249e-05	0.8006948831
0.334	7.720704567e-05	0.8012213097
0.333	8.079316528e-05	0.8020635923
0.332	8.332454382e-05	0.8023794483
0.331	8.585592237e-05	0.8031164456
0.33	9.049678304e-05	0.8043798694
0.329	9.49266955e-05	0.805222152
0.328	0.0001002004008	0.8056432933
0.327	0.0001042084168	0.8064855759
0.326	0.0001075835882	0.8069067172
0.325	0.0001115916043	0.8077489998
0.324	0.0001149667757	0.808801853
0.323	0.0001183419471	0.8095388503
0.322	0.000124248497	0.8103811329
0.321	0.0001307878916	0.8112234155
0.32	0.0001371163379	0.8121709834
0.319	0.0001426009915	0.8131185513
0.318	0.0001485075414	0.8137502632
0.317	0.0001539921949	0.8142766898
0.316	0.0001588440038	0.8148031164
0.315	0.0001651724502	0.8151189724
0.314	0.0001715008965	0.8160665403
0.313	0.0001784621875	0.8165929669
0.312	0.000185845375	0.8177511055
0.311	0.0001906971838	0.8178563908
0.31	0.0001978694231	0.8186986734
0.309	0.0002054635587	0.8192251
0.308	0.0002134795908	0.8204885239
0.307	0.0002189642443	0.8216466625
0.306	0.0002295116549	0.8219625184
0.305	0.000238582428	0.8230153717
0.304	0.0002470203565	0.8237523689
0.303	0.0002571458707	0.8243840809
0.302	0.0002645290581	0.8251210781
0.301	0.0002744436241	0.8256475047
0.3	0.0002839362936	0.8265950726
0.299	0.0002934289632	0.8273320699
0.298	0.0003052420631	0.8280690672
0.297	0.0003149456808	0.8287007791
0.296	0.0003259149879	0.8293324911
0.295	0.0003404704145	0.8307012003
0.294	0.0003512287733	0.8316487682
0.293	0.0003640966143	0.8320699095
0.292	0.0003780191963	0.8331227627
0.291	0.0003923636747	0.8338597599
0.29	0.0004062862567	0.8343861866
0.289	0.0004166227191	0.8351231838
0.288	0.0004318109904	0.8360707517
0.287	0.000449319692	0.8367024637
0.286	0.0004604999473	0.8370183196
0.285	0.000476110115	0.8373341756
0.284	0.0004908764898	0.8380711729
0.283	0.0005066976057	0.8387028848
0.282	0.0005267376859	0.8396504527
0.281	0.0005429806982	0.8401768793
0.28	0.0005619660373	0.8405980206
0.279	0.0005836937032	0.8411244473
0.278	0.0006024680941	0.8420720152
0.277	0.0006241957599	0.8428090124
0.276	0.0006482438561	0.8434407244
0.275	0.0006693386774	0.8443882923
0.274	0.0006919101361	0.8447041482
0.273	0.0007140596983	0.8450200042
0.272	0.0007370530535	0.8454411455
0.271	0.0007625777872	0.8461781428
0.27	0.0007891572619	0.8468098547
0.269	0.0008189009598	0.8476521373
0.268	0.000846957072	0.8482838492
0.267	0.0008815525788	0.8485997052
0.266	0.0009129838625	0.8495472731
0.265	0.0009465246282	0.8499684144
0.264	0.0009785887565	0.8502842704
0.263	0.00101360616	0.8512318383
0.262	0.001043771754	0.8523899768
0.261	0.001076257779	0.8527058328
0.26	0.001119080266	0.8530216888
0.259	0.001153253876	0.8535481154
0.258	0.001191857399	0.854074542
0.257	0.001231937559	0.8550221099
0.256	0.001276869529	0.8552326806
0.255	0.001324121928	0.8552326806
0.254	0.001365678726	0.8560749632
0.253	0.001414407763	0.8562855338
0.252	0.001466301023	0.8567066751
0.251	0.001521780403	0.8570225311
0.25	0.001574728404	0.8575489577
0.249	0.001622191752	0.857970099
0.248	0.001672397426	0.8584965256
0.247	0.001728298703	0.8589176669
0.246	0.001789262736	0.8595493788
0.245	0.001851703407	0.8598652348
0.244	0.001916675456	0.8602863761
0.243	0.001982702247	0.8604969467
0.242	0.002052526105	0.8611286587
0.241	0.002122560911	0.8614445146
0.24	0.002195548993	0.8617603706
0.239	0.002266216644	0.8620762266
0.238	0.002342158	0.8626026532
0.237	0.002419575994	0.8631290798
0.236	0.002496361143	0.8635502211
0.235	0.002578630946	0.8642872184
0.234	0.002664486868	0.864813645
0.233	0.002749709946	0.8652347863
0.232	0.00283894104	0.8655506422
0.231	0.002935133425	0.8658664982
0.23	0.003032802447	0.8667087808
0.229	0.0031327919	0.8671299221
0.228	0.00323889885	0.8674457781
0.227	0.003351123299	0.8675510634
0.226	0.003455542664	0.8679722047
0.225	0.003574306508	0.8681827753
0.224	0.003692437507	0.8688144873
0.223	0.003805716697	0.8691303432
0.222	0.003928699504	0.8699726258
0.221	0.004050205675	0.8707096231
0.22	0.004174454172	0.8717624763
0.219	0.004310726717	0.8721836176
0.218	0.004440459867	0.8726047589
0.217	0.004593608269	0.8733417562
0.216	0.004735576416	0.8739734681
0.215	0.00488260732	0.8739734681
0.214	0.005028794431	0.8747104654
0.213	0.005181520937	0.874921036
0.212	0.00534163063	0.8751316067
0.211	0.005521780403	0.8754474626
0.21	0.005710368105	0.8755527479
0.209	0.005891572619	0.8757633186
0.208	0.006074464719	0.8761844599
0.207	0.006267271385	0.8763950305
0.206	0.006475688219	0.8770267425
0.205	0.006688534965	0.8775531691
0.204	0.006892521886	0.8778690251
0.203	0.007112962768	0.878500737
0.202	0.007339099251	0.8789218783
0.201	0.007570087544	0.8793430196
0.2	0.007809302816	0.8797641609
0.199	0.008052315157	0.8801853022
0.198	0.00829849172	0.8802905875
0.197	0.008564497416	0.8805011581
0.196	0.008815947685	0.8807117288
0.195	0.009089969413	0.8811328701
0.194	0.009353021833	0.881448726
0.193	0.009651513553	0.8815540114
0.192	0.009940723552	0.881764582
0.191	0.01024216855	0.8821857233
0.19	0.01055943466	0.8826068646
0.189	0.01088028689	0.8829227206
0.188	0.01120620188	0.8835544325
0.187	0.01154751608	0.8837650032
0.186	0.01190275287	0.8842914298
0.185	0.01225777872	0.8851337124
0.184	0.01263073515	0.885344283
0.183	0.01298829237	0.885344283
0.182	0.01337327286	0.8854495683
0.181	0.01377512921	0.8857654243
0.18	0.01418774391	0.8860812803
0.179	0.01460267904	0.8865024216
0.178	0.01502984917	0.8866077069
0.177	0.01546102732	0.8867129922
0.176	0.01592110537	0.8871341335
0.175	0.01638076152	0.8872394188
0.174	0.01686341103	0.8875552748
0.173	0.01735386563	0.8876605601
0.172	0.01784706255	0.8878711308
0.171	0.01837000316	0.8878711308
0.17	0.01888450585	0.8880817014
0.169	0.01943803396	0.8882922721
0.168	0.01999303871	0.88923984
0.167	0.02054952009	0.8895556959
0.166	0.02112013501	0.8896609813
0.165	0.02170488345	0.8899768372
0.164	0.02233350912	0.8903979785
0.163	0.02297415884	0.8906085492
0.162	0.02361691805	0.8911349758
0.161	0.0242826706	0.8916614024
0.16	0.02493977429	0.8922931143
0.159	0.02562071511	0.8927142556
0.158	0.02634342369	0.8933459676
0.157	0.02704862356	0.8935565382
0.156	0.02778884084	0.8938723942
0.155	0.02853770699	0.8945041061
0.154	0.02932855184	0.8947146768
0.153	0.03011011497	0.8949252474
0.152	0.03093829765	0.8952411034
0.151	0.03178377808	0.8953463887
0.15	0.03260795275	0.8958728153
0.149	0.03347748128	0.8962939566
0.148	0.03436240903	0.8965045273
0.147	0.03527265056	0.8967150979
0.146	0.03620904968	0.8972415245
0.145	0.03715578525	0.8977679511
0.144	0.03810188799	0.8978732365
0.143	0.03909904019	0.8982943778
0.142	0.04012403755	0.8988208044
0.141	0.0411804662	0.899347231
0.14	0.04222613648	0.8995578016
0.139	0.04330766797	0.899663087
0.138	0.0444183103	0.8998736576
0.137	0.04552663221	0.9000842283
0.136	0.0466781985	0.9002947989
0.135	0.04785613332	0.9006106549
0.134	0.04905326442	0.9006106549
0.133	0.05026009915	0.9013476521
0.132	0.05152072566	0.9016635081
0.131	0.0528203776	0.9020846494
0.13	0.05414935133	0.9024005054
0.129	0.0554806455	0.9027163613
0.128	0.05683894104	0.9027163613
0.127	0.05822465985	0.9028216467
0.126	0.05966100622	0.903242788
0.125	0.06109904019	0.9037692146
0.124	0.0625836937	0.9042956412
0.123	0.064065183	0.9044009265
0.122	0.06560911296	0.9050326385
0.121	0.06717097353	0.9055590651
0.12	0.0687608902	0.9060854917
0.119	0.07038877756	0.906506633
0.118	0.07205062757	0.9069277743
0.117	0.07371500897	0.9073489156
0.116	0.07541968147	0.9075594862
0.115	0.07716422318	0.9077700569
0.114	0.07894546989	0.9082964835
0.113	0.08077523468	0.9086123394
0.112	0.08259761629	0.9088229101
0.111	0.08448581373	0.9091387661
0.11	0.08639067609	0.9096651927
0.109	0.08833161059	0.909770478
0.108	0.09028688957	0.910086334
0.107	0.09230650775	0.9104021899
0.106	0.09435038498	0.9112444725
0.105	0.09639658264	0.9115603285
0.104	0.09851597933	0.9119814698
0.103	0.1006676511	0.9126131817
0.102	0.1028321907	0.9129290377
0.101	0.1050171923	0.913350179
0.1	0.1072692754	0.9140871762
0.099	0.1095734627	0.9146136029
0.098	0.1118780719	0.9153506001
0.097	0.1142265584	0.9158770267
0.096	0.1166216644	0.9158770267
0.095	0.1190055901	0.916298168
0.094	0.121450269	0.9168245947
0.093	0.1239584432	0.9173510213
0.092	0.1265128151	0.9174563066
0.091	0.1290865942	0.9178774479
0.09	0.1316738741	0.9181933039
0.089	0.1343069296	0.9186144451
0.088	0.1369785888	0.9189303011
0.087	0.1397200717	0.9194567277
0.086	0.1424649299	0.9197725837
0.085	0.1453146293	0.9204042956
0.084	0.1481622192	0.9206148663
0.083	0.1510435608	0.9209307223
0.082	0.1539808037	0.9209307223
0.081	0.1569159371	0.9215624342
0.08	0.1599316528	0.9218782902
0.079	0.1629212108	0.9226152874
0.078	0.1659316528	0.9229311434
0.077	0.1690302711	0.9235628553
0.076	0.1721575783	0.923773426
0.075	0.1753148402	0.9245104232
0.074	0.1785545828	0.9246157086
0.073	0.1818603523	0.9247209939
0.072	0.1851834195	0.9248262792
0.071	0.1885054319	0.9250368499
0.07	0.1918793376	0.9252474205
0.069	0.1952591499	0.9257738471
0.068	0.1987115283	0.9259844178
0.067	0.2021575783	0.9260897031
0.066	0.2057053053	0.9269319857
0.065	0.2092705411	0.927353127
0.064	0.2129233203	0.9279848389
0.063	0.216529691	0.9284059802
0.062	0.2201896424	0.9291429775
0.061	0.2238637275	0.9295641188
0.06	0.2276312625	0.930301116
0.059	0.2314766375	0.9308275426
0.058	0.2353247548	0.9310381133
0.057	0.2391652779	0.9312486839
0.056	0.2430372324	0.9321962518
0.055	0.2469465246	0.9326173931
0.054	0.2509361882	0.9330385344
0.053	0.2548701614	0.9333543904
0.052	0.2588503322	0.933880817
0.051	0.2628956861	0.934196673
0.05	0.2670676089	0.9349336702
0.049	0.2711631684	0.9350389556
0.048	0.2753323489	0.9351442409
0.047	0.2795578525	0.9352495262
0.046	0.2838101466	0.9357759528
0.045	0.2880573779	0.9363023794
0.044	0.2923206413	0.9365129501
0.043	0.2966421264	0.9368288061
0.042	0.3010351229	0.9370393767
0.041	0.3054287522	0.9376710887
0.04	0.3098645712	0.9378816593
0.039	0.3143115705	0.9381975153
0.038	0.318769961	0.9388292272
0.037	0.3232903702	0.9392503685
0.036	0.327824702	0.9398820804
0.035	0.3323280245	0.9400926511
0.034	0.3368912562	0.9412507896
0.033	0.3415462504	0.9416719309
0.032	0.3461904862	0.9419877869
0.031	0.3508165805	0.9421983575
0.03	0.3555295855	0.9423036429
0.029	0.3601841578	0.9429353548
0.028	0.3649093977	0.9432512108
0.027	0.3696268326	0.9437776374
0.026	0.3744320219	0.9445146347
0.025	0.3792127413	0.9451463466
0.024	0.3840295327	0.9453569172
0.023	0.3888842949	0.9456727732
0.022	0.3937264002	0.9466203411
0.021	0.3985157684	0.9470414824
0.02	0.4033979538	0.9471467677
0.019	0.4082539816	0.9477784797
0.018	0.4131131737	0.9483049063
0.017	0.4180942939	0.9488313329
0.016	0.423063179	0.9494630449
0.015	0.4280383926	0.9499894715
0.014	0.4330538973	0.9505158981
0.013	0.4379685687	0.9508317541
0.012	0.442944837	0.9513581807
0.011	0.4478995887	0.9515687513
0.01	0.4529186795	0.9519898926
0.009	0.4579582323	0.9524110339
0.008	0.4630030587	0.9526216045
0.007	0.468040924	0.9527268899
0.006	0.4730657104	0.9533586018
0.005	0.4781088493	0.9536744578
0.004	0.4831694969	0.9542008844
0.003	0.4882440671	0.954727311
0.002	0.4933051366	0.9549378817
0.001	0.4984029111	0.955043167
0	0.5034863411	0.9555695936
-0.001	0.5085396055	0.9559907349
-0.002	0.5135667124	0.9564118762
-0.003	0.5186106951	0.9567277322
-0.004	0.5236732412	0.9571488734
-0.005	0.5287406392	0.957991156
-0.006	0.5337512921	0.9582017267
-0.007	0.5387891573	0.958622868
-0.008	0.5438358823	0.9592545799
-0.009	0.5488990613	0.9599915772
-0.01	0.5539381922	0.9603074331
-0.011	0.5589290159	0.9611497157
-0.012	0.5638841894	0.9613602864
-0.013	0.5688454804	0.9619919983
-0.014	0.5738557114	0.9625184249
-0.015	0.5788191119	0.9631501369
-0.016	0.5837561439	0.9631501369
-0.017	0.5887070984	0.9633607075
-0.018	0.5936738741	0.9635712782
-0.019	0.5986195549	0.9644135607
-0.02	0.6035924481	0.9650452727
-0.021	0.6085225187	0.9653611287
-0.022	0.613376859	0.9658875553
-0.023	0.618264951	0.9660981259
-0.024	0.6231110642	0.9666245525
-0.025	0.6279019091	0.9668351232
-0.026	0.6327248181	0.9674668351
-0.027	0.6374892944	0.9678879764
-0.028	0.6423084063	0.9683091177
-0.029	0.6470583272	0.9685196884
-0.03	0.6518211159	0.9688355443
-0.031	0.6565596456	0.9692566856
-0.032	0.6612931125	0.9692566856
-0.033	0.665918363	0.9699936829
-0.034	0.670549942	0.9703095389
-0.035	0.6751349014	0.9706253948
-0.036	0.6797091024	0.9709412508
-0.037	0.6842993355	0.9712571068
-0.038	0.6888446366	0.9714676774
-0.039	0.6933045037	0.9720993893
-0.04	0.6977521359	0.9724152453
-0.041	0.702175298	0.9730469573
-0.042	0.7066474001	0.9737839545
-0.043	0.7110593819	0.9742050958
-0.044	0.7154236895	0.9743103811
-0.045	0.7197278768	0.9746262371
-0.046	0.7240130788	0.9749420931
-0.047	0.7282387934	0.9750473784
-0.048	0.7324419365	0.9753632344
-0.049	0.7366206096	0.9754685197
-0.05	0.7407676405	0.975889661
-0.051	0.744875857	0.9761002316
-0.052	0.7490110748	0.9764160876
-0.053	0.7531005168	0.9766266582
-0.054	0.7571889041	0.9768372289
-0.055	0.7611697078	0.9769425142
-0.056	0.7651011497	0.9774689408
-0.057	0.768981542	0.9777847968
-0.058	0.7728214323	0.9781006528
-0.059	0.7766541504	0.9784165087
-0.06	0.780382871	0.9785217941
-0.061	0.784167071	0.9790482207
-0.062	0.7878949478	0.9792587913
-0.063	0.7915985656	0.9796799326
-0.064	0.7952610484	0.9802063592
-0.065	0.7988688957	0.9803116446
-0.066	0.8024455226	0.9804169299
-0.067	0.8059335513	0.9804169299
-0.068	0.8094536441	0.9806275005
-0.069	0.8129302816	0.9807327858
-0.07	0.8163527054	0.9807327858
-0.071	0.8197251345	0.9809433565
-0.072	0.82303449	0.9818909244
-0.073	0.8263784411	0.9822067804
-0.074	0.8296380129	0.982733207
-0.075	0.8328849278	0.9828384923
-0.076	0.8360744647	0.9829437776
-0.077	0.8392272967	0.9836807749
-0.078	0.8423539711	0.9837860602
-0.079	0.8454120873	0.9839966309
-0.08	0.8484716802	0.9843124868
-0.081	0.8514675667	0.9847336281
-0.082	0.8545039553	0.9849441988
-0.083	0.8574384559	0.9851547694
-0.084	0.860313469	0.9854706254
-0.085	0.8631654889	0.985681196
-0.086	0.865979749	0.9857864814
-0.087	0.8687298808	0.9861023373
-0.088	0.8715015294	0.9865234786
-0.089	0.8741444995	0.9867340493
-0.09	0.8767712267	0.9867340493
-0.091	0.8793382555	0.9870499052
-0.092	0.8819238477	0.9873657612
-0.093	0.8844432022	0.9875763319
-0.094	0.8869353444	0.9876816172
-0.095	0.889384875	0.9878921878
-0.096	0.8917424322	0.9883133291
-0.097	0.8941172872	0.9888397557
-0.098	0.8964548043	0.9893661824
-0.099	0.8987366312	0.9896820383
-0.1	0.9010460922	0.9901031796
-0.101	0.903287206	0.9903137503
-0.102	0.9054608164	0.9905243209
-0.103	0.9076205042	0.9907348916
-0.104	0.9097329396	0.9910507475
-0.105	0.91180867	0.9911560328
-0.106	0.9138479063	0.9914718888
-0.107	0.9158603523	0.9918930301
-0.108	0.9178552895	0.9921036008
-0.109	0.9197966459	0.9921036008
-0.11	0.9216645923	0.9922088861
-0.111	0.923511022	0.9922088861
-0.112	0.9253544985	0.9924194567
-0.113	0.9271549415	0.9926300274
-0.114	0.928924797	0.9930511687
-0.115	0.9306809408	0.993156454
-0.116	0.9323605105	0.993156454
-0.117	0.9339970467	0.9932617393
-0.118	0.9356308406	0.9935775953
-0.119	0.9372405864	0.9937881659
-0.12	0.9388653096	0.9939987366
-0.121	0.9404010126	0.9942093072
-0.122	0.9418953697	0.9945251632
-0.123	0.9433838203	0.9945251632
-0.124	0.9448480118	0.9947357338
-0.125	0.9462634743	0.9950515898
-0.126	0.9476443413	0.9952621605
-0.127	0.9490273178	0.9955780164
-0.128	0.9503499631	0.9957885871
-0.129	0.9516485603	0.9958938724
-0.13	0.9529250079	0.996104443
-0.131	0.9541828921	0.9962097284
-0.132	0.955393102	0.9963150137
-0.133	0.9565731463	0.996736155
-0.134	0.9577390571	0.9969467256
-0.135	0.9588771227	0.9969467256
-0.136	0.9600075941	0.9970520109
-0.137	0.9611011497	0.9970520109
-0.138	0.9621700243	0.9974731522
-0.139	0.9632313047	0.9974731522
-0.14	0.9642575678	0.9975784376
-0.141	0.9652580951	0.9976837229
-0.142	0.9662339416	0.9977890082
-0.143	0.967181099	0.9977890082
-0.144	0.9681267799	0.9977890082
-0.145	0.969046725	0.9977890082
-0.146	0.9699424111	0.9977890082
-0.147	0.9708011813	0.9978942935
-0.148	0.9716314735	0.9978942935
-0.149	0.9724537496	0.9979995789
-0.15	0.9732437507	0.9979995789
-0.151	0.9740240481	0.9979995789
-0.152	0.9748049784	0.9979995789
-0.153	0.9755570088	0.9982101495
-0.154	0.9763022888	0.9982101495
-0.155	0.9770155047	0.9982101495
-0.156	0.9777276659	0.9982101495
-0.157	0.9783811834	0.9984207202
-0.158	0.9790479907	0.9987365761
-0.159	0.9796795697	0.9988418614
-0.16	0.980313469	0.9989471468
-0.161	0.9809146714	0.9991577174
-0.162	0.9814854973	0.9992630027
-0.163	0.9820637064	0.9992630027
-0.164	0.98262736	0.9992630027
-0.165	0.9831842633	0.9993682881
-0.166	0.9837358928	0.9993682881
-0.167	0.984256513	0.9993682881
-0.168	0.9847438034	0.9993682881
-0.169	0.9852334142	0.9993682881
-0.17	0.985706571	0.9993682881
-0.171	0.9861624301	0.9993682881
-0.172	0.9866052104	0.9993682881
-0.173	0.9870465141	0.9993682881
-0.174	0.9874707309	0.9994735734
-0.175	0.9878759625	0.9994735734
-0.176	0.988272756	0.9995788587
-0.177	0.9886520409	0.9995788587
-0.178	0.989042717	0.9995788587
-0.179	0.989417572	0.9995788587
-0.18	0.9898065605	0.9995788587
-0.181	0.9901577893	0.9995788587
-0.182	0.9904883451	0.9995788587
-0.183	0.9908170024	0.9995788587
-0.184	0.9911336357	0.9995788587
-0.185	0.9914523784	0.9995788587
-0.186	0.9917327286	0.9995788587
-0.187	0.9920208839	0.999684144
-0.188	0.9922923742	0.999684144
-0.189	0.9925655522	0.999684144
-0.19	0.9928199557	0.999684144
-0.191	0.9930832191	0.999684144
-0.192	0.9933372007	0.999684144
-0.193	0.9935730408	0.999684144
-0.194	0.9938065605	0.999684144
-0.195	0.9940227824	0.999684144
-0.196	0.994244278	0.999684144
-0.197	0.9944526949	0.999684144
-0.198	0.9946490876	0.999684144
-0.199	0.9948435819	0.999684144
-0.2	0.9950435608	0.999684144
-0.201	0.9952277186	0.999684144
-0.202	0.9954091341	0.999684144
-0.203	0.9955810569	0.999684144
-0.204	0.995743276	0.999684144
-0.205	0.9959029638	0.999684144
-0.206	0.9960577998	0.999684144
-0.207	0.9962044088	0.999684144
-0.208	0.996354393	0.999684144
-0.209	0.996496994	0.999684144
-0.21	0.9966351651	0.9997894294
-0.211	0.9967560384	0.9997894294
-0.212	0.9968836621	0.9997894294
-0.213	0.9970045354	0.9997894294
-0.214	0.997124354	0.9998947147
-0.215	0.9972367894	0.9998947147
-0.216	0.9973397321	0.9998947147
-0.217	0.9974441515	0.9998947147
-0.218	0.9975443519	0.9998947147
-0.219	0.9976424428	0.9998947147
-0.22	0.9977331505	0.9998947147
-0.221	0.9978215378	0.9998947147
-0.222	0.9979088704	0.9998947147
-0.223	0.9980008438	0.9998947147
-0.224	0.9980810041	0.9998947147
-0.225	0.9981643287	0.9998947147
-0.226	0.9982423795	0.9998947147
-0.227	0.9983058749	0.9998947147
-0.228	0.9983837148	0.9998947147
-0.229	0.9984512182	0.9998947147
-0.23	0.9985166122	0.9998947147
-0.231	0.9985737791	0.9998947147
-0.232	0.9986263052	1
-0.233	0.9986847379	1
-0.234	0.9987374749	1
-0.235	0.9987876806	1
-0.236	0.9988385191	1
-0.237	0.9988842949	1
-0.238	0.9989313364	1
-0.239	0.998977745	1
-0.24	0.9990209893	1
-0.241	0.9990652885	1
-0.242	0.9991011497	1
-0.243	0.9991452378	1
-0.244	0.999185318	1
-0.245	0.9992230777	1
-0.246	0.9992568294	1
-0.247	0.9992861512	1
-0.248	0.999315684	1
-0.249	0.9993458496	1
-0.25	0.9993770699	1
-0.251	0.9994082903	1
-0.252	0.9994342369	1
-0.253	0.9994563865	1
-0.254	0.9994766375	1
-0.255	0.9994979433	1
-0.256	0.9995181943	1
-0.257	0.9995392891	1
-0.258	0.9995616496	1
-0.259	0.9995821116	1
-0.26	0.9996023626	1
-0.261	0.9996219808	1
-0.262	0.9996382238	1
-0.263	0.9996563654	1
-0.264	0.9996715536	1
-0.265	0.99968632	1
-0.266	0.9996989769	1
-0.267	0.9997120557	1
-0.268	0.9997238688	1
-0.269	0.9997369476	1
-0.27	0.9997506592	1
-0.271	0.9997633161	1
-0.272	0.9997728088	1
-0.273	0.9997829343	1
-0.274	0.9997915832	1
-0.275	0.999800443	1
-0.276	0.9998133108	1
-0.277	0.9998223816	1
-0.278	0.9998306086	1
-0.279	0.9998365151	1
-0.28	0.9998445312	1
-0.281	0.9998525472	1
-0.282	0.9998607742	1
-0.283	0.9998664698	1
-0.284	0.9998721654	1
-0.285	0.9998808143	1
-0.286	0.9998869318	1
-0.287	0.9998930493	1
-0.288	0.999898323	1
-0.289	0.9999019091	1
-0.29	0.9999076047	1
-0.291	0.9999137222	1
-0.292	0.9999196287	1
-0.293	0.9999232149	1
-0.294	0.9999263791	1
-0.295	0.9999291214	1
-0.296	0.9999329185	1
-0.297	0.9999354498	1
-0.298	0.9999377703	1
-0.299	0.9999417783	1
-0.3	0.9999443097	1
-0.301	0.9999468411	1
-0.302	0.9999485286	1
-0.303	0.9999514819	1
-0.304	0.9999533804	1
-0.305	0.9999559118	1
-0.306	0.9999584432	1
-0.307	0.9999611855	1
-0.308	0.9999626622	1
-0.309	0.9999643498	1
-0.31	0.9999662483	1
-0.311	0.9999670921	1
-0.312	0.9999681468	1
-0.313	0.9999694125	1
-0.314	0.9999706782	1
-0.315	0.9999719439	1
-0.316	0.9999744753	1
-0.317	0.9999753191	1
-0.318	0.9999767957	1
-0.319	0.9999776395	1
-0.32	0.9999789052	1
-0.321	0.9999799599	1
-0.322	0.9999816475	1
-0.323	0.9999827022	1
-0.324	0.9999843898	1
-0.325	0.9999850227	1
-0.326	0.9999856555	1
-0.327	0.9999858665	1
-0.328	0.9999864993	1
-0.329	0.9999869212	1
-0.33	0.9999873431	1
-0.331	0.999987976	1
-0.332	0.9999881869	1
-0.333	0.9999888197	1
-0.334	0.9999894526	1
-0.335	0.9999898745	1
-0.336	0.9999900854	1
-0.337	0.9999905073	1
-0.338	0.9999909292	1
-0.339	0.9999911402	1
-0.34	0.999991773	1
-0.341	0.9999924059	1
-0.342	0.9999926168	1
-0.343	0.9999934606	1
-0.344	0.9999936716	1
-0.345	0.9999940935	1
-0.346	0.9999945153	1
-0.347	0.9999949372	1
-0.348	0.9999953591	1
-0.349	0.9999955701	1
-0.35	0.9999962029	1
-0.351	0.9999964139	1
-0.352	0.9999966248	1
-0.353	0.9999966248	1
-0.354	0.9999966248	1
-0.355	0.9999966248	1
-0.356	0.9999966248	1
-0.357	0.9999968358	1
-0.358	0.9999970467	1
-0.359	0.9999972577	1
-0.36	0.9999972577	1
-0.361	0.9999976796	1
-0.362	0.9999978905	1
-0.363	0.9999981015	1
-0.364	0.9999981015	1
-0.365	0.9999981015	1
-0.366	0.9999981015	1
-0.367	0.9999983124	1
-0.368	0.9999983124	1
-0.369	0.9999983124	1
-0.37	0.9999983124	1
-0.371	0.9999983124	1
-0.372	0.9999983124	1
-0.373	0.9999983124	1
-0.374	0.9999985234	1
-0.375	0.9999985234	1
-0.376	0.9999985234	1
-0.377	0.9999985234	1
-0.378	0.9999985234	1
-0.379	0.9999989453	1
-0.38	0.9999989453	1
-0.381	0.9999991562	1
-0.382	0.9999993672	1
-0.383	0.9999993672	1
-0.384	0.9999993672	1
-0.385	0.9999993672	1
-0.386	0.9999995781	1
-0.387	0.9999997891	1
-0.388	1	1
-0.389	1	1
-0.39	1	1
-0.391	1	1
-0.392	1	1
-0.393	1	1
-0.394	1	1
-0.395	1	1
-0.396	1	1
-0.397	1	1
-0.398	1	1
-0.399	1	1
-0.4	1	1
-0.401	1	1
-0.402	1	1
-0.403	1	1
-0.404	1	1
-0.405	1	1
-0.406	1	1
-0.407	1	1
-0.408	1	1
-0.409	1	1
-0.41	1	1
-0.411	1	1
-0.412	1	1
-0.413	1	1
-0.414	1	1
-0.415	1	1
-0.416	1	1
-0.417	1	1
-0.418	1	1
-0.419	1	1
-0.42	1	1
-0.421	1	1
-0.422	1	1
-0.423	1	1
-0.424	1	1
-0.425	1	1
-0.426	1	1
-0.427	1	1
-0.428	1	1
-0.429	1	1
-0.43	1	1
-0.431	1	1
-0.432	1	1
-0.433	1	1
-0.434	1	1
-0.435	1	1
-0.436	1	1
-0.437	1	1
-0.438	1	1
-0.439	1	1
-0.44	1	1
-0.441	1	1
-0.442	1	1
-0.443	1	1
-0.444	1	1
-0.445	1	1
-0.446	1	1
-0.447	1	1
-0.448	1	1
-0.449	1	1
-0.45	1	1
-0.451	1	1
-0.452	1	1
-0.453	1	1
-0.454	1	1
-0.455	1	1
-0.456	1	1
-0.457	1	1
-0.458	1	1
-0.459	1	1
-0.46	1	1
-0.461	1	1
-0.462	1	1
-0.463	1	1
-0.464	1	1
-0.465	1	1
-0.466	1	1
-0.467	1	1
-0.468	1	1
-0.469	1	1
-0.47	1	1
-0.471	1	1
-0.472	1	1
-0.473	1	1
-0.474	1	1
-0.475	1	1
-0.476	1	1
-0.477	1	1
-0.478	1	1
-0.479	1	1
-0.48	1	1
-0.481	1	1
-0.482	1	1
-0.483	1	1
-0.484	1	1
-0.485	1	1
-0.486	1	1
-0.487	1	1
-0.488	1	1
-0.489	1	1
-0.49	1	1
-0.491	1	1
-0.492	1	1
-0.493	1	1
-0.494	1	1
-0.495	1	1
-0.496	1	1
-0.497	1	1
-0.498	1	1
-0.499	1	1
-0.5	1	1
-0.501	1	1
-0.502	1	1
-0.503	1	1
-0.504	1	1
-0.505	1	1
-0.506	1	1
-0.507	1	1
-0.508	1	1
-0.509	1	1
-0.51	1	1
-0.511	1	1
-0.512	1	1
-0.513	1	1
-0.514	1	1
-0.515	1	1
-0.516	1	1
-0.517	1	1
-0.518	1	1
-0.519	1	1
-0.52	1	1
-0.521	1	1
-0.522	1	1
-0.523	1	1
-0.524	1	1
-0.525	1	1
-0.526	1	1
-0.527	1	1
-0.528	1	1
-0.529	1	1
-0.53	1	1
-0.531	1	1
-0.532	1	1
-0.533	1	1
-0.534	1	1
-0.535	1	1
-0.536	1	1
-0.537	1	1
-0.538	1	1
-0.539	1	1
-0.54	1	1
-0.541	1	1
-0.542	1	1
-0.543	1	1
-0.544	1	1
-0.545	1	1
-0.546	1	1
-0.547	1	1
-0.548	1	1
-0.549	1	1
-0.55	1	1
-0.551	1	1
-0.552	1	1
-0.553	1	1
-0.554	1	1
-0.555	1	1
-0.556	1	1
-0.557	1	1
-0.558	1	1
-0.559	1	1
-0.56	1	1
-0.561	1	1
-0.562	1	1
-0.563	1	1
-0.564	1	1
-0.565	1	1
-0.566	1	1
-0.567	1	1
-0.568	1	1
-0.569	1	1
-0.57	1	1
-0.571	1	1
-0.572	1	1
-0.573	1	1
-0.574	1	1
-0.575	1	1
-0.576	1	1
-0.577	1	1
-0.578	1	1
-0.579	1	1
-0.58	1	1
-0.581	1	1
-0.582	1	1
-0.583	1	1
-0.584	1	1
-0.585	1	1
-0.586	1	1
-0.587	1	1
-0.588	1	1
-0.589	1	1
-0.59	1	1
-0.591	1	1
-0.592	1	1
-0.593	1	1
-0.594	1	1
-0.595	1	1
-0.596	1	1
-0.597	1	1
-0.598	1	1
-0.599	1	1
-0.6	1	1
-0.601	1	1
-0.602	1	1
-0.603	1	1
-0.604	1	1
-0.605	1	1
-0.606	1	1
-0.607	1	1
-0.608	1	1
-0.609	1	1
-0.61	1	1
-0.611	1	1
-0.612	1	1
-0.613	1	1
-0.614	1	1
-0.615	1	1
-0.616	1	1
-0.617	1	1
-0.618	1	1
-0.619	1	1
-0.62	1	1
-0.621	1	1
-0.622	1	1
-0.623	1	1
-0.624	1	1
-0.625	1	1
-0.626	1	1
-0.627	1	1
-0.628	1	1
-0.629	1	1
-0.63	1	1
-0.631	1	1
-0.632	1	1
-0.633	1	1
-0.634	1	1
-0.635	1	1
-0.636	1	1
-0.637	1	1
-0.638	1	1
-0.639	1	1
-0.64	1	1
-0.641	1	1
-0.642	1	1
-0.643	1	1
-0.644	1	1
-0.645	1	1
-0.646	1	1
-0.647	1	1
-0.648	1	1
-0.649	1	1
-0.65	1	1
-0.651	1	1
-0.652	1	1
-0.653	1	1
-0.654	1	1
-0.655	1	1
-0.656	1	1
-0.657	1	1
-0.658	1	1
-0.659	1	1
-0.66	1	1
-0.661	1	1
-0.662	1	1
-0.663	1	1
-0.664	1	1
-0.665	1	1
-0.666	1	1
-0.667	1	1
-0.668	1	1
-0.669	1	1
-0.67	1	1
-0.671	1	1
-0.672	1	1
-0.673	1	1
-0.674	1	1
-0.675	1	1
-0.676	1	1
-0.677	1	1
-0.678	1	1
-0.679	1	1
-0.68	1	1
-0.681	1	1
-0.682	1	1
-0.683	1	1
-0.684	1	1
-0.685	1	1
-0.686	1	1
-0.687	1	1
-0.688	1	1
-0.689	1	1
-0.69	1	1
-0.691	1	1
-0.692	1	1
-0.693	1	1
-0.694	1	1
-0.695	1	1
-0.696	1	1
-0.697	1	1
-0.698	1	1
-0.699	1	1
-0.7	1	1
-0.701	1	1
-0.702	1	1
-0.703	1	1
-0.704	1	1
-0.705	1	1
-0.706	1	1
-0.707	1	1
-0.708	1	1
-0.709	1	1
-0.71	1	1
-0.711	1	1
-0.712	1	1
-0.713	1	1
-0.714	1	1
-0.715	1	1
-0.716	1	1
-0.717	1	1
-0.718	1	1
-0.719	1	1
-0.72	1	1
-0.721	1	1
-0.722	1	1
-0.723	1	1
-0.724	1	1
-0.725	1	1
-0.726	1	1
-0.727	1	1
-0.728	1	1
-0.729	1	1
-0.73	1	1
-0.731	1	1
-0.732	1	1
-0.733	1	1
-0.734	1	1
-0.735	1	1
-0.736	1	1
-0.737	1	1
-0.738	1	1
-0.739	1	1
-0.74	1	1
-0.741	1	1
-0.742	1	1
-0.743	1	1
-0.744	1	1
-0.745	1	1
-0.746	1	1
-0.747	1	1
-0.748	1	1
-0.749	1	1
-0.75	1	1
-0.751	1	1
-0.752	1	1
-0.753	1	1
-0.754	1	1
-0.755	1	1
-0.756	1	1
-0.757	1	1
-0.758	1	1
-0.759	1	1
-0.76	1	1
-0.761	1	1
-0.762	1	1
-0.763	1	1
-0.764	1	1
-0.765	1	1
-0.766	1	1
-0.767	1	1
-0.768	1	1
-0.769	1	1
-0.77	1	1
-0.771	1	1
-0.772	1	1
-0.773	1	1
-0.774	1	1
-0.775	1	1
-0.776	1	1
-0.777	1	1
-0.778	1	1
-0.779	1	1
-0.78	1	1
-0.781	1	1
-0.782	1	1
-0.783	1	1
-0.784	1	1
-0.785	1	1
-0.786	1	1
-0.787	1	1
-0.788	1	1
-0.789	1	1
-0.79	1	1
-0.791	1	1
-0.792	1	1
-0.793	1	1
-0.794	1	1
-0.795	1	1
-0.796	1	1
-0.797	1	1
-0.798	1	1
-0.799	1	1
-0.8	1	1
-0.801	1	1
-0.802	1	1
-0.803	1	1
-0.804	1	1
-0.805	1	1
-0.806	1	1
-0.807	1	1
-0.808	1	1
-0.809	1	1
-0.81	1	1
-0.811	1	1
-0.812	1	1
-0.813	1	1
-0.814	1	1
-0.815	1	1
-0.816	1	1
-0.817	1	1
-0.818	1	1
-0.819	1	1
-0.82	1	1
-0.821	1	1
-0.822	1	1
-0.823	1	1
-0.824	1	1
-0.825	1	1
-0.826	1	1
-0.827	1	1
-0.828	1	1
-0.829	1	1
-0.83	1	1
-0.831	1	1
-0.832	1	1
-0.833	1	1
-0.834	1	1
-0.835	1	1
-0.836	1	1
-0.837	1	1
-0.838	1	1
-0.839	1	1
-0.84	1	1
-0.841	1	1
-0.842	1	1
-0.843	1	1
-0.844	1	1
-0.845	1	1
-0.846	1	1
-0.847	1	1
-0.848	1	1
-0.849	1	1
-0.85	1	1
-0.851	1	1
-0.852	1	1
-0.853	1	1
-0.854	1	1
-0.855	1	1
-0.856	1	1
-0.857	1	1
-0.858	1	1
-0.859	1	1
-0.86	1	1
-0.861	1	1
-0.862	1	1
-0.863	1	1
-0.864	1	1
-0.865	1	1
-0.866	1	1
-0.867	1	1
-0.868	1	1
-0.869	1	1
-0.87	1	1
-0.871	1	1
-0.872	1	1
-0.873	1	1
-0.874	1	1
-0.875	1	1
-0.876	1	1
-0.877	1	1
-0.878	1	1
-0.879	1	1
-0.88	1	1
-0.881	1	1
-0.882	1	1
-0.883	1	1
-0.884	1	1
-0.885	1	1
-0.886	1	1
-0.887	1	1
-0.888	1	1
-0.889	1	1
-0.89	1	1
-0.891	1	1
-0.892	1	1
-0.893	1	1
-0.894	1	1
-0.895	1	1
-0.896	1	1
-0.897	1	1
-0.898	1	1
-0.899	1	1
-0.9	1	1
-0.901	1	1
-0.902	1	1
-0.903	1	1
-0.904	1	1
-0.905	1	1
-0.906	1	1
-0.907	1	1
-0.908	1	1
-0.909	1	1
-0.91	1	1
-0.911	1	1
-0.912	1	1
-0.913	1	1
-0.914	1	1
-0.915	1	1
-0.916	1	1
-0.917	1	1
-0.918	1	1
-0.919	1	1
-0.92	1	1
-0.921	1	1
-0.922	1	1
-0.923	1	1
-0.924	1	1
-0.925	1	1
-0.926	1	1
-0.927	1	1
-0.928	1	1
-0.929	1	1
-0.93	1	1
-0.931	1	1
-0.932	1	1
-0.933	1	1
-0.934	1	1
-0.935	1	1
-0.936	1	1
-0.937	1	1
-0.938	1	1
-0.939	1	1
-0.94	1	1
-0.941	1	1
-0.942	1	1
-0.943	1	1
-0.944	1	1
-0.945	1	1
-0.946	1	1
-0.947	1	1
-0.948	1	1
-0.949	1	1
-0.95	1	1
-0.951	1	1
-0.952	1	1
-0.953	1	1
-0.954	1	1
-0.955	1	1
-0.956	1	1
-0.957	1	1
-0.958	1	1
-0.959	1	1
-0.96	1	1
-0.961	1	1
-0.962	1	1
-0.963	1	1
-0.964	1	1
-0.965	1	1
-0.966	1	1
-0.967	1	1
-0.968	1	1
-0.969	1	1
-0.97	1	1
-0.971	1	1
-0.972	1	1
-0.973	1	1
-0.974	1	1
-0.975	1	1
-0.976	1	1
-0.977	1	1
-0.978	1	1
-0.979	1	1
-0.98	1	1
-0.981	1	1
-0.982	1	1
-0.983	1	1
-0.984	1	1
-0.985	1	1
-0.986	1	1
-0.987	1	1
-0.988	1	1
-0.989	1	1
-0.99	1	1
-0.991	1	1
-0.992	1	1
-0.993	1	1
-0.994	1	1
-0.995	1	1
-0.996	1	1
-0.997	1	1
-0.998	1	1
-0.999	1	1
-1	1	1
