threshold	FAR	TAR
0.999	0	0
0.998	0	0
0.997	0	0
0.996	0	0.0001052742394
0.995	0	0.0001052742394
0.994	0	0.0001052742394
0.993	0	0.0001052742394
0.992	0	0.0001052742394
0.991	0	0.0001052742394
0.99	0	0.0001052742394
0.989	0	0.0001052742394
0.988	0	0.0002105484788
0.987	0	0.0002105484788
0.986	0	0.0002105484788
0.985	0	0.0002105484788
0.984	0	0.0002105484788
0.983	0	0.0002105484788
0.982	0	0.0002105484788
0.981	0	0.0002105484788
0.98	0	0.0002105484788
0.979	0	0.0002105484788
0.978	0	0.0002105484788
0.977	0	0.0002105484788
0.976	0	0.0002105484788
0.975	0	0.0003158227182
0.974	0	0.0003158227182
0.973	0	0.0003158227182
0.972	0	0.0003158227182
0.971	0	0.0003158227182
0.97	0	0.0003158227182
0.969	0	0.0003158227182
0.968	0	0.0003158227182
0.967	0	0.0003158227182
0.966	0	0.0003158227182
0.965	0	0.0003158227182
0.964	0	0.0003158227182
0.963	0	0.0004210969576
0.962	0	0.0004210969576
0.961	0	0.0004210969576
0.96	0	0.0004210969576
0.959	0	0.0004210969576
0.958	0	0.0004210969576
0.957	0	0.0004210969576
0.956	0	0.0004210969576
0.955	0	0.0004210969576
0.954	0	0.0004210969576
0.953	0	0.0004210969576
0.952	0	0.0004210969576
0.951	0	0.0004210969576
0.95	0	0.0004210969576
0.949	0	0.0004210969576
0.948	0	0.0004210969576
0.947	0	0.0004210969576
0.946	0	0.0004210969576
0.945	0	0.0004210969576
0.944	0	0.0004210969576
0.943	0	0.0004210969576
0.942	0	0.0004210969576
0.941	0	0.0004210969576
0.94	0	0.0004210969576
0.939	0	0.0004210969576
0.938	0	0.0004210969576
0.937	0	0.0004210969576
0.936	0	0.0004210969576
0.935	0	0.0004210969576
0.934	0	0.0004210969576
0.933	0	0.0004210969576
0.932	0	0.0004210969576
0.931	0	0.000526371197
0.93	0	0.000526371197
0.929	0	0.0008421939151
0.928	0	0.0008421939151
0.927	0	0.0008421939151
0.926	0	0.0008421939151
0.925	0	0.0009474681545
0.924	0	0.0009474681545
0.923	0	0.001052742394
0.922	0	0.001052742394
0.921	0	0.001052742394
0.92	0	0.001158016633
0.919	0	0.001158016633
0.918	0	0.001368565112
0.917	0	0.001368565112
0.916	0	0.001368565112
0.915	0	0.001368565112
0.914	0	0.001368565112
0.913	0	0.001368565112
0.912	0	0.001368565112
0.911	0	0.001473839352
0.91	0	0.001473839352
0.909	0	0.001473839352
0.908	0	0.001473839352
0.907	0	0.001473839352
0.906	0	0.00168438783
0.905	0	0.00168438783
0.904	0	0.00168438783
0.903	0	0.00168438783
0.902	0	0.00168438783
0.901	0	0.00168438783
0.9	0	0.00178966207
0.899	0	0.001894936309
0.898	0	0.001894936309
0.897	0	0.001894936309
0.896	0	0.001894936309
0.895	0	0.001894936309
0.894	0	0.002000210548
0.893	0	0.002000210548
0.892	0	0.002000210548
0.891	0	0.002000210548
0.89	0	0.002000210548
0.889	0	0.002000210548
0.888	0	0.002000210548
0.887	0	0.002000210548
0.886	0	0.002000210548
0.885	0	0.002105484788
0.884	0	0.002105484788
0.883	0	0.002210759027
0.882	0	0.002210759027
0.881	0	0.002316033267
0.88	0	0.002421307506
0.879	0	0.002421307506
0.878	0	0.002631855985
0.877	0	0.002842404464
0.876	0	0.002947678703
0.875	0	0.002947678703
0.874	0	0.003158227182
0.873	0	0.003263501421
0.872	0	0.003368775661
0.871	0	0.003579324139
0.87	0	0.003684598379
0.869	0	0.003789872618
0.868	0	0.003895146858
0.867	0	0.004000421097
0.866	0	0.004000421097
0.865	0	0.004421518055
0.864	0	0.004526792294
0.863	0	0.004842615012
0.862	0	0.005053163491
0.861	0	0.005368986209
0.86	0	0.005579534688
0.859	0	0.005684808927
0.858	0	0.005895357406
0.857	0	0.005895357406
0.856	0	0.005895357406
0.855	0	0.006000631645
0.854	0	0.006105905885
0.853	0	0.006316454364
0.852	0	0.006527002842
0.851	0	0.006842825561
0.85	0	0.0069480998
0.849	0	0.0069480998
0.848	0	0.007369196758
0.847	0	0.007579745236
0.846	0	0.007685019476
0.845	0	0.007790293715
0.844	0	0.007790293715
0.843	0	0.008211390673
0.842	0	0.008948310348
0.841	0	0.009264133067
0.84	0	0.009474681545
0.839	0	0.009579955785
0.838	0	0.009895778503
0.837	0	0.01021160122
0.836	0	0.01052742394
0.835	0	0.01105379514
0.834	0	0.01115906938
0.833	0	0.01136961785
0.832	0	0.01168544057
0.831	0	0.01200126329
0.83	0	0.01221181177
0.829	0	0.01284345721
0.828	0	0.01315927992
0.827	0	0.01368565112
0.826	0	0.01410674808
0.825	0	0.01463311928
0.824	0	0.01484366775
0.823	0	0.01515949047
0.822	0	0.01568586167
0.821	0	0.01621223287
0.82	0	0.01694915254
0.819	0	0.0173702495
0.818	0	0.01758079798
0.817	0	0.01810716918
0.816	0	0.01842299189
0.815	0	0.01894936309
0.814	0	0.01937046005
0.813	0	0.01968628277
0.812	0	0.02010737972
0.811	0	0.02010737972
0.81	0	0.02042320244
0.809	0	0.0208442994
0.808	0	0.02126539636
0.807	0	0.02168649332
0.806	0	0.02210759027
0.805	0	0.02263396147
0.804	0	0.02316033267
0.803	0	0.02358142962
0.802	0	0.02421307506
0.801	0	0.02463417202
0.8	0	0.02505526898
0.799	0	0.02589746289
0.798	0	0.02621328561
0.797	0	0.02652910833
0.796	0	0.02673965681
0.795	0	0.02695020528
0.794	0	0.02758185072
0.793	0	0.02789767344
0.792	0	0.02821349616
0.791	0	0.02852931888
0.79	0	0.02895041583
0.789	0	0.02947678703
0.788	0	0.02947678703
0.787	0	0.02989788399
0.786	0	0.0307400779
0.785	0	0.03137172334
0.784	0	0.03158227182
0.783	0	0.03231919149
0.782	0	0.03274028845
0.781	0	0.03358248237
0.78	0	0.0342141278
0.779	0	0.03463522476
0.778	0	0.03516159596
0.777	0	0.03579324139
0.776	0	0.03705653227
0.775	0	0.03726708075
0.774	0	0.03863564586
0.773	0	0.03989893673
0.772	0	0.04042530793
0.771	0	0.04084640488
0.77	0	0.04158332456
0.769	0	0.04232024424
0.768	0	0.04305716391
0.767	0	0.04400463207
0.766	0	0.04453100326
0.765	0	0.04495210022
0.764	0	0.04526792294
0.763	0	0.04558374566
0.762	0	0.04579429414
0.761	0	0.04674176229
0.76	0	0.04737340773
0.759	0	0.04853142436
0.758	0	0.04958416675
0.757	0	0.05021581219
0.756	0	0.05126855458
0.755	0	0.05190020002
0.754	0	0.05242657122
0.753	0	0.05326876513
0.752	0	0.05400568481
0.751	0	0.05516370144
0.75	0	0.05590062112
0.749	0	0.05716391199
0.748	0	0.05790083167
0.747	0	0.0585324771
0.746	0	0.05947994526
0.745	0	0.06011159069
0.744	0	0.06074323613
0.743	0	0.062006527
0.742	0	0.06242762396
0.741	0	0.06316454364
0.74	0	0.06369091483
0.739	0	0.06411201179
0.738	0	0.06442783451
0.737	0	0.0654805769
0.736	0	0.0665333193
0.735	0	0.06748078745
0.734	0	0.06905990104
0.733	0	0.07011264344
0.732	0	0.07095483735
0.731	0	0.07232340246
0.73	0	0.0734814191
0.729	0	0.07432361301
0.728	0	0.07558690388
0.727	0	0.07600800084
0.726	0	0.076955469
0.725	0	0.07927150226
0.724	0	0.08064006738
0.723	0	0.08137698705
0.722	0	0.0828508264
0.721	0	0.08432466575
0.72	0	0.08516685967
0.719	0	0.08569323087
0.718	0	0.08695652174
0.717	0	0.08769344141
0.716	0	0.08853563533
0.715	0	0.0897989262
0.714	0	0.09043057164
0.713	0	0.09116749131
0.712	0	0.09190441099
0.711	0	0.09285187915
0.71	0	0.09400989578
0.709	0	0.09516791241
0.708	0	0.09653647752
0.707	0	0.0972733972
0.706	0	0.09853668807
0.705	0	0.09958943047
0.704	0	0.1006421729
0.703	0	0.102010738
0.702	0	0.1030634804
0.701	0	0.1039056743
0.7	0	0.1051689652
0.699	0	0.1069586272
0.698	0	0.1087482893
0.697	0	0.1101168544
0.696	0	0.1109590483
0.695	0	0.112117065
0.694	0	0.1133803558
0.693	0	0.1153805664
0.692	0	0.1164333088
0.691	0	0.1180124224
0.69	0	0.1190651648
0.689	0	0.119591536
0.688	0	0.1204337299
0.687	0	0.1214864723
0.686	0	0.1230655859
0.685	0	0.1253816191
0.684	0	0.1264343615
0.683	0	0.1273818297
0.682	0	0.128855669
0.681	0	0.1303295084
0.68	0	0.1318033477
0.679	0	0.1328560901
0.678	0	0.1344352037
0.677	0	0.1359090431
0.676	0	0.1369617855
0.675	0	0.138540899
0.674	0	0.1395936414
0.673	0	0.141593852
0.672	0	0.1429624171
0.671	0	0.1439098853
0.67	0	0.1448573534
0.669	0	0.1462259185
0.668	0	0.1472786609
0.667	0	0.149068323
0.666	0	0.1509632593
0.665	0	0.1525423729
0.664	0	0.1537003895
0.663	0	0.1553847773
0.662	0	0.1577008106
0.661	0	0.1584377303
0.66	0	0.1606484893
0.659	0	0.1623328771
0.658	0	0.1644383619
0.657	0	0.1660174755
0.656	0	0.1675965891
0.655	0	0.1693862512
0.654	0	0.1706495421
0.653	0	0.1729655753
0.652	0	0.1743341404
0.651	0	0.1771765449
0.65	0	0.1786503843
0.649	0	0.1800189494
0.648	0	0.1814927887
0.647	0	0.1826508053
0.646	0	0.1848615644
0.645	0	0.1868617749
0.644	0	0.18823034
0.643	0	0.1895989051
0.642	0	0.1919149384
0.641	0	0.1929676808
0.64	0	0.195704811
0.639	0	0.1967575534
0.638	0	0.1989683125
0.637	0	0.200547426
0.636	0	0.2020212654
0.635	0	0.2041267502
0.634	0	0.2052847668
0.633	0	0.2061269607
0.632	0	0.2091799137
0.631	0	0.2117064954
0.63	0	0.2131803348
0.629	0	0.2153910938
0.628	0	0.2167596589
0.627	0	0.2178124013
0.626	0	0.2193915149
0.625	0	0.221181177
0.624	0	0.222970839
0.623	0	0.2250763238
0.622	0	0.2266554374
0.621	0	0.228655648
0.62	0	0.230866407
0.619	0	0.2331824403
0.618	0	0.2350773766
0.617	0	0.2368670386
0.616	0	0.2382356037
0.615	0	0.2396041689
0.614	0	0.2419202021
0.613	0	0.24360459
0.612	0	0.2450784293
0.611	0	0.2473944626
0.61	0	0.2498157701
0.609	0	0.2519212549
0.608	0	0.2535003685
0.607	0	0.2548689336
0.606	0	0.2565533214
0.605	0	0.2588693547
0.604	0	0.2605537425
0.603	0	0.2623434046
0.602	0	0.2643436151
0.601	0	0.2668701969
0.6	0	0.2683440362
0.599	0	0.2697126013
0.598	0	0.2713969892
0.597	0	0.2737130224
0.596	0	0.2758185072
0.595	0	0.2771870723
0.594	0	0.2789767344
0.593	0	0.2804505737
0.592	0	0.2823455101
0.591	0	0.2842404464
0.59	0	0.2861353827
0.589	0	0.2881355932
0.588	0	0.2897147068
0.587	0	0.2910832719
0.586	0	0.2930834825
0.585	0	0.2949784188
0.584	0	0.2970839036
0.583	0	0.2985577429
0.582	0	0.3010843247
0.581	0	0.3032950837
0.58	0	0.3046636488
0.579	0	0.3072955048
0.578	0	0.3094009896
0.577	0	0.3110853774
0.576	0	0.3121381198
0.575	0	0.3138225076
0.574	0	0.3156121697
0.573	0	0.3169807348
0.572	0	0.3188756711
0.571	0	0.320560059
0.57	0	0.322349721
0.569	0	0.3244552058
0.568	0	0.3260343194
0.567	0	0.3291925466
0.566	0	0.3309822087
0.565	0	0.3330876934
0.564	0	0.335087904
0.563	0	0.337298663
0.562	0	0.3401410675
0.561	0	0.342141278
0.56	0	0.3446678598
0.559	0	0.3464575218
0.558	0	0.3479313612
0.557	0	0.3499315717
0.556	0	0.3521423308
0.555	0	0.3539319928
0.554	0	0.3557216549
0.553	0	0.3571954943
0.552	0	0.360143173
0.551	0	0.3625644805
0.55	0	0.3656174334
0.549	0	0.3670912728
0.548	0	0.3688809348
0.547	0	0.3708811454
0.546	0	0.3726708075
0.545	0	0.375092115
0.544	0	0.3776186967
0.543	0	0.3796189073
0.542	0	0.381724392
0.541	0	0.3837246026
0.54	0	0.3860406359
0.539	0	0.389198863
0.538	0	0.3910937993
0.537	0	0.3928834614
0.536	0	0.394883672
0.535	0	0.3965680598
0.534	0	0.3984629961
0.533	0	0.4009895779
0.532	0	0.4027792399
0.531	0	0.404568902
0.53	0	0.4062532898
0.529	0	0.4088851458
0.528	0	0.4109906306
0.527	0	0.4127802927
0.526	0	0.414675229
0.525	0	0.4169912622
0.524	0	0.4183598274
0.523	0	0.4202547637
0.522	0	0.4228866196
0.521	0	0.424781556
0.52	0	0.4272028635
0.519	0	0.4287819771
0.518	0	0.4304663649
0.517	0	0.4323613012
0.516	0	0.4348878829
0.515	0	0.436677545
0.514	0	0.4387830298
0.513	0	0.4412043373
0.512	0	0.4440467418
0.511	0	0.4459416781
0.51	0	0.4484682598
0.509	0	0.4505737446
0.508	0	0.4532056006
0.507	0	0.456469102
0.506	0	0.4581534898
0.505	0	0.4614169913
0.504	0	0.4635224761
0.503	0	0.4648910412
0.502	0	0.4676281714
0.501	0	0.4701547531
0.5	0	0.4725760606
0.499	0	0.4743657227
0.498	0	0.4760501105
0.497	0	0.4777344984
0.496	0	0.4802610801
0.495	0	0.4817349195
0.494	0	0.4843667755
0.493	0	0.4856300663
0.492	0	0.4880513738
0.491	0	0.4898410359
0.49	0	0.4920517949
0.489	0	0.4937361828
0.488	0	0.4958416675
0.487	0	0.4976313296
0.486	0	0.4988946205
0.485	2.109482122e-07	0.5014212022
0.484	2.109482122e-07	0.5037372355
0.483	2.109482122e-07	0.5056321718
0.482	2.109482122e-07	0.508369302
0.481	2.109482122e-07	0.5105800611
0.48	2.109482122e-07	0.5124749974
0.479	2.109482122e-07	0.5139488367
0.478	2.109482122e-07	0.5160543215
0.477	4.218964244e-07	0.5180545321
0.476	4.218964244e-07	0.5198441941
0.475	4.218964244e-07	0.5218444047
0.474	4.218964244e-07	0.5232129698
0.473	4.218964244e-07	0.5245815349
0.472	4.218964244e-07	0.5268975682
0.471	4.218964244e-07	0.528581956
0.47	4.218964244e-07	0.5304768923
0.469	6.328446366e-07	0.5319507317
0.468	6.328446366e-07	0.5343720392
0.467	6.328446366e-07	0.5362669755
0.466	6.328446366e-07	0.538688283
0.465	6.328446366e-07	0.5412148647
0.464	6.328446366e-07	0.5430045268
0.463	6.328446366e-07	0.5443730919
0.462	6.328446366e-07	0.5471102221
0.461	6.328446366e-07	0.54879461
0.46	6.328446366e-07	0.5511106432
0.459	6.328446366e-07	0.5531108538
0.458	6.328446366e-07	0.555847984
0.457	6.328446366e-07	0.5575323718
0.456	6.328446366e-07	0.5595325824
0.455	6.328446366e-07	0.5624802611
0.454	6.328446366e-07	0.5649015686
0.453	6.328446366e-07	0.5666912307
0.452	6.328446366e-07	0.56816507
0.451	6.328446366e-07	0.570375829
0.45	6.328446366e-07	0.5722707653
0.449	6.328446366e-07	0.5738498789
0.448	6.328446366e-07	0.5754289925
0.447	6.328446366e-07	0.5772186546
0.446	6.328446366e-07	0.5791135909
0.445	6.328446366e-07	0.5816401726
0.444	6.328446366e-07	0.5838509317
0.443	6.328446366e-07	0.5858511422
0.442	6.328446366e-07	0.5876408043
0.441	6.328446366e-07	0.5890093694
0.44	6.328446366e-07	0.5912201284
0.439	6.328446366e-07	0.5937467102
0.438	6.328446366e-07	0.5951152753
0.437	6.328446366e-07	0.5963785662
0.436	6.328446366e-07	0.5985893252
0.435	6.328446366e-07	0.5998526161
0.434	6.328446366e-07	0.6021686493
0.433	6.328446366e-07	0.6039583114
0.432	6.328446366e-07	0.605537425
0.431	8.437928489e-07	0.608169281
0.43	8.437928489e-07	0.609958943
0.429	8.437928489e-07	0.6118538794
0.428	8.437928489e-07	0.6131171702
0.427	8.437928489e-07	0.6145910096
0.426	8.437928489e-07	0.617433414
0.425	8.437928489e-07	0.6197494473
0.424	8.437928489e-07	0.6214338351
0.423	8.437928489e-07	0.6230129487
0.422	8.437928489e-07	0.6248026108
0.421	8.437928489e-07	0.6256448047
0.42	8.437928489e-07	0.6273291925
0.419	8.437928489e-07	0.6291188546
0.418	8.437928489e-07	0.6306979682
0.417	8.437928489e-07	0.6322770818
0.416	8.437928489e-07	0.6336456469
0.415	8.437928489e-07	0.6352247605
0.414	8.437928489e-07	0.6365933256
0.413	8.437928489e-07	0.6379618907
0.412	8.437928489e-07	0.6401726498
0.411	8.437928489e-07	0.6419623118
0.41	8.437928489e-07	0.6438572481
0.409	8.437928489e-07	0.6459627329
0.408	8.437928489e-07	0.6479629435
0.407	8.437928489e-07	0.6493315086
0.406	8.437928489e-07	0.6517528161
0.405	8.437928489e-07	0.6529108327
0.404	8.437928489e-07	0.6547004948
0.403	1.054741061e-06	0.6562796084
0.402	1.054741061e-06	0.6575428993
0.401	1.054741061e-06	0.6584903674
0.4	1.054741061e-06	0.660069481
0.399	1.054741061e-06	0.6612274976
0.398	1.054741061e-06	0.6634382567
0.397	1.054741061e-06	0.6652279187
0.396	1.054741061e-06	0.6670175808
0.395	1.054741061e-06	0.6690177913
0.394	1.054741061e-06	0.6707021792
0.393	1.054741061e-06	0.67196547
0.392	1.054741061e-06	0.6736498579
0.391	1.054741061e-06	0.6758606169
0.39	1.054741061e-06	0.6777555532
0.389	1.054741061e-06	0.6796504895
0.388	1.054741061e-06	0.6810190546
0.387	1.054741061e-06	0.6830192652
0.386	1.054741061e-06	0.6839667333
0.385	1.054741061e-06	0.6861774924
0.384	1.054741061e-06	0.6871249605
0.383	1.054741061e-06	0.6885987999
0.382	1.054741061e-06	0.6902831877
0.381	1.054741061e-06	0.6917570271
0.38	1.054741061e-06	0.6934414149
0.379	1.265689273e-06	0.6953363512
0.378	1.265689273e-06	0.6969154648
0.377	1.265689273e-06	0.6988104011
0.376	1.265689273e-06	0.7006000632
0.375	1.265689273e-06	0.7015475313
0.374	1.265689273e-06	0.7033371934
0.373	1.265689273e-06	0.7048110327
0.372	1.265689273e-06	0.7060743236
0.371	1.265689273e-06	0.7074428887
0.37	1.265689273e-06	0.709337825
0.369	1.265689273e-06	0.7113380356
0.368	1.265689273e-06	0.7128118749
0.367	1.265689273e-06	0.7143909885
0.366	1.265689273e-06	0.7155490052
0.365	1.476637485e-06	0.7169175703
0.364	1.687585698e-06	0.7179703127
0.363	1.687585698e-06	0.7190230551
0.362	1.687585698e-06	0.7209179914
0.361	1.687585698e-06	0.7218654595
0.36	1.687585698e-06	0.7237603958
0.359	1.89853391e-06	0.7250236867
0.358	1.89853391e-06	0.7271291715
0.357	1.89853391e-06	0.7288135593
0.356	1.89853391e-06	0.7301821244
0.355	2.109482122e-06	0.7316559638
0.354	2.109482122e-06	0.7326034319
0.353	2.109482122e-06	0.7339719971
0.352	2.109482122e-06	0.7349194652
0.351	2.109482122e-06	0.7364985788
0.35	2.109482122e-06	0.7378671439
0.349	2.531378547e-06	0.7389198863
0.348	2.531378547e-06	0.7399726287
0.347	2.531378547e-06	0.7412359196
0.346	2.531378547e-06	0.742288662
0.345	2.742326759e-06	0.7439730498
0.344	2.742326759e-06	0.7456574376
0.343	2.742326759e-06	0.7470260027
0.342	2.953274971e-06	0.7491314875
0.341	2.953274971e-06	0.7506053269
0.34	2.953274971e-06	0.7517633435
0.339	3.586119608e-06	0.7532371829
0.338	3.79706782e-06	0.7540793768
0.337	3.79706782e-06	0.7553426676
0.336	4.429912456e-06	0.7567112328
0.335	4.640860669e-06	0.7581850721
0.334	4.640860669e-06	0.7595536372
0.333	4.640860669e-06	0.7610274766
0.332	4.640860669e-06	0.7622907674
0.331	4.640860669e-06	0.7631329614
0.33	4.851808881e-06	0.7650278977
0.329	5.062757093e-06	0.7660806401
0.328	5.062757093e-06	0.7677650279
0.327	5.062757093e-06	0.7692388672
0.326	5.273705305e-06	0.7708179808
0.325	5.484653518e-06	0.7720812717
0.324	5.69560173e-06	0.7733445626
0.323	5.906549942e-06	0.7745025792
0.322	5.906549942e-06	0.7758711443
0.321	5.906549942e-06	0.7767133382
0.32	6.328446366e-06	0.7778713549
0.319	6.539394579e-06	0.7789240973
0.318	7.172239215e-06	0.7800821139
0.317	7.805083852e-06	0.7812401305
0.316	8.016032064e-06	0.7825034214
0.315	8.016032064e-06	0.783661438
0.314	8.437928489e-06	0.784082535
0.313	8.859824913e-06	0.7855563744
0.312	9.49266955e-06	0.7865038425
0.311	9.914565974e-06	0.7874513107
0.31	1.075835882e-05	0.7886093273
0.309	1.181309988e-05	0.789346247
0.308	1.307878916e-05	0.7901884409
0.307	1.371163379e-05	0.7909253606
0.306	1.392258201e-05	0.7920833772
0.305	1.455542664e-05	0.7931361196
0.304	1.518827128e-05	0.7939783135
0.303	1.603206413e-05	0.7949257817
0.302	1.687585698e-05	0.7960837983
0.301	1.771964983e-05	0.7966101695
0.3	1.814154625e-05	0.7971365407
0.299	1.919628731e-05	0.7979787346
0.298	1.940723552e-05	0.7988209285
0.297	2.06729248e-05	0.7997683967
0.296	2.193861407e-05	0.8009264133
0.295	2.278240692e-05	0.801663333
0.294	2.383714798e-05	0.8027160754
0.293	2.42590444e-05	0.8037688178
0.292	2.489188904e-05	0.8049268344
0.291	2.636852653e-05	0.8055584798
0.29	2.805611222e-05	0.8071375934
0.289	2.911085329e-05	0.8080850616
0.288	3.143128362e-05	0.8093483525
0.287	3.290792111e-05	0.8098747237
0.286	3.438455859e-05	0.8104010949
0.285	3.522835144e-05	0.8110327403
0.284	3.649404071e-05	0.8122960312
0.283	3.839257462e-05	0.8127171281
0.282	4.092395317e-05	0.8132434993
0.281	4.197869423e-05	0.8137698705
0.28	4.387722814e-05	0.8145067902
0.279	4.514291741e-05	0.8152437099
0.278	4.640860669e-05	0.816191178
0.277	4.851808881e-05	0.8168228235
0.276	5.126041557e-05	0.8174544689
0.275	5.379179411e-05	0.8180861143
0.274	5.484653518e-05	0.818823034
0.273	5.822170657e-05	0.8196652279
0.272	6.075308512e-05	0.8202968734
0.271	6.244067082e-05	0.821033793
0.27	6.623773864e-05	0.8216654385
0.269	6.876911718e-05	0.8224023581
0.268	7.193334036e-05	0.8229287293
0.267	7.509756355e-05	0.823665649
0.266	7.720704567e-05	0.8241920202
0.265	7.910557958e-05	0.8245078429
0.264	8.311359561e-05	0.8252447626
0.263	8.712161164e-05	0.8259816823
0.262	9.070773125e-05	0.8271396989
0.261	9.555954013e-05	0.8272449732
0.26	0.0001002004008	0.8278766186
0.259	0.0001048412615	0.8291399095
0.258	0.0001086383293	0.8295610064
0.257	0.0001139120346	0.8301926519
0.256	0.000117287206	0.8314559427
0.255	0.0001217171184	0.8319823139
0.254	0.0001250922898	0.8322981366
0.253	0.0001318426326	0.8329297821
0.252	0.0001390148718	0.8342983472
0.251	0.0001474528003	0.8347194442
0.25	0.0001552578842	0.8355616381
0.249	0.0001628520198	0.835982735
0.248	0.0001683366733	0.8361932835
0.247	0.0001746651197	0.8369302032
0.246	0.0001812045143	0.8378776713
0.245	0.0001873220124	0.8389304137
0.244	0.0001966037338	0.8396673334
0.243	0.0002031431284	0.8400884304
0.242	0.0002143233836	0.8409306243
0.241	0.0002231832085	0.8417728182
0.24	0.0002311992406	0.8420886409
0.239	0.0002398481173	0.8426150121
0.238	0.0002503955279	0.8432466575
0.237	0.000259466301	0.8437730287
0.236	0.0002704356081	0.8445099484
0.235	0.0002818268115	0.8450363196
0.234	0.0002930070668	0.8459837878
0.233	0.0003035544774	0.8468259817
0.232	0.0003134690433	0.8473523529
0.231	0.0003235945575	0.8476681756
0.23	0.000334985761	0.8479839983
0.229	0.0003514397215	0.8484050953
0.228	0.0003638856661	0.8489314665
0.227	0.0003763316106	0.8495631119
0.226	0.0003921527265	0.8499842089
0.225	0.000407551946	0.8508264028
0.224	0.0004223183209	0.851352774
0.223	0.0004404598671	0.8519844194
0.222	0.0004560700348	0.8527213391
0.221	0.0004716802025	0.8533529845
0.22	0.0004891889041	0.8534582588
0.219	0.0005075413986	0.8541951784
0.218	0.0005265267377	0.8549320981
0.217	0.0005488872482	0.8553531951
0.216	0.0005680835355	0.8558795663
0.215	0.0005877017192	0.856195389
0.214	0.0006111169708	0.8568270344
0.213	0.0006336884295	0.8574586799
0.212	0.0006613226453	0.8581955995
0.211	0.0006847378968	0.8589325192
0.21	0.0007094188377	0.8595641646
0.209	0.0007345216749	0.8600905358
0.208	0.0007611011497	0.8611432782
0.207	0.000791266744	0.8618801979
0.206	0.0008172133741	0.8621960206
0.205	0.0008511760363	0.8626171176
0.204	0.0008838730092	0.8630382145
0.203	0.0009193123088	0.8634593115
0.202	0.0009579158317	0.8641962312
0.201	0.0009975740956	0.8644067797
0.2	0.001034490033	0.8650384251
0.199	0.001073515452	0.8653542478
0.198	0.001112540871	0.866301716
0.197	0.001154941462	0.8672491841
0.196	0.001203037654	0.8679861038
0.195	0.001245860141	0.8683019265
0.194	0.00128847168	0.8688282977
0.193	0.001344162008	0.8688282977
0.192	0.001397110009	0.8691441204
0.191	0.00145723025	0.8695652174
0.19	0.001517139542	0.8697757659
0.189	0.001578103576	0.8700915886
0.188	0.001639489505	0.8703021371
0.187	0.001702141124	0.8708285083
0.186	0.001769222656	0.8713548795
0.185	0.001839046514	0.8718812507
0.184	0.001907604683	0.8721970734
0.183	0.001975951904	0.8731445415
0.182	0.002050838519	0.87335509
0.181	0.00213099884	0.8738814612
0.18	0.002212635798	0.8744078324
0.179	0.00230439827	0.8751447521
0.178	0.002397004535	0.8754605748
0.177	0.002490243645	0.8760922202
0.176	0.002586646978	0.8760922202
0.175	0.002682417467	0.876408043
0.174	0.002794852864	0.8771449626
0.173	0.002895475161	0.8775660596
0.172	0.002996941251	0.8780924308
0.171	0.003107900011	0.8785135277
0.17	0.003231937559	0.8789346247
0.169	0.003362936399	0.8793557217
0.168	0.003493513342	0.8795662701
0.167	0.003637380023	0.8798820929
0.166	0.00376753507	0.8805137383
0.165	0.003913300285	0.8814612064
0.164	0.00407551946	0.8818823034
0.163	0.004228035017	0.8821981261
0.162	0.004391519882	0.8829350458
0.161	0.004563231727	0.8836719655
0.16	0.004748022361	0.8838825139
0.159	0.004931125409	0.8844088851
0.158	0.005126463453	0.8847247079
0.157	0.005329184685	0.8850405306
0.156	0.005536546778	0.885672176
0.155	0.005754034385	0.8857774503
0.154	0.005975740956	0.8861985472
0.153	0.006203986921	0.8867249184
0.152	0.00644130366	0.8870407411
0.151	0.006692542981	0.8874618381
0.15	0.006942516612	0.8881987578
0.149	0.007220546356	0.8885145805
0.148	0.007515241008	0.8889356774
0.147	0.007815209366	0.8893567744
0.146	0.008113490138	0.8894620486
0.145	0.008417044616	0.8897778714
0.144	0.008747389516	0.8901989683
0.143	0.009087648982	0.8901989683
0.142	0.009452378441	0.8906200653
0.141	0.009822592554	0.8910411622
0.14	0.01019871322	0.8914622592
0.139	0.01059993672	0.8920939046
0.138	0.01100833245	0.8926202758
0.137	0.0114395106	0.8930413728
0.136	0.01187364202	0.8933571955
0.135	0.01232907921	0.893567744
0.134	0.01281531484	0.8937782925
0.133	0.01330703512	0.8943046636
0.132	0.01381605316	0.8945152121
0.131	0.01434890834	0.8950415833
0.13	0.01489547516	0.8954626803
0.129	0.01547916886	0.8958837772
0.128	0.0160525261	0.8961996
0.127	0.0166545723	0.8967259712
0.126	0.0172688535	0.8970417939
0.125	0.0178997996	0.8971470681
0.124	0.01856850543	0.8974628908
0.123	0.01928277608	0.897989262
0.122	0.02000442991	0.8983050847
0.121	0.02076764054	0.8990420044
0.12	0.02155025841	0.8996736499
0.119	0.02235903386	0.8997789241
0.118	0.02320345955	0.8999894726
0.117	0.02408501213	0.9003052953
0.116	0.02499820694	0.9008316665
0.115	0.02593587174	0.9011474892
0.114	0.0268794431	0.9014633119
0.113	0.02788946314	0.9019896831
0.112	0.02892247653	0.9029371513
0.111	0.02999240586	0.9033582482
0.11	0.03108385191	0.9034635225
0.109	0.03219597089	0.9038846194
0.108	0.0333625145	0.9040951679
0.107	0.03456745069	0.9043057164
0.106	0.03583714798	0.9044109906
0.105	0.03710747811	0.9051479103
0.104	0.03843265478	0.9059901042
0.103	0.03979369265	0.9060953785
0.102	0.04116548887	0.9063059269
0.101	0.04262735998	0.9069375724
0.1	0.04414892944	0.9073586693
0.099	0.04569602363	0.9077797663
0.098	0.04725556376	0.9086219602
0.097	0.04892732834	0.9091483314
0.096	0.05061196076	0.9094641541
0.095	0.0523303449	0.9095694284
0.094	0.05409724713	0.9099905253
0.093	0.05593777028	0.910727445
0.092	0.05784748444	0.9109379935
0.091	0.05984790634	0.9113590904
0.09	0.06186879021	0.9120960101
0.089	0.06391287839	0.9124118328
0.088	0.06608480118	0.912938204
0.087	0.06827845164	0.9135698495
0.086	0.07053559751	0.9138856722
0.085	0.0728619344	0.9144120434
0.084	0.07527602574	0.9147278661
0.083	0.07769222656	0.9153595115
0.082	0.08018584537	0.9156753342
0.081	0.08276447632	0.9165175282
0.08	0.08535196709	0.9169386251
0.079	0.08807594136	0.9172544478
0.078	0.09089442042	0.9174649963
0.077	0.09374981542	0.917780819
0.076	0.0966786204	0.9184124645
0.075	0.09966142812	0.9192546584
0.074	0.10269634	0.9196757553
0.073	0.1058373589	0.920412675
0.072	0.1090716169	0.920833772
0.071	0.1123335091	0.9211495947
0.07	0.1156696551	0.9222023371
0.069	0.1190986183	0.9227287083
0.068	0.1226383293	0.9231498052
0.067	0.1262204409	0.9238867249
0.066	0.1299759519	0.9242025476
0.065	0.1337008754	0.9244130961
0.064	0.1374996308	0.9248341931
0.063	0.1414201034	0.925676387
0.062	0.1454424639	0.9265185809
0.061	0.1495643919	0.9276765975
0.06	0.1536956017	0.9284135172
0.059	0.1579852336	0.9289398884
0.058	0.1623168442	0.9297820823
0.057	0.1667203881	0.9302031793
0.056	0.1712171712	0.9308348247
0.055	0.1757953802	0.9311506474
0.054	0.1805100728	0.9323086641
0.053	0.1852334142	0.9328350353
0.052	0.1900419787	0.9335719549
0.051	0.1949315473	0.9340983261
0.05	0.199935028	0.9345194231
0.049	0.2050353338	0.9350457943
0.048	0.2101809936	0.9359932624
0.047	0.2153852969	0.9363090852
0.046	0.2206997152	0.9371512791
0.045	0.2261240375	0.9376776503
0.044	0.2315985656	0.93841457
0.043	0.2371393313	0.9392567639
0.042	0.2427545618	0.9399936835
0.041	0.2484389832	0.940625329
0.04	0.254232043	0.9416780714
0.039	0.2601611644	0.9427308138
0.038	0.2660993566	0.9431519107
0.037	0.2721231938	0.9433624592
0.036	0.2782014555	0.9440993789
0.035	0.2842845691	0.9447310243
0.034	0.2905242063	0.9451521213
0.033	0.2967988609	0.945889041
0.032	0.3031496678	0.9466259606
0.031	0.3096224027	0.9471523318
0.03	0.3161561017	0.9477839773
0.029	0.3227623668	0.9487314454
0.028	0.3293692648	0.9488367197
0.027	0.3360417677	0.9493630909
0.026	0.3426967619	0.9504158332
0.025	0.3495268432	0.9514685756
0.024	0.3563267588	0.9527318665
0.023	0.3632777133	0.9531529635
0.022	0.3703126253	0.9538898831
0.021	0.3773287628	0.9543109801
0.02	0.3843824491	0.9547320771
0.019	0.3914532222	0.9553637225
0.018	0.3986252505	0.9562059164
0.017	0.4058795486	0.9567322876
0.016	0.4130884928	0.95778503
0.015	0.4203727455	0.9583114012
0.014	0.4276588967	0.9587324982
0.013	0.4349716275	0.9590483209
0.012	0.4423008122	0.9597852406
0.011	0.4497156418	0.9602063375
0.01	0.457136378	0.9608379829
0.009	0.4645820061	0.9615749026
0.008	0.4719902964	0.9619959996
0.007	0.4794641915	0.9631540162
0.006	0.4869631895	0.9636803874
0.005	0.4944611328	0.9638909359
0.004	0.5019934606	0.9650489525
0.003	0.5094439405	0.9658911464
0.002	0.5169851282	0.9666280661
0.001	0.5245161903	0.9671544373
0	0.5320143445	0.967891357
-0.001	0.5394954119	0.9686282767
-0.002	0.54698998	0.9689440994
-0.003	0.5544619766	0.970102116
-0.004	0.5619014872	0.9704179387
-0.005	0.5693553423	0.9706284872
-0.006	0.5767670077	0.9708390357
-0.007	0.5841029427	0.9715759554
-0.008	0.5914515346	0.9719970523
-0.009	0.5987665858	0.9726286978
-0.01	0.6060689801	0.9730497947
-0.011	0.6132840418	0.9733656174
-0.012	0.6205313785	0.9738919886
-0.013	0.6277278768	0.9742078113
-0.014	0.6348518089	0.9748394568
-0.015	0.6419253243	0.9751552795
-0.016	0.648949056	0.9755763765
-0.017	0.6559664592	0.9757869249
-0.018	0.6630138171	0.9762080219
-0.019	0.6698687902	0.9766291189
-0.02	0.6767267166	0.9769449416
-0.021	0.6834568084	0.9772607643
-0.022	0.6901972366	0.9778924097
-0.023	0.6968364097	0.9781029582
-0.024	0.7034190486	0.9784187809
-0.025	0.7099426221	0.9786293294
-0.026	0.7164020673	0.9793662491
-0.027	0.7228427381	0.9794715233
-0.028	0.729214007	0.9798926203
-0.029	0.7354924586	0.9801031688
-0.03	0.741670077	0.9805242657
-0.031	0.7477605738	0.9807348142
-0.032	0.7537979116	0.9811559111
-0.033	0.7597413775	0.9815770081
-0.034	0.7655487818	0.9822086535
-0.035	0.7713496467	0.9827350247
-0.036	0.7771939669	0.9830508475
-0.037	0.7828245966	0.9833666702
-0.038	0.7883702141	0.9837877671
-0.039	0.7938333509	0.9841035899
-0.04	0.7992610484	0.9845246868
-0.041	0.8046083746	0.9851563322
-0.042	0.8098536019	0.9853668807
-0.043	0.8149868157	0.9856827034
-0.044	0.8199869212	0.9863143489
-0.045	0.8249226875	0.9869459943
-0.046	0.829763949	0.9874723655
-0.047	0.8345697711	0.9878934625
-0.048	0.8392317266	0.9881040109
-0.049	0.8438597194	0.9882092852
-0.05	0.848350174	0.9885251079
-0.051	0.8527845164	0.9891567533
-0.052	0.8571832085	0.9893673018
-0.053	0.86147052	0.9895778503
-0.054	0.8656664909	0.989893673
-0.055	0.869771754	0.9904200442
-0.056	0.8737795591	0.9906305927
-0.057	0.8776827339	0.9908411412
-0.058	0.8815078578	0.9911569639
-0.059	0.8852621032	0.9917886093
-0.06	0.8889553845	0.9919991578
-0.061	0.8924980487	0.9924202548
-0.062	0.8959476848	0.9926308032
-0.063	0.8993274971	0.9928413517
-0.064	0.9025729353	0.9931571744
-0.065	0.9057970678	0.9934729972
-0.066	0.908936821	0.9936835456
-0.067	0.9119928278	0.9938940941
-0.068	0.9150036916	0.9938940941
-0.069	0.917914355	0.9941046426
-0.07	0.920790212	0.9942099168
-0.071	0.9235736737	0.9944204653
-0.072	0.926293218	0.9946310138
-0.073	0.9289298597	0.994736288
-0.074	0.9314922477	0.9950521107
-0.075	0.9339679359	0.9955784819
-0.076	0.9363864571	0.9957890304
-0.077	0.9387132159	0.9957890304
-0.078	0.940993988	0.9959995789
-0.079	0.9431973421	0.9961048531
-0.08	0.9453327708	0.9964206759
-0.081	0.9474114545	0.9967364986
-0.082	0.9494196815	0.9968417728
-0.083	0.9513663116	0.9968417728
-0.084	0.9532091552	0.9969470471
-0.085	0.9550728826	0.9971575955
-0.086	0.956830925	0.9971575955
-0.087	0.9585516296	0.9972628698
-0.088	0.9602063074	0.9974734183
-0.089	0.9618139437	0.9974734183
-0.09	0.9633490138	0.9975786925
-0.091	0.9648397848	0.9976839667
-0.092	0.9662702247	0.997789241
-0.093	0.9676679675	0.997789241
-0.094	0.9690165594	0.997789241
-0.095	0.9702830925	0.9978945152
-0.096	0.9715500475	0.9979997895
-0.097	0.9727594136	0.9982103379
-0.098	0.9739219492	0.9982103379
-0.099	0.9750336462	0.9983156122
-0.1	0.9761244594	0.9984208864
-0.101	0.9771659108	0.9984208864
-0.102	0.9781535703	0.9985261606
-0.103	0.979112119	0.9989472576
-0.104	0.9800426115	0.9990525318
-0.105	0.9809667757	0.9990525318
-0.106	0.9818390465	0.9990525318
-0.107	0.9826503533	0.9990525318
-0.108	0.9834177829	0.9990525318
-0.109	0.9841495623	0.9992630803
-0.11	0.984891889	0.9992630803
-0.111	0.9855958232	0.9993683546
-0.112	0.9862628415	0.9993683546
-0.113	0.9869148824	0.9994736288
-0.114	0.9875376015	0.999578903
-0.115	0.9881326864	0.999578903
-0.116	0.9886954963	0.999578903
-0.117	0.9892443835	0.999578903
-0.118	0.9897565658	0.999578903
-0.119	0.9902371058	0.9996841773
-0.12	0.990729037	0.9996841773
-0.121	0.9911825757	0.9997894515
-0.122	0.9916167071	0.9997894515
-0.123	0.9920411349	0.9998947258
-0.124	0.9924368737	0.9998947258
-0.125	0.9928231199	0.9998947258
-0.126	0.9931981858	0.9998947258
-0.127	0.993547727	0.9998947258
-0.128	0.993861618	0.9998947258
-0.129	0.9941818374	0.9998947258
-0.13	0.9944763211	0.9998947258
-0.131	0.9947655311	0.9998947258
-0.132	0.9950401856	0.9998947258
-0.133	0.9953032381	0.9998947258
-0.134	0.9955489927	0.9998947258
-0.135	0.9957780825	0.9998947258
-0.136	0.995995992	0.9998947258
-0.137	0.9962227613	0.9998947258
-0.138	0.9964218964	0.9998947258
-0.139	0.9966187111	0.9998947258
-0.14	0.996798228	0.9998947258
-0.141	0.9969756355	0.9998947258
-0.142	0.9971435503	0.9998947258
-0.143	0.997307668	0.9998947258
-0.144	0.9974576521	0.9998947258
-0.145	0.9976027845	0.9998947258
-0.146	0.9977377914	0.9998947258
-0.147	0.9978664698	0.9998947258
-0.148	0.9979738424	0.9998947258
-0.149	0.9980915515	0.9998947258
-0.15	0.9982018774	0.9998947258
-0.151	0.9982999684	0.9998947258
-0.152	0.9983970045	0.9998947258
-0.153	0.9984868685	0.9998947258
-0.154	0.9985739901	0.9998947258
-0.155	0.9986541504	0.9998947258
-0.156	0.9987336779	0.9998947258
-0.157	0.998814471	0.9998947258
-0.158	0.9988857715	0.9998947258
-0.159	0.9989488451	0.9998947258
-0.16	0.9990087544	0.9998947258
-0.161	0.9990701403	0.9998947258
-0.162	0.9991199241	0.9998947258
-0.163	0.9991754034	0.9998947258
-0.164	0.999230039	0.9998947258
-0.165	0.9992762367	0.9998947258
-0.166	0.9993161059	0.9998947258
-0.167	0.9993612488	0.9998947258
-0.168	0.9993977429	0.9998947258
-0.169	0.999433815	1
-0.17	0.9994675667	1
-0.171	0.9995021622	1
-0.172	0.9995319059	1
-0.173	0.9995614387	1
-0.174	0.9995854868	1
-0.175	0.9996135429	1
-0.176	0.9996403333	1
-0.177	0.999662061	1
-0.178	0.9996835777	1
-0.179	0.9997031959	1
-0.18	0.9997242907	1
-0.181	0.999743276	1
-0.182	0.9997631052	1
-0.183	0.9997787153	1
-0.184	0.9997926379	1
-0.185	0.9998021306	1
-0.186	0.9998156313	1
-0.187	0.9998259677	1
-0.188	0.9998367261	1
-0.189	0.9998466406	1
-0.19	0.9998542348	1
-0.191	0.9998618289	1
-0.192	0.9998687902	1
-0.193	0.9998768062	1
-0.194	0.9998854551	1
-0.195	0.9998915726	1
-0.196	0.999898112	1
-0.197	0.9999044405	1
-0.198	0.9999109799	1
-0.199	0.9999154098	1
-0.2	0.9999189959	1
-0.201	0.9999244805	1
-0.202	0.9999299652	1
-0.203	0.9999358717	1
-0.204	0.9999394579	1
-0.205	0.999942833	1
-0.206	0.9999466301	1
-0.207	0.9999502162	1
-0.208	0.9999542242	1
-0.209	0.9999571775	1
-0.21	0.9999594979	1
-0.211	0.9999618184	1
-0.212	0.9999647716	1
-0.213	0.9999662483	1
-0.214	0.9999700454	1
-0.215	0.9999723658	1
-0.216	0.9999748972	1
-0.217	0.9999772176	1
-0.218	0.9999789052	1
-0.219	0.999979749	1
-0.22	0.9999810147	1
-0.221	0.9999829132	1
-0.222	0.999983546	1
-0.223	0.9999848117	1
-0.224	0.9999860774	1
-0.225	0.9999881869	1
-0.226	0.9999892416	1
-0.227	0.9999905073	1
-0.228	0.9999915621	1
-0.229	0.999991773	1
-0.23	0.9999930387	1
-0.231	0.9999934606	1
-0.232	0.9999938825	1
-0.233	0.9999951482	1
-0.234	0.9999953591	1
-0.235	0.9999953591	1
-0.236	0.9999955701	1
-0.237	0.9999955701	1
-0.238	0.9999962029	1
-0.239	0.9999966248	1
-0.24	0.9999972577	1
-0.241	0.9999972577	1
-0.242	0.9999974686	1
-0.243	0.9999974686	1
-0.244	0.9999981015	1
-0.245	0.9999983124	1
-0.246	0.9999987343	1
-0.247	0.9999987343	1
-0.248	0.9999987343	1
-0.249	0.9999987343	1
-0.25	0.9999987343	1
-0.251	0.9999987343	1
-0.252	0.9999989453	1
-0.253	0.9999991562	1
-0.254	0.9999991562	1
-0.255	0.9999991562	1
-0.256	0.9999993672	1
-0.257	0.9999993672	1
-0.258	0.9999993672	1
-0.259	0.9999993672	1
-0.26	0.9999993672	1
-0.261	0.9999995781	1
-0.262	0.9999995781	1
-0.263	0.9999995781	1
-0.264	0.9999995781	1
-0.265	0.9999995781	1
-0.266	0.9999995781	1
-0.267	0.9999995781	1
-0.268	0.9999995781	1
-0.269	0.9999995781	1
-0.27	1	1
-0.271	1	1
-0.272	1	1
-0.273	1	1
-0.274	1	1
-0.275	1	1
-0.276	1	1
-0.277	1	1
-0.278	1	1
-0.279	1	1
-0.28	1	1
-0.281	1	1
-0.282	1	1
-0.283	1	1
-0.284	1	1
-0.285	1	1
-0.286	1	1
-0.287	1	1
-0.288	1	1
-0.289	1	1
-0.29	1	1
-0.291	1	1
-0.292	1	1
-0.293	1	1
-0.294	1	1
-0.295	1	1
-0.296	1	1
-0.297	1	1
-0.298	1	1
-0.299	1	1
-0.3	1	1
-0.301	1	1
-0.302	1	1
-0.303	1	1
-0.304	1	1
-0.305	1	1
-0.306	1	1
-0.307	1	1
-0.308	1	1
-0.309	1	1
-0.31	1	1
-0.311	1	1
-0.312	1	1
-0.313	1	1
-0.314	1	1
-0.315	1	1
-0.316	1	1
-0.317	1	1
-0.318	1	1
-0.319	1	1
-0.32	1	1
-0.321	1	1
-0.322	1	1
-0.323	1	1
-0.324	1	1
-0.325	1	1
-0.326	1	1
-0.327	1	1
-0.328	1	1
-0.329	1	1
-0.33	1	1
-0.331	1	1
-0.332	1	1
-0.333	1	1
-0.334	1	1
-0.335	1	1
-0.336	1	1
-0.337	1	1
-0.338	1	1
-0.339	1	1
-0.34	1	1
-0.341	1	1
-0.342	1	1
-0.343	1	1
-0.344	1	1
-0.345	1	1
-0.346	1	1
-0.347	1	1
-0.348	1	1
-0.349	1	1
-0.35	1	1
-0.351	1	1
-0.352	1	1
-0.353	1	1
-0.354	1	1
-0.355	1	1
-0.356	1	1
-0.357	1	1
-0.358	1	1
-0.359	1	1
-0.36	1	1
-0.361	1	1
-0.362	1	1
-0.363	1	1
-0.364	1	1
-0.365	1	1
-0.366	1	1
-0.367	1	1
-0.368	1	1
-0.369	1	1
-0.37	1	1
-0.371	1	1
-0.372	1	1
-0.373	1	1
-0.374	1	1
-0.375	1	1
-0.376	1	1
-0.377	1	1
-0.378	1	1
-0.379	1	1
-0.38	1	1
-0.381	1	1
-0.382	1	1
-0.383	1	1
-0.384	1	1
-0.385	1	1
-0.386	1	1
-0.387	1	1
-0.388	1	1
-0.389	1	1
-0.39	1	1
-0.391	1	1
-0.392	1	1
-0.393	1	1
-0.394	1	1
-0.395	1	1
-0.396	1	1
-0.397	1	1
-0.398	1	1
-0.399	1	1
-0.4	1	1
-0.401	1	1
-0.402	1	1
-0.403	1	1
-0.404	1	1
-0.405	1	1
-0.406	1	1
-0.407	1	1
-0.408	1	1
-0.409	1	1
-0.41	1	1
-0.411	1	1
-0.412	1	1
-0.413	1	1
-0.414	1	1
-0.415	1	1
-0.416	1	1
-0.417	1	1
-0.418	1	1
-0.419	1	1
-0.42	1	1
-0.421	1	1
-0.422	1	1
-0.423	1	1
-0.424	1	1
-0.425	1	1
-0.426	1	1
-0.427	1	1
-0.428	1	1
-0.429	1	1
-0.43	1	1
-0.431	1	1
-0.432	1	1
-0.433	1	1
-0.434	1	1
-0.435	1	1
-0.436	1	1
-0.437	1	1
-0.438	1	1
-0.439	1	1
-0.44	1	1
-0.441	1	1
-0.442	1	1
-0.443	1	1
-0.444	1	1
-0.445	1	1
-0.446	1	1
-0.447	1	1
-0.448	1	1
-0.449	1	1
-0.45	1	1
-0.451	1	1
-0.452	1	1
-0.453	1	1
-0.454	1	1
-0.455	1	1
-0.456	1	1
-0.457	1	1
-0.458	1	1
-0.459	1	1
-0.46	1	1
-0.461	1	1
-0.462	1	1
-0.463	1	1
-0.464	1	1
-0.465	1	1
-0.466	1	1
-0.467	1	1
-0.468	1	1
-0.469	1	1
-0.47	1	1
-0.471	1	1
-0.472	1	1
-0.473	1	1
-0.474	1	1
-0.475	1	1
-0.476	1	1
-0.477	1	1
-0.478	1	1
-0.479	1	1
-0.48	1	1
-0.481	1	1
-0.482	1	1
-0.483	1	1
-0.484	1	1
-0.485	1	1
-0.486	1	1
-0.487	1	1
-0.488	1	1
-0.489	1	1
-0.49	1	1
-0.491	1	1
-0.492	1	1
-0.493	1	1
-0.494	1	1
-0.495	1	1
-0.496	1	1
-0.497	1	1
-0.498	1	1
-0.499	1	1
-0.5	1	1
-0.501	1	1
-0.502	1	1
-0.503	1	1
-0.504	1	1
-0.505	1	1
-0.506	1	1
-0.507	1	1
-0.508	1	1
-0.509	1	1
-0.51	1	1
-0.511	1	1
-0.512	1	1
-0.513	1	1
-0.514	1	1
-0.515	1	1
-0.516	1	1
-0.517	1	1
-0.518	1	1
-0.519	1	1
-0.52	1	1
-0.521	1	1
-0.522	1	1
-0.523	1	1
-0.524	1	1
-0.525	1	1
-0.526	1	1
-0.527	1	1
-0.528	1	1
-0.529	1	1
-0.53	1	1
-0.531	1	1
-0.532	1	1
-0.533	1	1
-0.534	1	1
-0.535	1	1
-0.536	1	1
-0.537	1	1
-0.538	1	1
-0.539	1	1
-0.54	1	1
-0.541	1	1
-0.542	1	1
-0.543	1	1
-0.544	1	1
-0.545	1	1
-0.546	1	1
-0.547	1	1
-0.548	1	1
-0.549	1	1
-0.55	1	1
-0.551	1	1
-0.552	1	1
-0.553	1	1
-0.554	1	1
-0.555	1	1
-0.556	1	1
-0.557	1	1
-0.558	1	1
-0.559	1	1
-0.56	1	1
-0.561	1	1
-0.562	1	1
-0.563	1	1
-0.564	1	1
-0.565	1	1
-0.566	1	1
-0.567	1	1
-0.568	1	1
-0.569	1	1
-0.57	1	1
-0.571	1	1
-0.572	1	1
-0.573	1	1
-0.574	1	1
-0.575	1	1
-0.576	1	1
-0.577	1	1
-0.578	1	1
-0.579	1	1
-0.58	1	1
-0.581	1	1
-0.582	1	1
-0.583	1	1
-0.584	1	1
-0.585	1	1
-0.586	1	1
-0.587	1	1
-0.588	1	1
-0.589	1	1
-0.59	1	1
-0.591	1	1
-0.592	1	1
-0.593	1	1
-0.594	1	1
-0.595	1	1
-0.596	1	1
-0.597	1	1
-0.598	1	1
-0.599	1	1
-0.6	1	1
-0.601	1	1
-0.602	1	1
-0.603	1	1
-0.604	1	1
-0.605	1	1
-0.606	1	1
-0.607	1	1
-0.608	1	1
-0.609	1	1
-0.61	1	1
-0.611	1	1
-0.612	1	1
-0.613	1	1
-0.614	1	1
-0.615	1	1
-0.616	1	1
-0.617	1	1
-0.618	1	1
-0.619	1	1
-0.62	1	1
-0.621	1	1
-0.622	1	1
-0.623	1	1
-0.624	1	1
-0.625	1	1
-0.626	1	1
-0.627	1	1
-0.628	1	1
-0.629	1	1
-0.63	1	1
-0.631	1	1
-0.632	1	1
-0.633	1	1
-0.634	1	1
-0.635	1	1
-0.636	1	1
-0.637	1	1
-0.638	1	1
-0.639	1	1
-0.64	1	1
-0.641	1	1
-0.642	1	1
-0.643	1	1
-0.644	1	1
-0.645	1	1
-0.646	1	1
-0.647	1	1
-0.648	1	1
-0.649	1	1
-0.65	1	1
-0.651	1	1
-0.652	1	1
-0.653	1	1
-0.654	1	1
-0.655	1	1
-0.656	1	1
-0.657	1	1
-0.658	1	1
-0.659	1	1
-0.66	1	1
-0.661	1	1
-0.662	1	1
-0.663	1	1
-0.664	1	1
-0.665	1	1
-0.666	1	1
-0.667	1	1
-0.668	1	1
-0.669	1	1
-0.67	1	1
-0.671	1	1
-0.672	1	1
-0.673	1	1
-0.674	1	1
-0.675	1	1
-0.676	1	1
-0.677	1	1
-0.678	1	1
-0.679	1	1
-0.68	1	1
-0.681	1	1
-0.682	1	1
-0.683	1	1
-0.684	1	1
-0.685	1	1
-0.686	1	1
-0.687	1	1
-0.688	1	1
-0.689	1	1
-0.69	1	1
-0.691	1	1
-0.692	1	1
-0.693	1	1
-0.694	1	1
-0.695	1	1
-0.696	1	1
-0.697	1	1
-0.698	1	1
-0.699	1	1
-0.7	1	1
-0.701	1	1
-0.702	1	1
-0.703	1	1
-0.704	1	1
-0.705	1	1
-0.706	1	1
-0.707	1	1
-0.708	1	1
-0.709	1	1
-0.71	1	1
-0.711	1	1
-0.712	1	1
-0.713	1	1
-0.714	1	1
-0.715	1	1
-0.716	1	1
-0.717	1	1
-0.718	1	1
-0.719	1	1
-0.72	1	1
-0.721	1	1
-0.722	1	1
-0.723	1	1
-0.724	1	1
-0.725	1	1
-0.726	1	1
-0.727	1	1
-0.728	1	1
-0.729	1	1
-0.73	1	1
-0.731	1	1
-0.732	1	1
-0.733	1	1
-0.734	1	1
-0.735	1	1
-0.736	1	1
-0.737	1	1
-0.738	1	1
-0.739	1	1
-0.74	1	1
-0.741	1	1
-0.742	1	1
-0.743	1	1
-0.744	1	1
-0.745	1	1
-0.746	1	1
-0.747	1	1
-0.748	1	1
-0.749	1	1
-0.75	1	1
-0.751	1	1
-0.752	1	1
-0.753	1	1
-0.754	1	1
-0.755	1	1
-0.756	1	1
-0.757	1	1
-0.758	1	1
-0.759	1	1
-0.76	1	1
-0.761	1	1
-0.762	1	1
-0.763	1	1
-0.764	1	1
-0.765	1	1
-0.766	1	1
-0.767	1	1
-0.768	1	1
-0.769	1	1
-0.77	1	1
-0.771	1	1
-0.772	1	1
-0.773	1	1
-0.774	1	1
-0.775	1	1
-0.776	1	1
-0.777	1	1
-0.778	1	1
-0.779	1	1
-0.78	1	1
-0.781	1	1
-0.782	1	1
-0.783	1	1
-0.784	1	1
-0.785	1	1
-0.786	1	1
-0.787	1	1
-0.788	1	1
-0.789	1	1
-0.79	1	1
-0.791	1	1
-0.792	1	1
-0.793	1	1
-0.794	1	1
-0.795	1	1
-0.796	1	1
-0.797	1	1
-0.798	1	1
-0.799	1	1
-0.8	1	1
-0.801	1	1
-0.802	1	1
-0.803	1	1
-0.804	1	1
-0.805	1	1
-0.806	1	1
-0.807	1	1
-0.808	1	1
-0.809	1	1
-0.81	1	1
-0.811	1	1
-0.812	1	1
-0.813	1	1
-0.814	1	1
-0.815	1	1
-0.816	1	1
-0.817	1	1
-0.818	1	1
-0.819	1	1
-0.82	1	1
-0.821	1	1
-0.822	1	1
-0.823	1	1
-0.824	1	1
-0.825	1	1
-0.826	1	1
-0.827	1	1
-0.828	1	1
-0.829	1	1
-0.83	1	1
-0.831	1	1
-0.832	1	1
-0.833	1	1
-0.834	1	1
-0.835	1	1
-0.836	1	1
-0.837	1	1
-0.838	1	1
-0.839	1	1
-0.84	1	1
-0.841	1	1
-0.842	1	1
-0.843	1	1
-0.844	1	1
-0.845	1	1
-0.846	1	1
-0.847	1	1
-0.848	1	1
-0.849	1	1
-0.85	1	1
-0.851	1	1
-0.852	1	1
-0.853	1	1
-0.854	1	1
-0.855	1	1
-0.856	1	1
-0.857	1	1
-0.858	1	1
-0.859	1	1
-0.86	1	1
-0.861	1	1
-0.862	1	1
-0.863	1	1
-0.864	1	1
-0.865	1	1
-0.866	1	1
-0.867	1	1
-0.868	1	1
-0.869	1	1
-0.87	1	1
-0.871	1	1
-0.872	1	1
-0.873	1	1
-0.874	1	1
-0.875	1	1
-0.876	1	1
-0.877	1	1
-0.878	1	1
-0.879	1	1
-0.88	1	1
-0.881	1	1
-0.882	1	1
-0.883	1	1
-0.884	1	1
-0.885	1	1
-0.886	1	1
-0.887	1	1
-0.888	1	1
-0.889	1	1
-0.89	1	1
-0.891	1	1
-0.892	1	1
-0.893	1	1
-0.894	1	1
-0.895	1	1
-0.896	1	1
-0.897	1	1
-0.898	1	1
-0.899	1	1
-0.9	1	1
-0.901	1	1
-0.902	1	1
-0.903	1	1
-0.904	1	1
-0.905	1	1
-0.906	1	1
-0.907	1	1
-0.908	1	1
-0.909	1	1
-0.91	1	1
-0.911	1	1
-0.912	1	1
-0.913	1	1
-0.914	1	1
-0.915	1	1
-0.916	1	1
-0.917	1	1
-0.918	1	1
-0.919	1	1
-0.92	1	1
-0.921	1	1
-0.922	1	1
-0.923	1	1
-0.924	1	1
-0.925	1	1
-0.926	1	1
-0.927	1	1
-0.928	1	1
-0.929	1	1
-0.93	1	1
-0.931	1	1
-0.932	1	1
-0.933	1	1
-0.934	1	1
-0.935	1	1
-0.936	1	1
-0.937	1	1
-0.938	1	1
-0.939	1	1
-0.94	1	1
-0.941	1	1
-0.942	1	1
-0.943	1	1
-0.944	1	1
-0.945	1	1
-0.946	1	1
-0.947	1	1
-0.948	1	1
-0.949	1	1
-0.95	1	1
-0.951	1	1
-0.952	1	1
-0.953	1	1
-0.954	1	1
-0.955	1	1
-0.956	1	1
-0.957	1	1
-0.958	1	1
-0.959	1	1
-0.96	1	1
-0.961	1	1
-0.962	1	1
-0.963	1	1
-0.964	1	1
-0.965	1	1
-0.966	1	1
-0.967	1	1
-0.968	1	1
-0.969	1	1
-0.97	1	1
-0.971	1	1
-0.972	1	1
-0.973	1	1
-0.974	1	1
-0.975	1	1
-0.976	1	1
-0.977	1	1
-0.978	1	1
-0.979	1	1
-0.98	1	1
-0.981	1	1
-0.982	1	1
-0.983	1	1
-0.984	1	1
-0.985	1	1
-0.986	1	1
-0.987	1	1
-0.988	1	1
-0.989	1	1
-0.99	1	1
-0.991	1	1
-0.992	1	1
-0.993	1	1
-0.994	1	1
-0.995	1	1
-0.996	1	1
-0.997	1	1
-0.998	1	1
-0.999	1	1
-1	1	1
