threshold	FAR	TAR
0.999	0	0
0.998	0	0
0.997	0	0
0.996	0	0
0.995	0	0
0.994	0	0
0.993	0	0
0.992	0	0
0.991	0	0
0.99	0	0
0.989	0	0
0.988	0	0
0.987	0	0
0.986	0	0
0.985	0	0
0.984	0	0
0.983	0	0
0.982	0	0
0.981	0	0
0.98	0	0
0.979	0	0
0.978	0	0
0.977	0	0
0.976	0	0
0.975	0	0
0.974	0	0
0.973	0	0
0.972	0	0
0.971	0	0
0.97	0	0
0.969	0	0
0.968	0	0
0.967	0	0
0.966	0	0.0025
0.965	0	0.0025
0.964	0	0.0025
0.963	0	0.0025
0.962	0	0.0025
0.961	0	0.0025
0.96	0	0.0025
0.959	0	0.0025
0.958	0	0.0025
0.957	0	0.0025
0.956	0	0.0025
0.955	0	0.0025
0.954	0	0.0025
0.953	0	0.005
0.952	0	0.005
0.951	0	0.005
0.95	0	0.005
0.949	0	0.005
0.948	0	0.005
0.947	0	0.005
0.946	0	0.005
0.945	0	0.005
0.944	0	0.005
0.943	0	0.005
0.942	0	0.005
0.941	0	0.005
0.94	0	0.005
0.939	0	0.005
0.938	0	0.005
0.937	0	0.005
0.936	0	0.01
0.935	0	0.01
0.934	0	0.01
0.933	0	0.01
0.932	0	0.01
0.931	0	0.0125
0.93	0	0.0125
0.929	0	0.0125
0.928	0	0.0125
0.927	0	0.0125
0.926	0	0.0125
0.925	0	0.0125
0.924	0	0.0125
0.923	0	0.0125
0.922	0	0.0125
0.921	0	0.0125
0.92	0	0.0125
0.919	0	0.0125
0.918	0	0.0125
0.917	0	0.0125
0.916	0	0.0125
0.915	0	0.0125
0.914	0	0.0125
0.913	0	0.0125
0.912	0	0.0125
0.911	0	0.0125
0.91	0	0.015
0.909	0	0.0175
0.908	0	0.0175
0.907	0	0.0175
0.906	0	0.0175
0.905	0	0.0175
0.904	0	0.0175
0.903	0	0.0175
0.902	0	0.0175
0.901	0	0.0175
0.9	0	0.0175
0.899	0	0.0175
0.898	0	0.0175
0.897	0	0.0175
0.896	0	0.0175
0.895	0	0.0175
0.894	0	0.0175
0.893	0	0.0175
0.892	0	0.0175
0.891	0	0.0175
0.89	0	0.0175
0.889	2.525252525e-05	0.02
0.888	2.525252525e-05	0.02
0.887	2.525252525e-05	0.02
0.886	5.050505051e-05	0.02
0.885	7.575757576e-05	0.02
0.884	7.575757576e-05	0.02
0.883	0.000101010101	0.02
0.882	0.000101010101	0.0225
0.881	0.0001262626263	0.0225
0.88	0.0001515151515	0.0225
0.879	0.0001767676768	0.025
0.878	0.0001767676768	0.025
0.877	0.0001767676768	0.025
0.876	0.0001767676768	0.0275
0.875	0.0001767676768	0.0275
0.874	0.000202020202	0.03
0.873	0.0002525252525	0.03
0.872	0.0002777777778	0.03
0.871	0.0002777777778	0.03
0.87	0.000303030303	0.03
0.869	0.0003535353535	0.03
0.868	0.0003787878788	0.03
0.867	0.0004292929293	0.035
0.866	0.0004292929293	0.035
0.865	0.0004797979798	0.035
0.864	0.0005050505051	0.0375
0.863	0.0005303030303	0.0375
0.862	0.0005555555556	0.04
0.861	0.0006313131313	0.0425
0.86	0.0006818181818	0.0425
0.859	0.0007070707071	0.0425
0.858	0.0008333333333	0.045
0.857	0.0008585858586	0.045
0.856	0.0009090909091	0.045
0.855	0.0009343434343	0.045
0.854	0.0009848484848	0.045
0.853	0.001035353535	0.0475
0.852	0.001111111111	0.0475
0.851	0.001161616162	0.0475
0.85	0.001287878788	0.0475
0.849	0.001414141414	0.0475
0.848	0.00154040404	0.0475
0.847	0.001691919192	0.0475
0.846	0.001792929293	0.05
0.845	0.001868686869	0.0525
0.844	0.001919191919	0.0525
0.843	0.00196969697	0.0525
0.842	0.00202020202	0.0525
0.841	0.002095959596	0.0525
0.84	0.002196969697	0.0525
0.839	0.002297979798	0.0525
0.838	0.002398989899	0.0525
0.837	0.0025	0.055
0.836	0.002676767677	0.055
0.835	0.002853535354	0.0575
0.834	0.002929292929	0.0575
0.833	0.003005050505	0.0575
0.832	0.003156565657	0.0575
0.831	0.003409090909	0.0575
0.83	0.003611111111	0.0575
0.829	0.003787878788	0.0575
0.828	0.004065656566	0.06
0.827	0.004318181818	0.0625
0.826	0.004444444444	0.065
0.825	0.004696969697	0.065
0.824	0.004873737374	0.0675
0.823	0.005025252525	0.07
0.822	0.005252525253	0.07
0.821	0.00553030303	0.0725
0.82	0.005858585859	0.0725
0.819	0.006085858586	0.0725
0.818	0.006313131313	0.0725
0.817	0.00648989899	0.0725
0.816	0.006666666667	0.075
0.815	0.006944444444	0.075
0.814	0.007196969697	0.075
0.813	0.007348484848	0.08
0.812	0.007929292929	0.0825
0.811	0.008106060606	0.0825
0.81	0.008409090909	0.0825
0.809	0.008838383838	0.0825
0.808	0.009065656566	0.0825
0.807	0.009444444444	0.0825
0.806	0.01	0.0875
0.805	0.01037878788	0.0875
0.804	0.01068181818	0.0875
0.803	0.01121212121	0.0875
0.802	0.01164141414	0.09
0.801	0.0120959596	0.0925
0.8	0.01247474747	0.095
0.799	0.01292929293	0.0975
0.798	0.01353535354	0.1
0.797	0.01381313131	0.1025
0.796	0.01421717172	0.1075
0.795	0.01464646465	0.1075
0.794	0.01507575758	0.1075
0.793	0.01570707071	0.1075
0.792	0.01646464646	0.11
0.791	0.01689393939	0.1125
0.79	0.01752525253	0.115
0.789	0.01828282828	0.115
0.788	0.01893939394	0.1175
0.787	0.01954545455	0.12
0.786	0.02053030303	0.125
0.785	0.02116161616	0.1275
0.784	0.02174242424	0.1275
0.783	0.02232323232	0.13
0.782	0.02300505051	0.1325
0.781	0.02378787879	0.1325
0.78	0.02467171717	0.1325
0.779	0.02527777778	0.1325
0.778	0.02590909091	0.1375
0.777	0.02656565657	0.1375
0.776	0.02724747475	0.1475
0.775	0.02828282828	0.15
0.774	0.02931818182	0.15
0.773	0.03017676768	0.15
0.772	0.03111111111	0.15
0.771	0.03207070707	0.15
0.77	0.03313131313	0.1525
0.769	0.03396464646	0.1575
0.768	0.0347979798	0.1625
0.767	0.03598484848	0.1625
0.766	0.03684343434	0.1625
0.765	0.03805555556	0.1675
0.764	0.03888888889	0.1675
0.763	0.04005050505	0.1675
0.762	0.04095959596	0.17
0.761	0.04212121212	0.175
0.76	0.04315656566	0.175
0.759	0.04449494949	0.175
0.758	0.04550505051	0.1825
0.757	0.04676767677	0.185
0.756	0.04813131313	0.185
0.755	0.04936868687	0.185
0.754	0.05060606061	0.185
0.753	0.05199494949	0.19
0.752	0.05310606061	0.195
0.751	0.05411616162	0.1975
0.75	0.05545454545	0.2
0.749	0.05686868687	0.2
0.748	0.05825757576	0.2
0.747	0.0596969697	0.2
0.746	0.06103535354	0.2025
0.745	0.06222222222	0.2025
0.744	0.06401515152	0.21
0.743	0.06588383838	0.21
0.742	0.06722222222	0.2125
0.741	0.06868686869	0.2125
0.74	0.07022727273	0.215
0.739	0.07181818182	0.2175
0.738	0.07356060606	0.2275
0.737	0.07492424242	0.2275
0.736	0.07666666667	0.2325
0.735	0.07856060606	0.235
0.734	0.08035353535	0.2375
0.733	0.08224747475	0.24
0.732	0.08383838384	0.24
0.731	0.08580808081	0.24
0.73	0.08775252525	0.2425
0.729	0.08936868687	0.2425
0.728	0.09146464646	0.2475
0.727	0.09333333333	0.2525
0.726	0.09558080808	0.2575
0.725	0.0972979798	0.26
0.724	0.09936868687	0.26
0.723	0.1011111111	0.2625
0.722	0.1033585859	0.265
0.721	0.1051262626	0.27
0.72	0.1069191919	0.27
0.719	0.1087121212	0.2725
0.718	0.1112121212	0.275
0.717	0.1134848485	0.2775
0.716	0.1156565657	0.28
0.715	0.1177020202	0.28
0.714	0.1201767677	0.285
0.713	0.1227272727	0.285
0.712	0.1251767677	0.285
0.711	0.1272979798	0.29
0.71	0.1296969697	0.2925
0.709	0.1322222222	0.295
0.708	0.1347474747	0.3
0.707	0.1375505051	0.3
0.706	0.1401767677	0.3025
0.705	0.1427020202	0.3075
0.704	0.1452272727	0.31
0.703	0.1475252525	0.32
0.702	0.15	0.3225
0.701	0.1527272727	0.3275
0.7	0.1552777778	0.3275
0.699	0.157979798	0.33
0.698	0.1603787879	0.3325
0.697	0.1634848485	0.335
0.696	0.1663383838	0.34
0.695	0.1690909091	0.3425
0.694	0.1717424242	0.3425
0.693	0.1746212121	0.3475
0.692	0.1773989899	0.35
0.691	0.1801262626	0.3575
0.69	0.182979798	0.36
0.689	0.1859090909	0.3625
0.688	0.1888636364	0.3625
0.687	0.1918181818	0.365
0.686	0.1947727273	0.365
0.685	0.1976767677	0.3675
0.684	0.2002525253	0.3725
0.683	0.2034848485	0.3725
0.682	0.206969697	0.375
0.681	0.2096212121	0.375
0.68	0.2130555556	0.3775
0.679	0.2164646465	0.3775
0.678	0.2198484848	0.3825
0.677	0.2227777778	0.3925
0.676	0.2258333333	0.395
0.675	0.2287373737	0.4
0.674	0.232020202	0.4
0.673	0.2357070707	0.41
0.672	0.2395454545	0.4225
0.671	0.243030303	0.4275
0.67	0.2462626263	0.4275
0.669	0.2501010101	0.4325
0.668	0.2535606061	0.435
0.667	0.2566161616	0.4375
0.666	0.2606313131	0.4425
0.665	0.264520202	0.4475
0.664	0.2680808081	0.4525
0.663	0.2718434343	0.46
0.662	0.275530303	0.465
0.661	0.2797727273	0.475
0.66	0.2836616162	0.475
0.659	0.2871969697	0.475
0.658	0.2905808081	0.4825
0.657	0.2937626263	0.4875
0.656	0.2980050505	0.49
0.655	0.3020707071	0.49
0.654	0.3053787879	0.4975
0.653	0.3091666667	0.5
0.652	0.313459596	0.5
0.651	0.3174747475	0.5
0.65	0.3214393939	0.505
0.649	0.3249242424	0.505
0.648	0.3278282828	0.5075
0.647	0.3322474747	0.515
0.646	0.3367929293	0.5225
0.645	0.3409090909	0.525
0.644	0.345	0.53
0.643	0.3491666667	0.5375
0.642	0.3539393939	0.54
0.641	0.3579040404	0.54
0.64	0.3616414141	0.5575
0.639	0.3655555556	0.56
0.638	0.3697979798	0.565
0.637	0.373989899	0.57
0.636	0.3780808081	0.5725
0.635	0.3816414141	0.5775
0.634	0.3859848485	0.5775
0.633	0.3901262626	0.5775
0.632	0.3947222222	0.5875
0.631	0.3986363636	0.595
0.63	0.4035606061	0.6
0.629	0.4078787879	0.605
0.628	0.4116666667	0.61
0.627	0.4158585859	0.6125
0.626	0.4200505051	0.62
0.625	0.4239393939	0.625
0.624	0.4281060606	0.6275
0.623	0.4323484848	0.635
0.622	0.4362121212	0.64
0.621	0.4400252525	0.645
0.62	0.4440909091	0.645
0.619	0.4486111111	0.645
0.618	0.4528282828	0.65
0.617	0.4573232323	0.65
0.616	0.4616414141	0.6575
0.615	0.465959596	0.6625
0.614	0.4704545455	0.6625
0.613	0.4748484848	0.665
0.612	0.4792171717	0.665
0.611	0.4837626263	0.6775
0.61	0.488030303	0.68
0.609	0.4926010101	0.68
0.608	0.4966919192	0.6825
0.607	0.5013131313	0.685
0.606	0.5054040404	0.69
0.605	0.5089141414	0.6975
0.604	0.5125252525	0.6975
0.603	0.5163636364	0.705
0.602	0.5208080808	0.7075
0.601	0.5249494949	0.71
0.6	0.5296464646	0.71
0.599	0.5341414141	0.71
0.598	0.5385606061	0.7125
0.597	0.5433585859	0.7125
0.596	0.5476262626	0.715
0.595	0.5517929293	0.7175
0.594	0.5552020202	0.7175
0.593	0.5597222222	0.7175
0.592	0.5640656566	0.725
0.591	0.5674494949	0.7275
0.59	0.5712878788	0.735
0.589	0.5754040404	0.7375
0.588	0.5795707071	0.7425
0.587	0.5837121212	0.745
0.586	0.5876767677	0.7475
0.585	0.5921969697	0.7525
0.584	0.5958333333	0.7525
0.583	0.5997222222	0.76
0.582	0.6044191919	0.7675
0.581	0.6092676768	0.7725
0.58	0.6137878788	0.7725
0.579	0.6175757576	0.7725
0.578	0.6213888889	0.775
0.577	0.6258585859	0.7775
0.576	0.6293686869	0.785
0.575	0.6329040404	0.7875
0.574	0.6368686869	0.79
0.573	0.6405050505	0.795
0.572	0.6445959596	0.8025
0.571	0.6483838384	0.8025
0.57	0.6522979798	0.8025
0.569	0.6565656566	0.8075
0.568	0.6608838384	0.8075
0.567	0.6643181818	0.8075
0.566	0.6684343434	0.8075
0.565	0.6722222222	0.81
0.564	0.6757070707	0.8125
0.563	0.6793434343	0.815
0.562	0.6828030303	0.815
0.561	0.6864393939	0.8175
0.56	0.6898232323	0.82
0.559	0.6936868687	0.825
0.558	0.6977777778	0.8275
0.557	0.7008838384	0.8325
0.556	0.7042676768	0.8325
0.555	0.7076262626	0.8325
0.554	0.710959596	0.8325
0.553	0.7152777778	0.8325
0.552	0.7195707071	0.835
0.551	0.723030303	0.8425
0.55	0.7263131313	0.8475
0.549	0.7297222222	0.85
0.548	0.7337373737	0.8525
0.547	0.7374242424	0.855
0.546	0.7408080808	0.865
0.545	0.7441666667	0.8675
0.544	0.7468181818	0.87
0.543	0.7495707071	0.87
0.542	0.7527777778	0.875
0.541	0.756010101	0.875
0.54	0.76	0.875
0.539	0.7630808081	0.88
0.538	0.7662121212	0.88
0.537	0.7695454545	0.8825
0.536	0.7730050505	0.885
0.535	0.7766666667	0.8875
0.534	0.7799494949	0.89
0.533	0.7829292929	0.8925
0.532	0.7858585859	0.8925
0.531	0.7888131313	0.895
0.53	0.7925505051	0.8975
0.529	0.7957323232	0.9025
0.528	0.7991666667	0.905
0.527	0.8026515152	0.905
0.526	0.805479798	0.905
0.525	0.8090151515	0.9075
0.524	0.8119949495	0.9075
0.523	0.8151262626	0.9075
0.522	0.818459596	0.9075
0.521	0.8212373737	0.9075
0.52	0.825	0.9075
0.519	0.8278282828	0.91
0.518	0.8309090909	0.9125
0.517	0.8338383838	0.9125
0.516	0.8365909091	0.9125
0.515	0.8397727273	0.9125
0.514	0.8422727273	0.9125
0.513	0.8446212121	0.9125
0.512	0.8473737374	0.9125
0.511	0.8504292929	0.915
0.51	0.8529545455	0.9175
0.509	0.8554292929	0.9175
0.508	0.8577777778	0.92
0.507	0.8603282828	0.9225
0.506	0.8633333333	0.9225
0.505	0.8653787879	0.93
0.504	0.868030303	0.93
0.503	0.8706565657	0.93
0.502	0.8732070707	0.9325
0.501	0.8755808081	0.9325
0.5	0.877979798	0.9325
0.499	0.8802777778	0.9325
0.498	0.8827525253	0.9325
0.497	0.8852525253	0.935
0.496	0.8880050505	0.935
0.495	0.8900505051	0.935
0.494	0.8927272727	0.94
0.493	0.8949242424	0.9425
0.492	0.896969697	0.9425
0.491	0.8991414141	0.9425
0.49	0.9011363636	0.9425
0.489	0.9033585859	0.9425
0.488	0.9053282828	0.9425
0.487	0.9073484848	0.945
0.486	0.9090909091	0.945
0.485	0.9107828283	0.945
0.484	0.9123232323	0.95
0.483	0.9140909091	0.95
0.482	0.9157323232	0.95
0.481	0.9175252525	0.9525
0.48	0.9192929293	0.955
0.479	0.9207828283	0.955
0.478	0.9222474747	0.955
0.477	0.9238383838	0.955
0.476	0.9254040404	0.955
0.475	0.9266161616	0.955
0.474	0.9284343434	0.9575
0.473	0.9298232323	0.9575
0.472	0.9314141414	0.9575
0.471	0.9328787879	0.96
0.47	0.9343181818	0.96
0.469	0.9355050505	0.9625
0.468	0.9366919192	0.965
0.467	0.9378282828	0.965
0.466	0.9392676768	0.965
0.465	0.9408838384	0.965
0.464	0.9423484848	0.965
0.463	0.9433333333	0.965
0.462	0.9444444444	0.965
0.461	0.9458080808	0.965
0.46	0.9470959596	0.965
0.459	0.948030303	0.965
0.458	0.9493181818	0.9675
0.457	0.950530303	0.9675
0.456	0.9513636364	0.9675
0.455	0.9526767677	0.9675
0.454	0.9539141414	0.97
0.453	0.9551262626	0.97
0.452	0.9557828283	0.97
0.451	0.9567676768	0.97
0.45	0.9578282828	0.97
0.449	0.9586111111	0.97
0.448	0.9597727273	0.97
0.447	0.9605050505	0.97
0.446	0.961540404	0.9725
0.445	0.9623737374	0.9725
0.444	0.9633585859	0.9725
0.443	0.9642171717	0.9725
0.442	0.9650757576	0.9725
0.441	0.9658080808	0.9725
0.44	0.9666414141	0.9725
0.439	0.9674747475	0.9725
0.438	0.9679545455	0.9725
0.437	0.9687626263	0.9725
0.436	0.969520202	0.9725
0.435	0.9700505051	0.9725
0.434	0.9708333333	0.975
0.433	0.971489899	0.975
0.432	0.9721717172	0.9775
0.431	0.9727777778	0.9775
0.43	0.9733333333	0.9775
0.429	0.9738383838	0.9775
0.428	0.9743939394	0.98
0.427	0.9750757576	0.98
0.426	0.9758080808	0.98
0.425	0.9763131313	0.98
0.424	0.9769949495	0.98
0.423	0.9775252525	0.98
0.422	0.9780555556	0.98
0.421	0.9785353535	0.98
0.42	0.9789646465	0.98
0.419	0.9794949495	0.98
0.418	0.9800252525	0.98
0.417	0.9806060606	0.98
0.416	0.980959596	0.98
0.415	0.9813131313	0.98
0.414	0.9817676768	0.98
0.413	0.9823232323	0.98
0.412	0.9826767677	0.9825
0.411	0.9831565657	0.9825
0.41	0.983510101	0.9825
0.409	0.9839393939	0.9825
0.408	0.9841414141	0.9825
0.407	0.9846464646	0.9825
0.406	0.985	0.9825
0.405	0.9852777778	0.9825
0.404	0.9856565657	0.9825
0.403	0.9862121212	0.9825
0.402	0.9864393939	0.9825
0.401	0.9868686869	0.9825
0.4	0.9872727273	0.9825
0.399	0.9875757576	0.985
0.398	0.987979798	0.985
0.397	0.9883080808	0.985
0.396	0.9886616162	0.985
0.395	0.9889646465	0.985
0.394	0.9892929293	0.985
0.393	0.9896464646	0.985
0.392	0.9898989899	0.985
0.391	0.9901515152	0.985
0.39	0.9904545455	0.985
0.389	0.9906565657	0.9875
0.388	0.9907828283	0.9875
0.387	0.9909848485	0.9875
0.386	0.9912121212	0.9875
0.385	0.9914141414	0.99
0.384	0.9915909091	0.99
0.383	0.9916414141	0.99
0.382	0.9918434343	0.99
0.381	0.9920454545	0.99
0.38	0.9922474747	0.99
0.379	0.9923989899	0.99
0.378	0.9925757576	0.99
0.377	0.9928030303	0.99
0.376	0.9930555556	0.99
0.375	0.9931818182	0.99
0.374	0.9933585859	0.99
0.373	0.9936868687	0.9925
0.372	0.9938636364	0.9925
0.371	0.994040404	0.9925
0.37	0.9941666667	0.995
0.369	0.9942676768	0.995
0.368	0.994520202	0.995
0.367	0.9947727273	0.9975
0.366	0.9948484848	0.9975
0.365	0.9950505051	0.9975
0.364	0.9952272727	0.9975
0.363	0.9954292929	0.9975
0.362	0.9955808081	0.9975
0.361	0.9956565657	0.9975
0.36	0.9957828283	0.9975
0.359	0.995959596	0.9975
0.358	0.9960858586	0.9975
0.357	0.9962373737	0.9975
0.356	0.9963888889	0.9975
0.355	0.996540404	0.9975
0.354	0.9966666667	0.9975
0.353	0.9967171717	0.9975
0.352	0.9967929293	0.9975
0.351	0.996969697	0.9975
0.35	0.9971464646	0.9975
0.349	0.9972474747	0.9975
0.348	0.9973484848	0.9975
0.347	0.9975	0.9975
0.346	0.9975757576	0.9975
0.345	0.9976767677	0.9975
0.344	0.9976767677	0.9975
0.343	0.9976767677	0.9975
0.342	0.9978030303	0.9975
0.341	0.9978787879	0.9975
0.34	0.9979545455	0.9975
0.339	0.9980555556	0.9975
0.338	0.9980555556	0.9975
0.337	0.9981818182	0.9975
0.336	0.9983080808	0.9975
0.335	0.998459596	0.9975
0.334	0.9986363636	0.9975
0.333	0.9986868687	0.9975
0.332	0.9987373737	0.9975
0.331	0.9988383838	0.9975
0.33	0.9989646465	1
0.329	0.9989646465	1
0.328	0.998989899	1
0.327	0.9990656566	1
0.326	0.9990656566	1
0.325	0.9990909091	1
0.324	0.9991161616	1
0.323	0.9992424242	1
0.322	0.9992424242	1
0.321	0.9993181818	1
0.32	0.9993939394	1
0.319	0.9994191919	1
0.318	0.9994444444	1
0.317	0.9994949495	1
0.316	0.999520202	1
0.315	0.9995454545	1
0.314	0.9995454545	1
0.313	0.9995454545	1
0.312	0.9995454545	1
0.311	0.9995707071	1
0.31	0.9995707071	1
0.309	0.9996464646	1
0.308	0.9996969697	1
0.307	0.9996969697	1
0.306	0.9997222222	1
0.305	0.9997474747	1
0.304	0.9997727273	1
0.303	0.9997727273	1
0.302	0.9997979798	1
0.301	0.9997979798	1
0.3	0.9998232323	1
0.299	0.9998484848	1
0.298	0.9998484848	1
0.297	0.9998484848	1
0.296	0.9998484848	1
0.295	0.9998737374	1
0.294	0.9998737374	1
0.293	0.9998737374	1
0.292	0.9998737374	1
0.291	0.9998737374	1
0.29	0.9998989899	1
0.289	0.9999242424	1
0.288	0.9999242424	1
0.287	0.9999242424	1
0.286	0.9999242424	1
0.285	0.9999242424	1
0.284	0.9999494949	1
0.283	0.9999494949	1
0.282	0.9999494949	1
0.281	0.9999494949	1
0.28	0.9999494949	1
0.279	0.9999494949	1
0.278	0.9999494949	1
0.277	0.9999494949	1
0.276	0.9999494949	1
0.275	0.9999494949	1
0.274	0.9999494949	1
0.273	0.9999494949	1
0.272	0.9999494949	1
0.271	0.9999494949	1
0.27	0.9999494949	1
0.269	0.9999494949	1
0.268	0.9999747475	1
0.267	0.9999747475	1
0.266	0.9999747475	1
0.265	0.9999747475	1
0.264	0.9999747475	1
0.263	0.9999747475	1
0.262	0.9999747475	1
0.261	0.9999747475	1
0.26	0.9999747475	1
0.259	0.9999747475	1
0.258	0.9999747475	1
0.257	0.9999747475	1
0.256	0.9999747475	1
0.255	0.9999747475	1
0.254	0.9999747475	1
0.253	0.9999747475	1
0.252	1	1
0.251	1	1
0.25	1	1
0.249	1	1
0.248	1	1
0.247	1	1
0.246	1	1
0.245	1	1
0.244	1	1
0.243	1	1
0.242	1	1
0.241	1	1
0.24	1	1
0.239	1	1
0.238	1	1
0.237	1	1
0.236	1	1
0.235	1	1
0.234	1	1
0.233	1	1
0.232	1	1
0.231	1	1
0.23	1	1
0.229	1	1
0.228	1	1
0.227	1	1
0.226	1	1
0.225	1	1
0.224	1	1
0.223	1	1
0.222	1	1
0.221	1	1
0.22	1	1
0.219	1	1
0.218	1	1
0.217	1	1
0.216	1	1
0.215	1	1
0.214	1	1
0.213	1	1
0.212	1	1
0.211	1	1
0.21	1	1
0.209	1	1
0.208	1	1
0.207	1	1
0.206	1	1
0.205	1	1
0.204	1	1
0.203	1	1
0.202	1	1
0.201	1	1
0.2	1	1
0.199	1	1
0.198	1	1
0.197	1	1
0.196	1	1
0.195	1	1
0.194	1	1
0.193	1	1
0.192	1	1
0.191	1	1
0.19	1	1
0.189	1	1
0.188	1	1
0.187	1	1
0.186	1	1
0.185	1	1
0.184	1	1
0.183	1	1
0.182	1	1
0.181	1	1
0.18	1	1
0.179	1	1
0.178	1	1
0.177	1	1
0.176	1	1
0.175	1	1
0.174	1	1
0.173	1	1
0.172	1	1
0.171	1	1
0.17	1	1
0.169	1	1
0.168	1	1
0.167	1	1
0.166	1	1
0.165	1	1
0.164	1	1
0.163	1	1
0.162	1	1
0.161	1	1
0.16	1	1
0.159	1	1
0.158	1	1
0.157	1	1
0.156	1	1
0.155	1	1
0.154	1	1
0.153	1	1
0.152	1	1
0.151	1	1
0.15	1	1
0.149	1	1
0.148	1	1
0.147	1	1
0.146	1	1
0.145	1	1
0.144	1	1
0.143	1	1
0.142	1	1
0.141	1	1
0.14	1	1
0.139	1	1
0.138	1	1
0.137	1	1
0.136	1	1
0.135	1	1
0.134	1	1
0.133	1	1
0.132	1	1
0.131	1	1
0.13	1	1
0.129	1	1
0.128	1	1
0.127	1	1
0.126	1	1
0.125	1	1
0.124	1	1
0.123	1	1
0.122	1	1
0.121	1	1
0.12	1	1
0.119	1	1
0.118	1	1
0.117	1	1
0.116	1	1
0.115	1	1
0.114	1	1
0.113	1	1
0.112	1	1
0.111	1	1
0.11	1	1
0.109	1	1
0.108	1	1
0.107	1	1
0.106	1	1
0.105	1	1
0.104	1	1
0.103	1	1
0.102	1	1
0.101	1	1
0.1	1	1
0.099	1	1
0.098	1	1
0.097	1	1
0.096	1	1
0.095	1	1
0.094	1	1
0.093	1	1
0.092	1	1
0.091	1	1
0.09	1	1
0.089	1	1
0.088	1	1
0.087	1	1
0.086	1	1
0.085	1	1
0.084	1	1
0.083	1	1
0.082	1	1
0.081	1	1
0.08	1	1
0.079	1	1
0.078	1	1
0.077	1	1
0.076	1	1
0.075	1	1
0.074	1	1
0.073	1	1
0.072	1	1
0.071	1	1
0.07	1	1
0.069	1	1
0.068	1	1
0.067	1	1
0.066	1	1
0.065	1	1
0.064	1	1
0.063	1	1
0.062	1	1
0.061	1	1
0.06	1	1
0.059	1	1
0.058	1	1
0.057	1	1
0.056	1	1
0.055	1	1
0.054	1	1
0.053	1	1
0.052	1	1
0.051	1	1
0.05	1	1
0.049	1	1
0.048	1	1
0.047	1	1
0.046	1	1
0.045	1	1
0.044	1	1
0.043	1	1
0.042	1	1
0.041	1	1
0.04	1	1
0.039	1	1
0.038	1	1
0.037	1	1
0.036	1	1
0.035	1	1
0.034	1	1
0.033	1	1
0.032	1	1
0.031	1	1
0.03	1	1
0.029	1	1
0.028	1	1
0.027	1	1
0.026	1	1
0.025	1	1
0.024	1	1
0.023	1	1
0.022	1	1
0.021	1	1
0.02	1	1
0.019	1	1
0.018	1	1
0.017	1	1
0.016	1	1
0.015	1	1
0.014	1	1
0.013	1	1
0.012	1	1
0.011	1	1
0.01	1	1
0.009	1	1
0.008	1	1
0.007	1	1
0.006	1	1
0.005	1	1
0.004	1	1
0.003	1	1
0.002	1	1
0.001	1	1
0	1	1
-0.001	1	1
-0.002	1	1
-0.003	1	1
-0.004	1	1
-0.005	1	1
-0.006	1	1
-0.007	1	1
-0.008	1	1
-0.009	1	1
-0.01	1	1
-0.011	1	1
-0.012	1	1
-0.013	1	1
-0.014	1	1
-0.015	1	1
-0.016	1	1
-0.017	1	1
-0.018	1	1
-0.019	1	1
-0.02	1	1
-0.021	1	1
-0.022	1	1
-0.023	1	1
-0.024	1	1
-0.025	1	1
-0.026	1	1
-0.027	1	1
-0.028	1	1
-0.029	1	1
-0.03	1	1
-0.031	1	1
-0.032	1	1
-0.033	1	1
-0.034	1	1
-0.035	1	1
-0.036	1	1
-0.037	1	1
-0.038	1	1
-0.039	1	1
-0.04	1	1
-0.041	1	1
-0.042	1	1
-0.043	1	1
-0.044	1	1
-0.045	1	1
-0.046	1	1
-0.047	1	1
-0.048	1	1
-0.049	1	1
-0.05	1	1
-0.051	1	1
-0.052	1	1
-0.053	1	1
-0.054	1	1
-0.055	1	1
-0.056	1	1
-0.057	1	1
-0.058	1	1
-0.059	1	1
-0.06	1	1
-0.061	1	1
-0.062	1	1
-0.063	1	1
-0.064	1	1
-0.065	1	1
-0.066	1	1
-0.067	1	1
-0.068	1	1
-0.069	1	1
-0.07	1	1
-0.071	1	1
-0.072	1	1
-0.073	1	1
-0.074	1	1
-0.075	1	1
-0.076	1	1
-0.077	1	1
-0.078	1	1
-0.079	1	1
-0.08	1	1
-0.081	1	1
-0.082	1	1
-0.083	1	1
-0.084	1	1
-0.085	1	1
-0.086	1	1
-0.087	1	1
-0.088	1	1
-0.089	1	1
-0.09	1	1
-0.091	1	1
-0.092	1	1
-0.093	1	1
-0.094	1	1
-0.095	1	1
-0.096	1	1
-0.097	1	1
-0.098	1	1
-0.099	1	1
-0.1	1	1
-0.101	1	1
-0.102	1	1
-0.103	1	1
-0.104	1	1
-0.105	1	1
-0.106	1	1
-0.107	1	1
-0.108	1	1
-0.109	1	1
-0.11	1	1
-0.111	1	1
-0.112	1	1
-0.113	1	1
-0.114	1	1
-0.115	1	1
-0.116	1	1
-0.117	1	1
-0.118	1	1
-0.119	1	1
-0.12	1	1
-0.121	1	1
-0.122	1	1
-0.123	1	1
-0.124	1	1
-0.125	1	1
-0.126	1	1
-0.127	1	1
-0.128	1	1
-0.129	1	1
-0.13	1	1
-0.131	1	1
-0.132	1	1
-0.133	1	1
-0.134	1	1
-0.135	1	1
-0.136	1	1
-0.137	1	1
-0.138	1	1
-0.139	1	1
-0.14	1	1
-0.141	1	1
-0.142	1	1
-0.143	1	1
-0.144	1	1
-0.145	1	1
-0.146	1	1
-0.147	1	1
-0.148	1	1
-0.149	1	1
-0.15	1	1
-0.151	1	1
-0.152	1	1
-0.153	1	1
-0.154	1	1
-0.155	1	1
-0.156	1	1
-0.157	1	1
-0.158	1	1
-0.159	1	1
-0.16	1	1
-0.161	1	1
-0.162	1	1
-0.163	1	1
-0.164	1	1
-0.165	1	1
-0.166	1	1
-0.167	1	1
-0.168	1	1
-0.169	1	1
-0.17	1	1
-0.171	1	1
-0.172	1	1
-0.173	1	1
-0.174	1	1
-0.175	1	1
-0.176	1	1
-0.177	1	1
-0.178	1	1
-0.179	1	1
-0.18	1	1
-0.181	1	1
-0.182	1	1
-0.183	1	1
-0.184	1	1
-0.185	1	1
-0.186	1	1
-0.187	1	1
-0.188	1	1
-0.189	1	1
-0.19	1	1
-0.191	1	1
-0.192	1	1
-0.193	1	1
-0.194	1	1
-0.195	1	1
-0.196	1	1
-0.197	1	1
-0.198	1	1
-0.199	1	1
-0.2	1	1
-0.201	1	1
-0.202	1	1
-0.203	1	1
-0.204	1	1
-0.205	1	1
-0.206	1	1
-0.207	1	1
-0.208	1	1
-0.209	1	1
-0.21	1	1
-0.211	1	1
-0.212	1	1
-0.213	1	1
-0.214	1	1
-0.215	1	1
-0.216	1	1
-0.217	1	1
-0.218	1	1
-0.219	1	1
-0.22	1	1
-0.221	1	1
-0.222	1	1
-0.223	1	1
-0.224	1	1
-0.225	1	1
-0.226	1	1
-0.227	1	1
-0.228	1	1
-0.229	1	1
-0.23	1	1
-0.231	1	1
-0.232	1	1
-0.233	1	1
-0.234	1	1
-0.235	1	1
-0.236	1	1
-0.237	1	1
-0.238	1	1
-0.239	1	1
-0.24	1	1
-0.241	1	1
-0.242	1	1
-0.243	1	1
-0.244	1	1
-0.245	1	1
-0.246	1	1
-0.247	1	1
-0.248	1	1
-0.249	1	1
-0.25	1	1
-0.251	1	1
-0.252	1	1
-0.253	1	1
-0.254	1	1
-0.255	1	1
-0.256	1	1
-0.257	1	1
-0.258	1	1
-0.259	1	1
-0.26	1	1
-0.261	1	1
-0.262	1	1
-0.263	1	1
-0.264	1	1
-0.265	1	1
-0.266	1	1
-0.267	1	1
-0.268	1	1
-0.269	1	1
-0.27	1	1
-0.271	1	1
-0.272	1	1
-0.273	1	1
-0.274	1	1
-0.275	1	1
-0.276	1	1
-0.277	1	1
-0.278	1	1
-0.279	1	1
-0.28	1	1
-0.281	1	1
-0.282	1	1
-0.283	1	1
-0.284	1	1
-0.285	1	1
-0.286	1	1
-0.287	1	1
-0.288	1	1
-0.289	1	1
-0.29	1	1
-0.291	1	1
-0.292	1	1
-0.293	1	1
-0.294	1	1
-0.295	1	1
-0.296	1	1
-0.297	1	1
-0.298	1	1
-0.299	1	1
-0.3	1	1
-0.301	1	1
-0.302	1	1
-0.303	1	1
-0.304	1	1
-0.305	1	1
-0.306	1	1
-0.307	1	1
-0.308	1	1
-0.309	1	1
-0.31	1	1
-0.311	1	1
-0.312	1	1
-0.313	1	1
-0.314	1	1
-0.315	1	1
-0.316	1	1
-0.317	1	1
-0.318	1	1
-0.319	1	1
-0.32	1	1
-0.321	1	1
-0.322	1	1
-0.323	1	1
-0.324	1	1
-0.325	1	1
-0.326	1	1
-0.327	1	1
-0.328	1	1
-0.329	1	1
-0.33	1	1
-0.331	1	1
-0.332	1	1
-0.333	1	1
-0.334	1	1
-0.335	1	1
-0.336	1	1
-0.337	1	1
-0.338	1	1
-0.339	1	1
-0.34	1	1
-0.341	1	1
-0.342	1	1
-0.343	1	1
-0.344	1	1
-0.345	1	1
-0.346	1	1
-0.347	1	1
-0.348	1	1
-0.349	1	1
-0.35	1	1
-0.351	1	1
-0.352	1	1
-0.353	1	1
-0.354	1	1
-0.355	1	1
-0.356	1	1
-0.357	1	1
-0.358	1	1
-0.359	1	1
-0.36	1	1
-0.361	1	1
-0.362	1	1
-0.363	1	1
-0.364	1	1
-0.365	1	1
-0.366	1	1
-0.367	1	1
-0.368	1	1
-0.369	1	1
-0.37	1	1
-0.371	1	1
-0.372	1	1
-0.373	1	1
-0.374	1	1
-0.375	1	1
-0.376	1	1
-0.377	1	1
-0.378	1	1
-0.379	1	1
-0.38	1	1
-0.381	1	1
-0.382	1	1
-0.383	1	1
-0.384	1	1
-0.385	1	1
-0.386	1	1
-0.387	1	1
-0.388	1	1
-0.389	1	1
-0.39	1	1
-0.391	1	1
-0.392	1	1
-0.393	1	1
-0.394	1	1
-0.395	1	1
-0.396	1	1
-0.397	1	1
-0.398	1	1
-0.399	1	1
-0.4	1	1
-0.401	1	1
-0.402	1	1
-0.403	1	1
-0.404	1	1
-0.405	1	1
-0.406	1	1
-0.407	1	1
-0.408	1	1
-0.409	1	1
-0.41	1	1
-0.411	1	1
-0.412	1	1
-0.413	1	1
-0.414	1	1
-0.415	1	1
-0.416	1	1
-0.417	1	1
-0.418	1	1
-0.419	1	1
-0.42	1	1
-0.421	1	1
-0.422	1	1
-0.423	1	1
-0.424	1	1
-0.425	1	1
-0.426	1	1
-0.427	1	1
-0.428	1	1
-0.429	1	1
-0.43	1	1
-0.431	1	1
-0.432	1	1
-0.433	1	1
-0.434	1	1
-0.435	1	1
-0.436	1	1
-0.437	1	1
-0.438	1	1
-0.439	1	1
-0.44	1	1
-0.441	1	1
-0.442	1	1
-0.443	1	1
-0.444	1	1
-0.445	1	1
-0.446	1	1
-0.447	1	1
-0.448	1	1
-0.449	1	1
-0.45	1	1
-0.451	1	1
-0.452	1	1
-0.453	1	1
-0.454	1	1
-0.455	1	1
-0.456	1	1
-0.457	1	1
-0.458	1	1
-0.459	1	1
-0.46	1	1
-0.461	1	1
-0.462	1	1
-0.463	1	1
-0.464	1	1
-0.465	1	1
-0.466	1	1
-0.467	1	1
-0.468	1	1
-0.469	1	1
-0.47	1	1
-0.471	1	1
-0.472	1	1
-0.473	1	1
-0.474	1	1
-0.475	1	1
-0.476	1	1
-0.477	1	1
-0.478	1	1
-0.479	1	1
-0.48	1	1
-0.481	1	1
-0.482	1	1
-0.483	1	1
-0.484	1	1
-0.485	1	1
-0.486	1	1
-0.487	1	1
-0.488	1	1
-0.489	1	1
-0.49	1	1
-0.491	1	1
-0.492	1	1
-0.493	1	1
-0.494	1	1
-0.495	1	1
-0.496	1	1
-0.497	1	1
-0.498	1	1
-0.499	1	1
-0.5	1	1
-0.501	1	1
-0.502	1	1
-0.503	1	1
-0.504	1	1
-0.505	1	1
-0.506	1	1
-0.507	1	1
-0.508	1	1
-0.509	1	1
-0.51	1	1
-0.511	1	1
-0.512	1	1
-0.513	1	1
-0.514	1	1
-0.515	1	1
-0.516	1	1
-0.517	1	1
-0.518	1	1
-0.519	1	1
-0.52	1	1
-0.521	1	1
-0.522	1	1
-0.523	1	1
-0.524	1	1
-0.525	1	1
-0.526	1	1
-0.527	1	1
-0.528	1	1
-0.529	1	1
-0.53	1	1
-0.531	1	1
-0.532	1	1
-0.533	1	1
-0.534	1	1
-0.535	1	1
-0.536	1	1
-0.537	1	1
-0.538	1	1
-0.539	1	1
-0.54	1	1
-0.541	1	1
-0.542	1	1
-0.543	1	1
-0.544	1	1
-0.545	1	1
-0.546	1	1
-0.547	1	1
-0.548	1	1
-0.549	1	1
-0.55	1	1
-0.551	1	1
-0.552	1	1
-0.553	1	1
-0.554	1	1
-0.555	1	1
-0.556	1	1
-0.557	1	1
-0.558	1	1
-0.559	1	1
-0.56	1	1
-0.561	1	1
-0.562	1	1
-0.563	1	1
-0.564	1	1
-0.565	1	1
-0.566	1	1
-0.567	1	1
-0.568	1	1
-0.569	1	1
-0.57	1	1
-0.571	1	1
-0.572	1	1
-0.573	1	1
-0.574	1	1
-0.575	1	1
-0.576	1	1
-0.577	1	1
-0.578	1	1
-0.579	1	1
-0.58	1	1
-0.581	1	1
-0.582	1	1
-0.583	1	1
-0.584	1	1
-0.585	1	1
-0.586	1	1
-0.587	1	1
-0.588	1	1
-0.589	1	1
-0.59	1	1
-0.591	1	1
-0.592	1	1
-0.593	1	1
-0.594	1	1
-0.595	1	1
-0.596	1	1
-0.597	1	1
-0.598	1	1
-0.599	1	1
-0.6	1	1
-0.601	1	1
-0.602	1	1
-0.603	1	1
-0.604	1	1
-0.605	1	1
-0.606	1	1
-0.607	1	1
-0.608	1	1
-0.609	1	1
-0.61	1	1
-0.611	1	1
-0.612	1	1
-0.613	1	1
-0.614	1	1
-0.615	1	1
-0.616	1	1
-0.617	1	1
-0.618	1	1
-0.619	1	1
-0.62	1	1
-0.621	1	1
-0.622	1	1
-0.623	1	1
-0.624	1	1
-0.625	1	1
-0.626	1	1
-0.627	1	1
-0.628	1	1
-0.629	1	1
-0.63	1	1
-0.631	1	1
-0.632	1	1
-0.633	1	1
-0.634	1	1
-0.635	1	1
-0.636	1	1
-0.637	1	1
-0.638	1	1
-0.639	1	1
-0.64	1	1
-0.641	1	1
-0.642	1	1
-0.643	1	1
-0.644	1	1
-0.645	1	1
-0.646	1	1
-0.647	1	1
-0.648	1	1
-0.649	1	1
-0.65	1	1
-0.651	1	1
-0.652	1	1
-0.653	1	1
-0.654	1	1
-0.655	1	1
-0.656	1	1
-0.657	1	1
-0.658	1	1
-0.659	1	1
-0.66	1	1
-0.661	1	1
-0.662	1	1
-0.663	1	1
-0.664	1	1
-0.665	1	1
-0.666	1	1
-0.667	1	1
-0.668	1	1
-0.669	1	1
-0.67	1	1
-0.671	1	1
-0.672	1	1
-0.673	1	1
-0.674	1	1
-0.675	1	1
-0.676	1	1
-0.677	1	1
-0.678	1	1
-0.679	1	1
-0.68	1	1
-0.681	1	1
-0.682	1	1
-0.683	1	1
-0.684	1	1
-0.685	1	1
-0.686	1	1
-0.687	1	1
-0.688	1	1
-0.689	1	1
-0.69	1	1
-0.691	1	1
-0.692	1	1
-0.693	1	1
-0.694	1	1
-0.695	1	1
-0.696	1	1
-0.697	1	1
-0.698	1	1
-0.699	1	1
-0.7	1	1
-0.701	1	1
-0.702	1	1
-0.703	1	1
-0.704	1	1
-0.705	1	1
-0.706	1	1
-0.707	1	1
-0.708	1	1
-0.709	1	1
-0.71	1	1
-0.711	1	1
-0.712	1	1
-0.713	1	1
-0.714	1	1
-0.715	1	1
-0.716	1	1
-0.717	1	1
-0.718	1	1
-0.719	1	1
-0.72	1	1
-0.721	1	1
-0.722	1	1
-0.723	1	1
-0.724	1	1
-0.725	1	1
-0.726	1	1
-0.727	1	1
-0.728	1	1
-0.729	1	1
-0.73	1	1
-0.731	1	1
-0.732	1	1
-0.733	1	1
-0.734	1	1
-0.735	1	1
-0.736	1	1
-0.737	1	1
-0.738	1	1
-0.739	1	1
-0.74	1	1
-0.741	1	1
-0.742	1	1
-0.743	1	1
-0.744	1	1
-0.745	1	1
-0.746	1	1
-0.747	1	1
-0.748	1	1
-0.749	1	1
-0.75	1	1
-0.751	1	1
-0.752	1	1
-0.753	1	1
-0.754	1	1
-0.755	1	1
-0.756	1	1
-0.757	1	1
-0.758	1	1
-0.759	1	1
-0.76	1	1
-0.761	1	1
-0.762	1	1
-0.763	1	1
-0.764	1	1
-0.765	1	1
-0.766	1	1
-0.767	1	1
-0.768	1	1
-0.769	1	1
-0.77	1	1
-0.771	1	1
-0.772	1	1
-0.773	1	1
-0.774	1	1
-0.775	1	1
-0.776	1	1
-0.777	1	1
-0.778	1	1
-0.779	1	1
-0.78	1	1
-0.781	1	1
-0.782	1	1
-0.783	1	1
-0.784	1	1
-0.785	1	1
-0.786	1	1
-0.787	1	1
-0.788	1	1
-0.789	1	1
-0.79	1	1
-0.791	1	1
-0.792	1	1
-0.793	1	1
-0.794	1	1
-0.795	1	1
-0.796	1	1
-0.797	1	1
-0.798	1	1
-0.799	1	1
-0.8	1	1
-0.801	1	1
-0.802	1	1
-0.803	1	1
-0.804	1	1
-0.805	1	1
-0.806	1	1
-0.807	1	1
-0.808	1	1
-0.809	1	1
-0.81	1	1
-0.811	1	1
-0.812	1	1
-0.813	1	1
-0.814	1	1
-0.815	1	1
-0.816	1	1
-0.817	1	1
-0.818	1	1
-0.819	1	1
-0.82	1	1
-0.821	1	1
-0.822	1	1
-0.823	1	1
-0.824	1	1
-0.825	1	1
-0.826	1	1
-0.827	1	1
-0.828	1	1
-0.829	1	1
-0.83	1	1
-0.831	1	1
-0.832	1	1
-0.833	1	1
-0.834	1	1
-0.835	1	1
-0.836	1	1
-0.837	1	1
-0.838	1	1
-0.839	1	1
-0.84	1	1
-0.841	1	1
-0.842	1	1
-0.843	1	1
-0.844	1	1
-0.845	1	1
-0.846	1	1
-0.847	1	1
-0.848	1	1
-0.849	1	1
-0.85	1	1
-0.851	1	1
-0.852	1	1
-0.853	1	1
-0.854	1	1
-0.855	1	1
-0.856	1	1
-0.857	1	1
-0.858	1	1
-0.859	1	1
-0.86	1	1
-0.861	1	1
-0.862	1	1
-0.863	1	1
-0.864	1	1
-0.865	1	1
-0.866	1	1
-0.867	1	1
-0.868	1	1
-0.869	1	1
-0.87	1	1
-0.871	1	1
-0.872	1	1
-0.873	1	1
-0.874	1	1
-0.875	1	1
-0.876	1	1
-0.877	1	1
-0.878	1	1
-0.879	1	1
-0.88	1	1
-0.881	1	1
-0.882	1	1
-0.883	1	1
-0.884	1	1
-0.885	1	1
-0.886	1	1
-0.887	1	1
-0.888	1	1
-0.889	1	1
-0.89	1	1
-0.891	1	1
-0.892	1	1
-0.893	1	1
-0.894	1	1
-0.895	1	1
-0.896	1	1
-0.897	1	1
-0.898	1	1
-0.899	1	1
-0.9	1	1
-0.901	1	1
-0.902	1	1
-0.903	1	1
-0.904	1	1
-0.905	1	1
-0.906	1	1
-0.907	1	1
-0.908	1	1
-0.909	1	1
-0.91	1	1
-0.911	1	1
-0.912	1	1
-0.913	1	1
-0.914	1	1
-0.915	1	1
-0.916	1	1
-0.917	1	1
-0.918	1	1
-0.919	1	1
-0.92	1	1
-0.921	1	1
-0.922	1	1
-0.923	1	1
-0.924	1	1
-0.925	1	1
-0.926	1	1
-0.927	1	1
-0.928	1	1
-0.929	1	1
-0.93	1	1
-0.931	1	1
-0.932	1	1
-0.933	1	1
-0.934	1	1
-0.935	1	1
-0.936	1	1
-0.937	1	1
-0.938	1	1
-0.939	1	1
-0.94	1	1
-0.941	1	1
-0.942	1	1
-0.943	1	1
-0.944	1	1
-0.945	1	1
-0.946	1	1
-0.947	1	1
-0.948	1	1
-0.949	1	1
-0.95	1	1
-0.951	1	1
-0.952	1	1
-0.953	1	1
-0.954	1	1
-0.955	1	1
-0.956	1	1
-0.957	1	1
-0.958	1	1
-0.959	1	1
-0.96	1	1
-0.961	1	1
-0.962	1	1
-0.963	1	1
-0.964	1	1
-0.965	1	1
-0.966	1	1
-0.967	1	1
-0.968	1	1
-0.969	1	1
-0.97	1	1
-0.971	1	1
-0.972	1	1
-0.973	1	1
-0.974	1	1
-0.975	1	1
-0.976	1	1
-0.977	1	1
-0.978	1	1
-0.979	1	1
-0.98	1	1
-0.981	1	1
-0.982	1	1
-0.983	1	1
-0.984	1	1
-0.985	1	1
-0.986	1	1
-0.987	1	1
-0.988	1	1
-0.989	1	1
-0.99	1	1
-0.991	1	1
-0.992	1	1
-0.993	1	1
-0.994	1	1
-0.995	1	1
-0.996	1	1
-0.997	1	1
-0.998	1	1
-0.999	1	1
-1	1	1
