threshold	FAR	TAR
0.999	0	0.0001583570869
0.998	0	0.0001583570869
0.997	0	0.0001583570869
0.996	0	0.0001583570869
0.995	0	0.0001583570869
0.994	0	0.0001583570869
0.993	0	0.0001583570869
0.992	0	0.0001583570869
0.991	0	0.0001583570869
0.99	0	0.0001583570869
0.989	0	0.0001583570869
0.988	0	0.0001666916704
0.987	0	0.0001750262539
0.986	0	0.0001833608375
0.985	0	0.000191695421
0.984	0	0.0002250337551
0.983	0	0.0002417029221
0.982	0	0.0002667066727
0.981	0	0.0002667066727
0.98	0	0.0002750412562
0.979	0	0.0002917104232
0.978	0	0.0003000450068
0.977	0	0.0003250487573
0.976	0	0.0003333833408
0.975	0	0.0003583870914
0.974	0	0.0003917254255
0.973	0	0.0004083945925
0.972	0	0.0004250637596
0.971	0	0.0004500675101
0.97	0	0.0004584020936
0.969	0	0.0004667366772
0.968	0	0.0004750712607
0.967	0	0.0004834058442
0.966	0	0.0004834058442
0.965	0	0.0005000750113
0.964	0	0.0005167441783
0.963	0	0.0005500825124
0.962	0	0.0005750862629
0.961	0	0.00059175543
0.96	0	0.0006167591805
0.959	0	0.0006584320981
0.958	0	0.0006667666817
0.957	0	0.0006917704322
0.956	0	0.0007001050158
0.955	0	0.0007251087663
0.954	0	0.0007501125169
0.953	0	0.0007584471004
0.952	0	0.0007751162674
0.951	0	0.000800120018
0.95	0	0.0008084546015
0.949	0	0.000816789185
0.948	0	0.0008334583521
0.947	0	0.0008667966862
0.946	0	0.0008751312697
0.945	0	0.0009001350203
0.944	0	0.0009418079379
0.943	0	0.0009834808555
0.942	0	0.00101681919
0.941	0	0.001066826691
0.94	0	0.001116834192
0.939	0	0.001125168775
0.938	0	0.001133503359
0.937	0	0.001175176276
0.936	0	0.001233518361
0.935	0	0.001233518361
0.934	0	0.001250187528
0.933	0	0.001283525862
0.932	0	0.001283525862
0.931	0	0.001308529613
0.93	0	0.001341867947
0.929	0	0.001375206281
0.928	0	0.001416879199
0.927	8.33416675e-10	0.001450217533
0.926	8.33416675e-10	0.001475221283
0.925	8.33416675e-10	0.001541897951
0.924	8.33416675e-10	0.001583570869
0.923	8.33416675e-10	0.001641912954
0.922	8.33416675e-10	0.001716924205
0.921	8.33416675e-10	0.001741927956
0.92	8.33416675e-10	0.001800270041
0.919	8.33416675e-10	0.001850277542
0.918	8.33416675e-10	0.001866946709
0.917	8.33416675e-10	0.001875281292
0.916	8.33416675e-10	0.001925288793
0.915	8.33416675e-10	0.001966961711
0.914	8.33416675e-10	0.002008634629
0.913	8.33416675e-10	0.002025303796
0.912	8.33416675e-10	0.00208364588
0.911	8.33416675e-10	0.002150322548
0.91	8.33416675e-10	0.00220033005
0.909	8.33416675e-10	0.002258672134
0.908	8.33416675e-10	0.002292010468
0.907	8.33416675e-10	0.002358687136
0.906	8.33416675e-10	0.002408694638
0.905	8.33416675e-10	0.002458702139
0.904	8.33416675e-10	0.002558717141
0.903	8.33416675e-10	0.002608724642
0.902	8.33416675e-10	0.002700405061
0.901	8.33416675e-10	0.002750412562
0.9	8.33416675e-10	0.002800420063
0.899	8.33416675e-10	0.002858762148
0.898	8.33416675e-10	0.002950442566
0.897	8.33416675e-10	0.003033788402
0.896	8.33416675e-10	0.003108799653
0.895	8.33416675e-10	0.003225483823
0.894	8.33416675e-10	0.003317164241
0.893	8.33416675e-10	0.003392175493
0.892	8.33416675e-10	0.003492190495
0.891	8.33416675e-10	0.003533863413
0.89	8.33416675e-10	0.003608874665
0.889	8.33416675e-10	0.003725558834
0.888	8.33416675e-10	0.00383390842
0.887	8.33416675e-10	0.003958927172
0.886	8.33416675e-10	0.004067276758
0.885	8.33416675e-10	0.004158957177
0.884	8.33416675e-10	0.004275641346
0.883	8.33416675e-10	0.004342318014
0.882	8.33416675e-10	0.004484005934
0.881	8.33416675e-10	0.004617359271
0.88	8.33416675e-10	0.00475904719
0.879	8.33416675e-10	0.004892400527
0.878	8.33416675e-10	0.005034088447
0.877	8.33416675e-10	0.005142438032
0.876	8.33416675e-10	0.005242453035
0.875	1.66683335e-09	0.005375806371
0.874	1.66683335e-09	0.005509159707
0.873	1.66683335e-09	0.005667516794
0.872	1.66683335e-09	0.005834208465
0.871	1.66683335e-09	0.005925888883
0.87	1.66683335e-09	0.005984230968
0.869	1.66683335e-09	0.006100915137
0.868	1.66683335e-09	0.00622593389
0.867	1.66683335e-09	0.006300945142
0.866	1.66683335e-09	0.00650930973
0.865	1.66683335e-09	0.006634328483
0.864	1.66683335e-09	0.006776016402
0.863	1.66683335e-09	0.006901035155
0.862	1.66683335e-09	0.007084395993
0.861	1.66683335e-09	0.007259422247
0.86	2.500250025e-09	0.007517794336
0.859	2.500250025e-09	0.007701155173
0.858	2.500250025e-09	0.007867846844
0.857	2.500250025e-09	0.008042873098
0.856	2.500250025e-09	0.008242903102
0.855	2.500250025e-09	0.008442933107
0.854	2.500250025e-09	0.008584621026
0.853	2.500250025e-09	0.00875964728
0.852	2.500250025e-09	0.009009684786
0.851	2.500250025e-09	0.009234718541
0.85	3.3336667e-09	0.009426413962
0.849	3.3336667e-09	0.009618109383
0.848	3.3336667e-09	0.009809804804
0.847	4.167083375e-09	0.009959827307
0.846	4.167083375e-09	0.0101681919
0.845	4.167083375e-09	0.01040156023
0.844	4.167083375e-09	0.0105682519
0.843	4.167083375e-09	0.01084329316
0.842	4.167083375e-09	0.01105999233
0.841	4.167083375e-09	0.01133503359
0.84	4.167083375e-09	0.01166841693
0.839	5.00050005e-09	0.01184344318
0.838	5.00050005e-09	0.01209348069
0.837	5.00050005e-09	0.0123935257
0.836	5.00050005e-09	0.0126935707
0.835	5.00050005e-09	0.01297694654
0.834	5.833916725e-09	0.01322698405
0.833	5.833916725e-09	0.01354369822
0.832	5.833916725e-09	0.01386874698
0.831	5.833916725e-09	0.01414378823
0.83	5.833916725e-09	0.01447717158
0.829	5.833916725e-09	0.01469387075
0.828	5.833916725e-09	0.01496057742
0.827	5.833916725e-09	0.01530229534
0.826	5.833916725e-09	0.01566901702
0.825	6.6673334e-09	0.01592738911
0.824	6.6673334e-09	0.01627744162
0.823	6.6673334e-09	0.01649414079
0.822	7.500750075e-09	0.01681085496
0.821	7.500750075e-09	0.01716924205
0.82	7.500750075e-09	0.01756096748
0.819	7.500750075e-09	0.01794435832
0.818	7.500750075e-09	0.01839442583
0.817	8.33416675e-09	0.01870280542
0.816	8.33416675e-09	0.01907786168
0.815	8.33416675e-09	0.01938624127
0.814	8.33416675e-09	0.01978630128
0.813	9.167583425e-09	0.02016969212
0.812	1.00010001e-08	0.02057808671
0.811	1.00010001e-08	0.02103648881
0.81	1.166783345e-08	0.02140321048
0.809	1.166783345e-08	0.02182827424
0.808	1.166783345e-08	0.022353353
0.807	1.250125013e-08	0.02273674384
0.806	1.250125013e-08	0.02317014219
0.805	1.250125013e-08	0.02360354053
0.804	1.250125013e-08	0.02407027721
0.803	1.250125013e-08	0.02439532597
0.802	1.250125013e-08	0.02486206264
0.801	1.500150015e-08	0.0253871414
0.8	1.500150015e-08	0.02592055475
0.799	1.500150015e-08	0.02642896434
0.798	1.500150015e-08	0.02691237019
0.797	1.500150015e-08	0.0273624377
0.796	1.66683335e-08	0.02790418563
0.795	1.66683335e-08	0.02844593356
0.794	1.750175018e-08	0.02891267023
0.793	1.916858353e-08	0.02939607608
0.792	2.00020002e-08	0.02984614359
0.791	2.083541688e-08	0.0303462186
0.79	2.083541688e-08	0.0310546582
0.789	2.166883355e-08	0.03180477072
0.788	2.166883355e-08	0.03231318031
0.787	2.250225023e-08	0.03297161241
0.786	2.250225023e-08	0.03362170992
0.785	2.250225023e-08	0.0341884616
0.784	2.250225023e-08	0.03473020953
0.783	2.250225023e-08	0.03524695371
0.782	2.500250025e-08	0.03588038206
0.781	2.500250025e-08	0.03645546832
0.78	2.500250025e-08	0.03702222
0.779	2.500250025e-08	0.03768898668
0.778	2.500250025e-08	0.03834741878
0.777	2.583591693e-08	0.03908919671
0.776	2.750275028e-08	0.03978096715
0.775	2.833616695e-08	0.04039772633
0.774	2.833616695e-08	0.04102282009
0.773	3.00030003e-08	0.04156456802
0.772	3.083641698e-08	0.04220633095
0.771	3.083641698e-08	0.04294810888
0.77	3.083641698e-08	0.04355653348
0.769	3.166983365e-08	0.04433998433
0.768	3.166983365e-08	0.04502342018
0.767	3.166983365e-08	0.04565684853
0.766	3.250325033e-08	0.04634028438
0.765	3.3336667e-08	0.0472404194
0.764	3.417008368e-08	0.04801553566
0.763	3.417008368e-08	0.04877398276
0.762	3.417008368e-08	0.04949075695
0.761	3.500350035e-08	0.0503742228
0.76	3.583691703e-08	0.0511826774
0.759	3.583691703e-08	0.05216615826
0.758	3.583691703e-08	0.05281625577
0.757	3.66703337e-08	0.05377473288
0.756	3.66703337e-08	0.05450817623
0.755	3.66703337e-08	0.05535830375
0.754	3.66703337e-08	0.05630844627
0.753	3.750375038e-08	0.05727525796
0.752	3.833716705e-08	0.05814205464
0.751	3.917058373e-08	0.05904218966
0.75	4.00040004e-08	0.05992565551
0.749	4.250425043e-08	0.06083412512
0.748	4.250425043e-08	0.0617009218
0.747	4.250425043e-08	0.06263439516
0.746	4.33376671e-08	0.06351786101
0.745	4.33376671e-08	0.06442633062
0.744	4.500450045e-08	0.0652931273
0.743	4.66713338e-08	0.06639329233
0.742	4.66713338e-08	0.06736010402
0.741	4.66713338e-08	0.06831858112
0.74	4.66713338e-08	0.06927705823
0.739	4.750475048e-08	0.07031888117
0.738	4.833816715e-08	0.0713106966
0.737	4.917158383e-08	0.07225250454
0.736	5.083841718e-08	0.0732859929
0.735	5.167183385e-08	0.07422780084
0.734	5.250525053e-08	0.07536963878
0.733	5.250525053e-08	0.07625310463
0.732	5.250525053e-08	0.07732826591
0.731	5.33386672e-08	0.0783950926
0.73	5.33386672e-08	0.07950359221
0.729	5.33386672e-08	0.08051207681
0.728	5.417208388e-08	0.08157056892
0.727	5.417208388e-08	0.08252071144
0.726	5.417208388e-08	0.08348752313
0.725	5.417208388e-08	0.08444600023
0.724	5.417208388e-08	0.08558783818
0.723	5.417208388e-08	0.08672134153
0.722	5.500550055e-08	0.08784651031
0.721	5.500550055e-08	0.08909669784
0.72	5.66723339e-08	0.09025520495
0.719	5.917258393e-08	0.09127202414
0.718	6.00060006e-08	0.09242219666
0.717	6.00060006e-08	0.09371405711
0.716	6.33396673e-08	0.09489756797
0.715	6.500650065e-08	0.09600606758
0.714	6.500650065e-08	0.09733126636
0.713	6.750675068e-08	0.09843143138
0.712	6.917358403e-08	0.09961494224
0.711	7.00070007e-08	0.1007567802
0.71	7.084041738e-08	0.1019652948
0.709	7.33406674e-08	0.1031571402
0.708	7.500750075e-08	0.1045656849
0.707	7.66743341e-08	0.1058908836
0.706	7.917458413e-08	0.1071994132
0.705	8.084141748e-08	0.1085996233
0.704	8.167483415e-08	0.1098998183
0.703	8.33416675e-08	0.11126669
0.702	8.500850085e-08	0.112566885
0.701	8.584191753e-08	0.114108783
0.7	8.584191753e-08	0.1155339968
0.699	8.66753342e-08	0.1168925339
0.698	8.66753342e-08	0.1182260672
0.697	8.917558423e-08	0.1196429464
0.696	8.917558423e-08	0.1209431415
0.695	9.084241758e-08	0.1222266673
0.694	9.33426676e-08	0.1236852194
0.693	9.500950095e-08	0.1247437116
0.692	9.584291763e-08	0.1261772599
0.691	9.834316765e-08	0.1275191279
0.69	1.00010001e-07	0.1290026837
0.689	1.008434177e-07	0.1304112284
0.688	1.050105011e-07	0.1317530963
0.687	1.075107511e-07	0.1331116334
0.686	1.075107511e-07	0.1345535164
0.685	1.091775844e-07	0.136162091
0.684	1.108444178e-07	0.1377456618
0.683	1.116778345e-07	0.1392792252
0.682	1.141780845e-07	0.1407461119
0.681	1.175117512e-07	0.1421796603
0.68	1.208454179e-07	0.143746562
0.679	1.233456679e-07	0.1452301179
0.678	1.266793346e-07	0.1470220533
0.677	1.28346168e-07	0.1486472971
0.676	1.30846418e-07	0.1503225484
0.675	1.325132513e-07	0.1519394576
0.674	1.33346668e-07	0.1534563518
0.673	1.35846918e-07	0.1552482872
0.672	1.375137514e-07	0.1568568619
0.671	1.391805847e-07	0.1585404477
0.67	1.400140014e-07	0.1600823457
0.669	1.433476681e-07	0.1617409278
0.668	1.433476681e-07	0.1632161491
0.667	1.458479181e-07	0.1647747162
0.666	1.483481682e-07	0.16619993
0.665	1.508484182e-07	0.1678918504
0.664	1.533486682e-07	0.1695087596
0.663	1.558489182e-07	0.1709756463
0.662	1.558489182e-07	0.1726508976
0.661	1.566823349e-07	0.1745011752
0.66	1.591825849e-07	0.1760764115
0.659	1.61682835e-07	0.1777683319
0.658	1.64183085e-07	0.1795519328
0.657	1.66683335e-07	0.1813188645
0.656	1.700170017e-07	0.1829357737
0.655	1.725172517e-07	0.1845443483
0.654	1.741840851e-07	0.1860862463
0.653	1.775177518e-07	0.1876114751
0.652	1.808514185e-07	0.1894034105
0.651	1.825182518e-07	0.1910369889
0.65	1.841850852e-07	0.1927289093
0.649	1.875187519e-07	0.1944875065
0.648	1.900190019e-07	0.1963711223
0.647	1.933526686e-07	0.1981297195
0.646	1.958529186e-07	0.1996882866
0.645	1.966863353e-07	0.2013385341
0.644	1.983531687e-07	0.2029137704
0.643	2.008534187e-07	0.2048890667
0.642	2.033536687e-07	0.2066393292
0.641	2.058539187e-07	0.2084979414
0.64	2.058539187e-07	0.2105149106
0.639	2.083541688e-07	0.2122985114
0.638	2.116878355e-07	0.2139820973
0.637	2.125212521e-07	0.2158323749
0.636	2.141880855e-07	0.2176493141
0.635	2.166883355e-07	0.2192495541
0.634	2.200220022e-07	0.2210581587
0.633	2.208554189e-07	0.2233084963
0.632	2.233556689e-07	0.2251837776
0.631	2.250225023e-07	0.2268590289
0.63	2.275227523e-07	0.2286342951
0.629	2.291895856e-07	0.2303928923
0.628	2.366903357e-07	0.232359854
0.627	2.391905857e-07	0.2341851278
0.626	2.441910858e-07	0.2360854128
0.625	2.450245025e-07	0.2380190362
0.624	2.475247525e-07	0.2400526746
0.623	2.491915858e-07	0.2420863129
0.622	2.516918359e-07	0.2440366055
0.621	2.575257526e-07	0.2460702439
0.62	2.608594193e-07	0.2481622243
0.619	2.650265027e-07	0.2501041823
0.618	2.675267527e-07	0.2521794936
0.617	2.725272527e-07	0.2542381357
0.616	2.750275028e-07	0.2560967478
0.615	2.775277528e-07	0.2579970329
0.614	2.800280028e-07	0.2600640096
0.613	2.825282528e-07	0.2619142871
0.612	2.875287529e-07	0.2639229218
0.611	2.916958363e-07	0.2660315714
0.61	2.95029503e-07	0.2680152023
0.609	2.991965863e-07	0.2699488257
0.608	3.008634197e-07	0.2719157874
0.607	3.033636697e-07	0.2737493957
0.606	3.050305031e-07	0.275724692
0.605	3.075307531e-07	0.2773916087
0.604	3.108644198e-07	0.2794002434
0.603	3.166983365e-07	0.2814422163
0.602	3.200320032e-07	0.2834591855
0.601	3.225322532e-07	0.2856011735
0.6	3.241990866e-07	0.2874514511
0.599	3.258659199e-07	0.2893767398
0.598	3.3086642e-07	0.2912770249
0.597	3.325332533e-07	0.293435682
0.596	3.350335034e-07	0.2956276775
0.595	3.392005867e-07	0.2977863346
0.594	3.425342534e-07	0.2997783001
0.593	3.458679201e-07	0.3017369272
0.592	3.483681702e-07	0.3037372273
0.591	3.517018369e-07	0.3058125385
0.59	3.542020869e-07	0.3076378123
0.589	3.575357536e-07	0.3098131386
0.588	3.583691703e-07	0.3117884349
0.587	3.608694203e-07	0.3139054191
0.586	3.650365037e-07	0.3163807905
0.585	3.708704204e-07	0.3184477672
0.584	3.758709204e-07	0.3206647664
0.583	3.783711705e-07	0.3227650814
0.582	3.833716705e-07	0.324815389
0.581	3.850385039e-07	0.3269073694
0.58	3.892055872e-07	0.3291743762
0.579	3.97539754e-07	0.3312330183
0.578	4.00040004e-07	0.333299995
0.577	4.058739207e-07	0.3352336184
0.576	4.100410041e-07	0.3373589372
0.575	4.117078375e-07	0.3393175643
0.574	4.125412541e-07	0.3415428981
0.573	4.158749208e-07	0.3437765665
0.572	4.225422542e-07	0.3457601974
0.571	4.258759209e-07	0.3478271741
0.57	4.300430043e-07	0.3499191545
0.569	4.350435044e-07	0.3519694621
0.568	4.400440044e-07	0.3541781267
0.567	4.450445045e-07	0.3562034305
0.566	4.475447545e-07	0.3582120651
0.565	4.525452545e-07	0.3602873764
0.564	4.583791713e-07	0.3621793269
0.563	4.64213088e-07	0.3642296344
0.562	4.683801714e-07	0.3664716374
0.561	4.725472547e-07	0.3684636029
0.56	4.733806714e-07	0.3703638879
0.559	4.800480048e-07	0.3723141805
0.558	4.825482548e-07	0.3745311797
0.557	4.842150882e-07	0.3767148406
0.556	4.908824216e-07	0.3790818623
0.555	4.942160883e-07	0.3813321998
0.554	4.983831717e-07	0.3834408495
0.553	5.00050005e-07	0.385391142
0.552	5.042170884e-07	0.3875081262
0.551	5.067173384e-07	0.3893167308
0.55	5.125512551e-07	0.3914670534
0.549	5.150515052e-07	0.3936007068
0.548	5.225522552e-07	0.3958593789
0.547	5.267193386e-07	0.3978346752
0.546	5.35886922e-07	0.3999849977
0.545	5.400540054e-07	0.4022103315
0.544	5.442210888e-07	0.404302312
0.543	5.483881722e-07	0.406544315
0.542	5.550555056e-07	0.4088196563
0.541	5.575557556e-07	0.4109783134
0.54	5.658899223e-07	0.4129702789
0.539	5.700570057e-07	0.4148455602
0.538	5.733906724e-07	0.4169625444
0.537	5.750575058e-07	0.4190128519
0.536	5.817248392e-07	0.4209631445
0.535	5.875587559e-07	0.4230217866
0.534	5.917258393e-07	0.4249720791
0.533	5.97559756e-07	0.4270807288
0.532	6.02560256e-07	0.4289726792
0.531	6.058939227e-07	0.4311063326
0.53	6.092275894e-07	0.4329899485
0.529	6.117278395e-07	0.4351652748
0.528	6.192285895e-07	0.4372322515
0.527	6.250625063e-07	0.4392492207
0.526	6.30896423e-07	0.4414328816
0.525	6.392305897e-07	0.4435165275
0.524	6.425642564e-07	0.4457751996
0.523	6.467313398e-07	0.4477754997
0.522	6.483981732e-07	0.4497674651
0.521	6.533986732e-07	0.4517344268
0.52	6.592325899e-07	0.4538764148
0.519	6.6423309e-07	0.4559183878
0.518	6.709004234e-07	0.4580520411
0.517	6.759009234e-07	0.4600106683
0.516	6.800680068e-07	0.4620109683
0.515	6.834016735e-07	0.4639945992
0.514	6.875687569e-07	0.466119918
0.513	6.942360903e-07	0.4679368572
0.512	6.984031737e-07	0.4700538414
0.511	7.084041738e-07	0.4721541565
0.51	7.109044238e-07	0.4741627911
0.509	7.175717572e-07	0.4762214332
0.508	7.217388406e-07	0.4780550416
0.507	7.275727573e-07	0.4798386425
0.506	7.300730073e-07	0.4818472771
0.505	7.400740074e-07	0.4838225734
0.504	7.442410908e-07	0.4858978847
0.503	7.484081742e-07	0.4876898201
0.502	7.559089242e-07	0.4896817856
0.501	7.609094243e-07	0.4916320781
0.5	7.69243591e-07	0.4936823857
0.499	7.742440911e-07	0.4957160241
0.498	7.750775078e-07	0.4977079895
0.497	7.800780078e-07	0.4995165942
0.496	7.842450912e-07	0.5013752063
0.495	7.867453412e-07	0.5033088297
0.494	7.959129246e-07	0.5053257989
0.493	7.992465913e-07	0.507084396
0.492	8.042470914e-07	0.5091930456
0.491	8.092475914e-07	0.5110849961
0.49	8.192485915e-07	0.5131186345
0.489	8.234156749e-07	0.5151772766
0.488	8.28416175e-07	0.5172025804
0.487	8.35916925e-07	0.5190778617
0.486	8.400840084e-07	0.5212198496
0.485	8.450845085e-07	0.5229951159
0.484	8.484181752e-07	0.5247453785
0.483	8.542520919e-07	0.5268290244
0.482	8.64253092e-07	0.5290210198
0.481	8.700870087e-07	0.5311046657
0.48	8.742540921e-07	0.5329132703
0.479	8.784211755e-07	0.5349052358
0.478	8.817548422e-07	0.5367138404
0.477	8.875887589e-07	0.5382974113
0.476	8.917558423e-07	0.5400560084
0.475	9.009234257e-07	0.5421063159
0.474	9.092575924e-07	0.5441482889
0.473	9.167583425e-07	0.5460652431
0.472	9.225922592e-07	0.5477988365
0.471	9.275927593e-07	0.5495657682
0.47	9.317598427e-07	0.5513993766
0.469	9.367603427e-07	0.553391342
0.468	9.417608428e-07	0.5552082812
0.467	9.442610928e-07	0.5571669084
0.466	9.525952595e-07	0.5590088513
0.465	9.592625929e-07	0.560917471
0.464	9.650965097e-07	0.5627927522
0.463	9.700970097e-07	0.564659699
0.462	9.792645931e-07	0.5664432998
0.461	9.850985099e-07	0.5683185811
0.46	9.917658433e-07	0.570202197
0.459	9.967663433e-07	0.5718441099
0.458	1.003433677e-06	0.5735110267
0.457	1.011767843e-06	0.5753696388
0.456	1.019268594e-06	0.5771782434
0.455	1.030936427e-06	0.578886833
0.454	1.039270594e-06	0.5806787685
0.453	1.045937927e-06	0.5824206964
0.452	1.051771844e-06	0.5842042973
0.451	1.055938927e-06	0.5859878982
0.45	1.065939927e-06	0.5880882132
0.449	1.071773844e-06	0.5897968029
0.448	1.080108011e-06	0.591455385
0.447	1.087608761e-06	0.5930306213
0.446	1.094276094e-06	0.5948558951
0.445	1.107610761e-06	0.5965811538
0.444	1.111777844e-06	0.5984230968
0.443	1.121778845e-06	0.6000233368
0.442	1.135113511e-06	0.6019652948
0.441	1.145114511e-06	0.6038489107
0.44	1.150115012e-06	0.6056158424
0.439	1.160949428e-06	0.6074327816
0.438	1.170117012e-06	0.60926639
0.437	1.177617762e-06	0.61106666
0.436	1.186785345e-06	0.6126919038
0.435	1.196786345e-06	0.6143838242
0.434	1.212621262e-06	0.6160590755
0.433	1.225122512e-06	0.6177426614
0.432	1.230956429e-06	0.619651281
0.431	1.238457179e-06	0.6214515511
0.43	1.250125013e-06	0.6231434715
0.429	1.260959429e-06	0.6247603807
0.428	1.268460179e-06	0.6265439816
0.427	1.278461179e-06	0.6280192029
0.426	1.287628763e-06	0.6298194729
0.425	1.29846318e-06	0.6315447317
0.424	1.307630763e-06	0.6330782951
0.423	1.316798347e-06	0.6348868997
0.422	1.330133013e-06	0.636462136
0.421	1.345134513e-06	0.6378873498
0.42	1.361802847e-06	0.6395209281
0.419	1.374304097e-06	0.6411878448
0.418	1.381804847e-06	0.6427714157
0.417	1.385971931e-06	0.6444633362
0.416	1.400973431e-06	0.6459718958
0.415	1.418475181e-06	0.6475137937
0.414	1.428476181e-06	0.6492140488
0.413	1.442644264e-06	0.6507392776
0.412	1.460146015e-06	0.6523061793
0.411	1.473480681e-06	0.6537897351
0.41	1.490982432e-06	0.6554983247
0.409	1.505150515e-06	0.6571319031
0.408	1.524319099e-06	0.6585821207
0.407	1.543487682e-06	0.6602073644
0.406	1.559322599e-06	0.6616159091
0.405	1.570990432e-06	0.663057792
0.404	1.589325599e-06	0.6646246937
0.403	1.602660266e-06	0.6659915654
0.402	1.62182885e-06	0.66760014
0.401	1.6443311e-06	0.6690003501
0.4	1.6593326e-06	0.6706005901
0.399	1.680168017e-06	0.6721174843
0.398	1.70183685e-06	0.6736093747
0.397	1.722672267e-06	0.6751346035
0.396	1.744341101e-06	0.6764514677
0.395	1.764343101e-06	0.677926689
0.394	1.789345601e-06	0.6796852861
0.393	1.803513685e-06	0.6811771766
0.392	1.828516185e-06	0.6825523829
0.391	1.856018935e-06	0.6843276491
0.39	1.889355602e-06	0.68591122
0.389	1.918525186e-06	0.6873697721
0.388	1.95019502e-06	0.6889033355
0.387	1.976030936e-06	0.6903702222
0.386	2.001033437e-06	0.6916787518
0.385	2.03020302e-06	0.6928872664
0.384	2.060206021e-06	0.6942708073
0.383	2.087708771e-06	0.695837709
0.382	2.123545688e-06	0.6973212649
0.381	2.155215522e-06	0.698679802
0.38	2.202720272e-06	0.7001050158
0.379	2.246891356e-06	0.7015052258
0.378	2.281894856e-06	0.7028804321
0.377	2.321898857e-06	0.7042806421
0.376	2.375237524e-06	0.7055141605
0.375	2.412741274e-06	0.7067476788
0.374	2.465246525e-06	0.7079895318
0.373	2.502750275e-06	0.7094230801
0.372	2.544421109e-06	0.7107816172
0.371	2.588592193e-06	0.712006801
0.37	2.63943061e-06	0.7133153306
0.369	2.690269027e-06	0.7146405294
0.368	2.737773777e-06	0.7159157207
0.367	2.797779778e-06	0.717190912
0.366	2.852785279e-06	0.7185494491
0.365	2.906957362e-06	0.7200163358
0.364	2.97779778e-06	0.7213998766
0.363	3.041970864e-06	0.7226667333
0.362	3.108644198e-06	0.7241002817
0.361	3.167816782e-06	0.7252921272
0.36	3.252825283e-06	0.7266506643
0.359	3.332833283e-06	0.727875848
0.358	3.422842284e-06	0.729117701
0.357	3.501183452e-06	0.7303012118
0.356	3.586191953e-06	0.7314930573
0.355	3.65953262e-06	0.7326682336
0.354	3.767043371e-06	0.7339934323
0.353	3.871220455e-06	0.7351186011
0.352	3.96789679e-06	0.7364688037
0.351	4.077074374e-06	0.7377606641
0.35	4.193752709e-06	0.73904419
0.349	4.325432543e-06	0.7401860279
0.348	4.436276961e-06	0.7414528846
0.347	4.552955296e-06	0.7426947375
0.346	4.67213388e-06	0.7438282409
0.345	4.802980298e-06	0.7449534097
0.344	4.946327966e-06	0.7461119168
0.343	5.093842718e-06	0.747228751
0.342	5.248024802e-06	0.748428931
0.341	5.426375971e-06	0.7495874381
0.34	5.615561556e-06	0.7507292761
0.339	5.773910724e-06	0.7518211065
0.338	5.935593559e-06	0.7529462753
0.337	6.121445478e-06	0.7541797936
0.336	6.314798146e-06	0.7552382857
0.335	6.525652565e-06	0.7564384658
0.334	6.743174317e-06	0.7577469954
0.333	6.96069607e-06	0.7588304912
0.332	7.172383905e-06	0.7599473254
0.331	7.419075241e-06	0.7611641746
0.33	7.679101243e-06	0.7621309863
0.329	7.929959663e-06	0.7630227868
0.328	8.202486915e-06	0.7640312714
0.327	8.520018669e-06	0.7652897935
0.326	8.802546921e-06	0.7662065977
0.325	9.124245758e-06	0.7673734393
0.324	9.445944594e-06	0.7682485706
0.323	9.765143181e-06	0.7692487206
0.322	1.011184452e-05	0.7702738744
0.321	1.049438277e-05	0.7711990132
0.32	1.086275294e-05	0.772224167
0.319	1.121612161e-05	0.7733910087
0.318	1.160782745e-05	0.774324482
0.317	1.201453479e-05	0.7752662899
0.316	1.243874387e-05	0.7762914437
0.315	1.288378838e-05	0.7773082629
0.314	1.337717105e-05	0.7783334167
0.313	1.386388639e-05	0.7793752396
0.312	1.433810048e-05	0.7802503709
0.311	1.48539854e-05	0.7811255022
0.31	1.545487882e-05	0.7821006484
0.309	1.602576924e-05	0.783109133
0.308	1.658165817e-05	0.7841676251
0.307	1.719588626e-05	0.7851761097
0.306	1.783678368e-05	0.7859928989
0.305	1.85076841e-05	0.7869013685
0.304	1.916274961e-05	0.787893184
0.303	1.987448745e-05	0.7888183227
0.302	2.064623129e-05	0.7898434765
0.301	2.14163083e-05	0.7909853145
0.3	2.222638931e-05	0.7919771299
0.299	2.299396606e-05	0.7930606258
0.298	2.385905257e-05	0.7938940841
0.297	2.480914758e-05	0.7949025687
0.296	2.576841017e-05	0.7957777
0.295	2.680351368e-05	0.7967278425
0.294	2.784611795e-05	0.7975362971
0.293	2.889872321e-05	0.7983947592
0.292	3.005550555e-05	0.7992615559
0.291	3.121812181e-05	0.8001366872
0.29	3.245324532e-05	0.8011034989
0.289	3.372837284e-05	0.801961961
0.288	3.498516518e-05	0.8028870997
0.287	3.629279595e-05	0.8037538964
0.286	3.766293296e-05	0.8044373323
0.285	3.905640564e-05	0.8051791102
0.284	4.054738807e-05	0.8060959144
0.283	4.212087875e-05	0.8067126736
0.282	4.37277061e-05	0.8075628011
0.281	4.540454045e-05	0.8085129436
0.28	4.722888956e-05	0.8092797253
0.279	4.905323866e-05	0.8100881799
0.278	5.097259726e-05	0.8109549766
0.277	5.293779378e-05	0.8116967545
0.276	5.498633197e-05	0.8125552166
0.275	5.714654799e-05	0.8135470321
0.274	5.947594759e-05	0.8143054792
0.273	6.181618162e-05	0.8150222533
0.272	6.423225656e-05	0.8158557117
0.271	6.66983365e-05	0.8166474971
0.27	6.925525886e-05	0.8175559667
0.269	7.200470047e-05	0.8183894251
0.268	7.481414808e-05	0.8189978497
0.267	7.779861319e-05	0.8198563118
0.266	8.082308231e-05	0.8205647514
0.265	8.405590559e-05	0.8212481872
0.264	8.732789946e-05	0.8221316531
0.263	9.076324299e-05	0.8228067543
0.262	9.429442944e-05	0.8234651864
0.261	9.79456279e-05	0.8242319681
0.26	0.0001017560089	0.8248487273
0.259	0.0001057614095	0.8254821557
0.258	0.0001098834883	0.8263239486
0.257	0.000114123079	0.8271240686
0.256	0.0001186285295	0.8277741661
0.255	0.0001231473147	0.8285242786
0.254	0.0001279894656	0.8291827107
0.253	0.0001330458046	0.8299911653
0.252	0.0001383121645	0.830657932
0.251	0.0001437585425	0.831258022
0.25	0.0001494207754	0.8320414729
0.249	0.0001552071874	0.8326915704
0.248	0.0001612227889	0.8333333333
0.247	0.0001674609128	0.8339917654
0.246	0.000174029903	0.8346251938
0.245	0.0001808455846	0.8352836259
0.244	0.0001879112911	0.8359170542
0.243	0.0001952786945	0.8365338134
0.242	0.0002029394606	0.8372505876
0.241	0.0002108952562	0.8378340084
0.24	0.0002191569157	0.8385924555
0.239	0.0002276711004	0.8390925305
0.238	0.0002365411541	0.8396259439
0.237	0.0002456862353	0.8402260339
0.236	0.0002552746941	0.8408427931
0.235	0.0002653590359	0.8415512327
0.234	0.0002756225623	0.8421429881
0.233	0.0002863936394	0.8428014202
0.232	0.0002974255759	0.843426514
0.231	0.000308986732	0.8439599273
0.23	0.0003210512718	0.8446100248
0.229	0.0003336692003	0.845126769
0.228	0.0003465988265	0.8456768515
0.227	0.0003599859986	0.8462602724
0.226	0.0003739507284	0.8467936857
0.225	0.000388257159	0.8473854411
0.224	0.0004034253425	0.8478938507
0.223	0.0004192252559	0.8484772716
0.222	0.0004354935494	0.8490940308
0.221	0.0004524769144	0.8496274441
0.22	0.0004703928726	0.8501525229
0.219	0.0004886938694	0.8507692821
0.218	0.0005075690902	0.8512943608
0.217	0.0005271952195	0.8519027854
0.216	0.0005473830716	0.8524945408
0.215	0.0005686501984	0.8530196196
0.214	0.0005906140614	0.853553033
0.213	0.0006136271961	0.8539947659
0.212	0.0006377596093	0.8544698371
0.211	0.0006627079375	0.8550032505
0.21	0.0006884088409	0.8554699872
0.209	0.0007153190319	0.8560200697
0.208	0.0007431618162	0.8565284793
0.207	0.0007721788846	0.857053558
0.206	0.0008023385672	0.8574786218
0.205	0.000833596693	0.857995366
0.204	0.0008659699303	0.8585287793
0.203	0.0008997283062	0.8590871964
0.202	0.0009346701337	0.8596039406
0.201	0.0009712187885	0.8600373389
0.2	0.001009430943	0.8604123952
0.199	0.001049314098	0.8608874665
0.198	0.001090266527	0.861337534
0.197	0.00113327166	0.8616625827
0.196	0.001177711104	0.8620543081
0.195	0.001223929893	0.8625543832
0.194	0.001271686335	0.8629627777
0.193	0.001321382972	0.8634128453
0.192	0.001372800613	0.8637462286
0.191	0.001426625163	0.8641129503
0.19	0.00148250075	0.8646213599
0.189	0.001540624062	0.8650547582
0.188	0.001600930926	0.8654214799
0.187	0.00166363553	0.8658215399
0.186	0.001728767877	0.8662716074
0.185	0.001796616328	0.8666883366
0.184	0.001867207554	0.8670883966
0.183	0.00194089659	0.8674467837
0.182	0.002017707604	0.867880182
0.181	0.002096512151	0.868321915
0.18	0.002179269594	0.868680302
0.179	0.002264707304	0.8691053658
0.178	0.002353346168	0.8695470987
0.177	0.002446022102	0.8699638279
0.176	0.002542148382	0.8703888917
0.175	0.002642255059	0.8708472938
0.174	0.002746581325	0.8712390192
0.173	0.002854667967	0.8716140754
0.172	0.002967212555	0.8719391242
0.171	0.003084196753	0.8723308496
0.17	0.00320560306	0.8726308946
0.169	0.003331410641	0.8731059659
0.168	0.003462453745	0.8735310297
0.167	0.003598303997	0.8740061009
0.166	0.003740249858	0.8743894918
0.165	0.003887113711	0.8747395443
0.164	0.004040363203	0.8751479389
0.163	0.004199509118	0.8754396493
0.162	0.004364986499	0.8758230401
0.161	0.004537013701	0.8761980964
0.16	0.004715375704	0.8765731526
0.159	0.004901559323	0.8769148706
0.158	0.005094561123	0.8773482689
0.157	0.005295450378	0.8776483139
0.156	0.00550383455	0.8779816973
0.155	0.005721190452	0.8783484189
0.154	0.005946051272	0.8787484789
0.153	0.006179853819	0.8790901969
0.152	0.006422800613	0.8795569335
0.151	0.006675306697	0.8799736627
0.15	0.0069373379	0.8803403844
0.149	0.007209705137	0.8806320948
0.148	0.0074929968	0.8809654782
0.147	0.007786371971	0.8812071811
0.146	0.008091682502	0.8815322298
0.145	0.008407828283	0.8819239553
0.144	0.008737057039	0.8822323349
0.143	0.009077328566	0.8825907219
0.142	0.009431486482	0.8829657782
0.141	0.009799841651	0.8833074961
0.14	0.01018239157	0.8836242103
0.139	0.0105779803	0.8838409095
0.138	0.0109896273	0.8842493041
0.137	0.01141574241	0.8846243603
0.136	0.01185795996	0.8849410745
0.135	0.01231756092	0.8853161308
0.134	0.01279288095	0.8856495141
0.133	0.01328703037	0.8860079012
0.132	0.01379963413	0.8863329499
0.131	0.01433058389	0.8866996716
0.13	0.01488160233	0.8870747279
0.129	0.01545296363	0.8874247804
0.128	0.0160446203	0.8877831675
0.127	0.01665825083	0.8880915471
0.126	0.01729322682	0.8884165958
0.125	0.01795123512	0.8887249754
0.124	0.01863318248	0.8890916971
0.123	0.01934067323	0.8895250954
0.122	0.02007238641	0.8898751479
0.121	0.02082933877	0.8902668734
0.12	0.0216116845	0.8906085913
0.119	0.02242240141	0.8909086363
0.118	0.02326251709	0.8912420196
0.117	0.02413112395	0.8916920871
0.116	0.02502799947	0.8920921472
0.115	0.02595692653	0.8923421847
0.114	0.02691935277	0.8928089213
0.113	0.02791436727	0.8931423047
0.112	0.02894203004	0.8934423497
0.111	0.03000241107	0.8937423947
0.11	0.03109909158	0.8940257705
0.109	0.03223159066	0.8943591539
0.108	0.03340139514	0.8946425297
0.107	0.03460921092	0.8949759131
0.106	0.03585780661	0.8954509843
0.105	0.03714807647	0.895817706
0.104	0.03848002134	0.8961427547
0.103	0.0398506509	0.8964844727
0.102	0.04126689836	0.8968428598
0.101	0.04272849785	0.8971929123
0.1	0.0442369937	0.8975096264
0.099	0.04579081742	0.8978096715
0.098	0.04739304097	0.8982013969
0.097	0.04904379021	0.898518111
0.096	0.05074471697	0.8990515244
0.095	0.05249434777	0.8995349302
0.094	0.05429909158	0.8999933323
0.093	0.05615841751	0.9004100615
0.092	0.05806906941	0.9007934524
0.091	0.06003474931	0.9011935124
0.09	0.06205694403	0.9016435799
0.089	0.06413979148	0.9021436549
0.088	0.06628124979	0.902602057
0.087	0.06848139481	0.9030604591
0.086	0.07074364853	0.9034605191
0.085	0.07306715922	0.9040189362
0.084	0.0754536262	0.9045440149
0.083	0.07790477381	0.9050440899
0.082	0.08042062206	0.9055191612
0.081	0.08300263026	0.9060275708
0.08	0.08565355702	0.9065109766
0.079	0.08837340401	0.9070527246
0.078	0.09116247708	0.90744445
0.077	0.09402209804	0.9079028521
0.076	0.096951716	0.9083695888
0.075	0.09995522386	0.9088946675
0.074	0.1030293038	0.9094947575
0.073	0.1061801297	0.9100448401
0.072	0.1094040821	0.9106365955
0.071	0.1127062298	0.9111283359
0.07	0.1160826599	0.9116034072
0.069	0.1195384922	0.9121368205
0.068	0.1230733523	0.9126618993
0.067	0.1266852644	0.9131953126
0.066	0.1303773411	0.9138120718
0.065	0.1341502634	0.9144204964
0.064	0.1380037637	0.9150372556
0.063	0.1419401465	0.915528996
0.062	0.1459571449	0.9162624394
0.061	0.1500568949	0.9169625444
0.06	0.1542341601	0.9174876231
0.059	0.1584990557	0.9180293711
0.058	0.1628468689	0.9185544498
0.057	0.1672807131	0.9191212015
0.056	0.1717968072	0.9197963028
0.055	0.1763994049	0.9204047274
0.054	0.1810830891	0.9208297911
0.053	0.1858494949	0.9214215466
0.052	0.1906997816	0.9220799787
0.051	0.1956368295	0.922713407
0.05	0.200654888	0.9233801737
0.049	0.2057555947	0.9241052825
0.048	0.21094157	0.92475538
0.047	0.2162127338	0.9253721392
0.046	0.2215580691	0.9260389058
0.045	0.2269889764	0.9266723342
0.044	0.2325005167	0.9273391009
0.043	0.2380941094	0.9280642096
0.042	0.2437665142	0.9286559651
0.041	0.2495173917	0.9292227167
0.04	0.2553502309	0.9299144872
0.039	0.2612573241	0.9307479455
0.038	0.2672399957	0.9313647047
0.037	0.2733005776	0.9320314714
0.036	0.2794363253	0.9326315614
0.035	0.2856370087	0.9332983281
0.034	0.2919111428	0.9339067527
0.033	0.2982547821	0.9346568652
0.032	0.3046700887	0.9353653048
0.031	0.3111517552	0.9361487556
0.03	0.3177055289	0.9369072027
0.029	0.3243126088	0.9375656348
0.028	0.3309865003	0.9382907436
0.027	0.3377201603	0.9390408561
0.026	0.3445131263	0.9397993032
0.025	0.3513653232	0.9405327466
0.024	0.3582701603	0.9412328516
0.023	0.3652267468	0.9418996183
0.022	0.3722311164	0.942724742
0.021	0.3792872771	0.9432581554
0.02	0.3863880355	0.943966595
0.019	0.3935327258	0.9447417113
0.018	0.4007189894	0.9453001284
0.017	0.4079447545	0.9459835642
0.016	0.4152095468	0.9465169775
0.015	0.4225050113	0.947308763
0.014	0.4298350885	0.9479505259
0.013	0.4371971956	0.9487173076
0.012	0.4445842659	0.9494757547
0.011	0.451991385	0.9501175176
0.01	0.4594210288	0.9507592806
0.009	0.4668723622	0.9513343668
0.008	0.4743392223	0.9520678102
0.007	0.4818194603	0.9527595806
0.006	0.4893138147	0.953451351
0.005	0.4968179243	0.9542097981
0.004	0.5043214963	0.9548682302
0.003	0.5118326791	0.9555516661
0.002	0.5193420534	0.9562100982
0.001	0.5268472847	0.9568518611
0	0.5343493983	0.957635312
-0.001	0.5418401248	0.9583020786
-0.002	0.5493203579	0.9588771649
-0.003	0.5567879705	0.9596689503
-0.004	0.5642400998	0.9603857245
-0.005	0.5716681468	0.9611108333
-0.006	0.5790788412	0.9617525962
-0.007	0.5864601835	0.9623443517
-0.008	0.593818401	0.963077795
-0.009	0.6011430701	0.9637112234
-0.01	0.6084443294	0.9643863246
-0.011	0.6157047188	0.9651281025
-0.012	0.6229262576	0.9658532113
-0.013	0.630107089	0.9665033088
-0.014	0.6372465772	0.9671117334
-0.015	0.6443419659	0.9677701655
-0.016	0.6513913225	0.968461936
-0.017	0.6583920984	0.9691953793
-0.018	0.6653392598	0.9699788302
-0.019	0.6722359028	0.9706289277
-0.02	0.6790672742	0.9711123335
-0.021	0.6858507784	0.9716540814
-0.022	0.6925679826	0.9722541715
-0.023	0.6992243033	0.972804254
-0.024	0.7058188536	0.9733293327
-0.025	0.7123454295	0.9740211032
-0.026	0.7188008551	0.9745878548
-0.027	0.7251913583	0.9751296028
-0.028	0.7315105952	0.975704689
-0.029	0.737756679	0.9762297678
-0.03	0.7439278228	0.9766548316
-0.031	0.7500240824	0.9771882449
-0.032	0.7560454262	0.9779133537
-0.033	0.7619854502	0.9783800903
-0.034	0.7678477631	0.9788968345
-0.035	0.7736273161	0.979546932
-0.036	0.7793241324	0.9799053191
-0.037	0.7849408516	0.9803720558
-0.038	0.7904765385	0.9808054542
-0.039	0.7959270377	0.9814138787
-0.04	0.8012896331	0.9819806304
-0.041	0.806569502	0.9824306979
-0.042	0.8117645598	0.9828474271
-0.043	0.8168723089	0.9833558367
-0.044	0.8218896331	0.9838225734
-0.045	0.8268202304	0.9841642913
-0.046	0.8316630655	0.9845560167
-0.047	0.8364182843	0.9848894001
-0.048	0.8410863695	0.9853061293
-0.049	0.8456683627	0.9856978547
-0.05	0.8501597135	0.9860729109
-0.051	0.8545651148	0.9863812905
-0.052	0.8588843018	0.9867230085
-0.053	0.8631100218	0.987073061
-0.054	0.8672486482	0.9874481172
-0.055	0.8713042529	0.9877898351
-0.056	0.8752690644	0.9881398876
-0.057	0.879146588	0.9885649514
-0.058	0.8829419584	0.9888900002
-0.059	0.8866519219	0.9891483723
-0.06	0.8902754525	0.9895400977
-0.061	0.8938155107	0.9898984848
-0.062	0.8972711504	0.9901485223
-0.063	0.9006400548	0.9904652365
-0.064	0.9039305706	0.9908319581
-0.065	0.9071431385	0.9911903452
-0.066	0.9102706546	0.9914570519
-0.067	0.9133195236	0.9916987548
-0.068	0.9162922117	0.9919821307
-0.069	0.919185251	0.9921404877
-0.07	0.9220022927	0.9924405327
-0.071	0.9247426101	0.9927405778
-0.072	0.9274102994	0.9929406078
-0.073	0.9300018744	0.9932239836
-0.074	0.932521713	0.9934240136
-0.075	0.9349724806	0.9936907203
-0.076	0.9373522511	0.993915754
-0.077	0.9396615962	0.994115784
-0.078	0.9418987074	0.994357487
-0.079	0.9440756751	0.9946325282
-0.08	0.946185356	0.9947492124
-0.081	0.9482307239	0.9949075695
-0.082	0.9502152624	0.9950742611
-0.083	0.9521381146	0.9952159491
-0.084	0.9539983757	0.9953993099
-0.085	0.9558006301	0.9955409978
-0.086	0.957541425	0.9957076895
-0.087	0.9592297713	0.9958827157
-0.088	0.9608611378	0.9960410728
-0.089	0.9624403965	0.9961744262
-0.09	0.9639657257	0.9963327833
-0.091	0.965439749	0.9964494674
-0.092	0.966861347	0.9965744862
-0.093	0.9682337809	0.9967328433
-0.094	0.9695592026	0.9968411928
-0.095	0.9708386264	0.9970412229
-0.096	0.9720740841	0.997157907
-0.097	0.9732625538	0.9972995949
-0.098	0.9744098777	0.9974329483
-0.099	0.9755154474	0.9975412979
-0.1	0.9765791112	0.997657982
-0.101	0.9776041646	0.9977413279
-0.102	0.9785902107	0.9978080045
-0.103	0.9795391673	0.9979413579
-0.104	0.9804502392	0.9980080345
-0.105	0.9813269435	0.9980747112
-0.106	0.9821688811	0.9981247187
-0.107	0.9829775703	0.9982330683
-0.108	0.983755053	0.9983164141
-0.109	0.9845014926	0.9983830908
-0.11	0.9852182927	0.9984664366
-0.111	0.9859061056	0.9985164441
-0.112	0.9865638205	0.9985664516
-0.113	0.9871958346	0.9986497975
-0.114	0.9878019919	0.9987248087
-0.115	0.9883817857	0.9987831508
-0.116	0.988938598	0.9988498275
-0.117	0.989471938	0.9988831658
-0.118	0.9899808839	0.9989665116
-0.119	0.9904687302	0.9990081846
-0.12	0.9909345001	0.9990415229
-0.121	0.9913806764	0.9990581921
-0.122	0.9918077883	0.9991165341
-0.123	0.9922160483	0.9991832108
-0.124	0.9926056356	0.9992415529
-0.125	0.9929773886	0.9992748912
-0.126	0.9933326241	0.9993499025
-0.127	0.9936712063	0.9993749062
-0.128	0.9939953337	0.9993915754
-0.129	0.9943038162	0.9994249137
-0.13	0.9945993216	0.9994749212
-0.131	0.9948800097	0.9995165942
-0.132	0.995147143	0.9995749362
-0.133	0.9954019044	0.99959994
-0.134	0.995644847	0.9996249437
-0.135	0.9958759034	0.9996499475
-0.136	0.9960956487	0.9996749512
-0.137	0.9963041162	0.9996832858
-0.138	0.9965027728	0.9997166242
-0.139	0.9966914916	0.9997332933
-0.14	0.9968710379	0.9997582971
-0.141	0.99704169	0.9997666317
-0.142	0.9972044063	0.9997666317
-0.143	0.9973582317	0.9997749662
-0.144	0.9975040912	0.9997833008
-0.145	0.9976423317	0.9997916354
-0.146	0.997773644	0.9998249737
-0.147	0.9978981598	0.9998333083
-0.148	0.9980168133	0.9998499775
-0.149	0.998129533	0.9998499775
-0.15	0.9982359519	0.9998749812
-0.151	0.9983364011	0.9998749812
-0.152	0.9984317357	0.9998916504
-0.153	0.9985223206	0.9998916504
-0.154	0.9986076991	0.9998916504
-0.155	0.9986887739	0.9998916504
-0.156	0.9987657466	0.999899985
-0.157	0.9988382822	0.999899985
-0.158	0.9989064098	0.999899985
-0.159	0.9989709354	0.999899985
-0.16	0.9990321582	0.9999083196
-0.161	0.9990899457	0.9999166542
-0.162	0.9991443861	0.9999249887
-0.163	0.9991958296	0.9999249887
-0.164	0.9992444003	0.9999416579
-0.165	0.9992903207	0.9999416579
-0.166	0.9993332517	0.9999416579
-0.167	0.9993738299	0.9999416579
-0.168	0.9994124579	0.9999499925
-0.169	0.9994488616	0.9999499925
-0.17	0.9994830991	0.9999499925
-0.171	0.999515194	0.9999583271
-0.172	0.9995452095	0.9999583271
-0.173	0.9995735724	0.9999583271
-0.174	0.9996000917	0.9999583271
-0.175	0.9996252834	0.9999583271
-0.176	0.9996489449	0.9999583271
-0.177	0.9996708871	0.9999666617
-0.178	0.999691745	0.9999666617
-0.179	0.999711577	0.9999666617
-0.18	0.9997298271	0.9999749962
-0.181	0.9997472281	0.9999749962
-0.182	0.999763393	0.9999749962
-0.183	0.999778692	0.9999749962
-0.184	0.9997930193	0.9999749962
-0.185	0.999806444	0.9999749962
-0.186	0.9998192244	0.9999749962
-0.187	0.9998313006	0.9999749962
-0.188	0.9998424242	0.9999749962
-0.189	0.9998527519	0.9999749962
-0.19	0.9998625088	0.9999749962
-0.191	0.9998714646	0.9999749962
-0.192	0.999880038	0.9999749962
-0.193	0.9998879905	0.9999749962
-0.194	0.9998955696	0.9999749962
-0.195	0.9999026886	0.9999749962
-0.196	0.9999092368	0.9999749962
-0.197	0.9999153665	0.9999749962
-0.198	0.9999211188	0.9999749962
-0.199	0.9999266085	0.9999749962
-0.2	0.9999315448	0.9999749962
-0.201	0.9999362545	0.9999916654
-0.202	0.9999407107	0.9999916654
-0.203	0.9999447853	0.9999916654
-0.204	0.999948569	0.9999916654
-0.205	0.9999521844	0.9999916654
-0.206	0.9999555856	0.9999916654
-0.207	0.9999588576	0.9999916654
-0.208	0.9999617653	0.9999916654
-0.209	0.9999644623	0.9999916654
-0.21	0.9999670034	0.9999916654
-0.211	0.9999693594	0.9999916654
-0.212	0.9999715563	0.9999916654
-0.213	0.9999735915	0.9999916654
-0.214	0.9999755642	0.9999916654
-0.215	0.9999772886	0.9999916654
-0.216	0.9999789887	0.9999916654
-0.217	0.9999805147	0.9999916654
-0.218	0.999981934	0.9999916654
-0.219	0.9999832683	0.9999916654
-0.22	0.999984521	0.9999916654
-0.221	0.9999856119	0.9999916654
-0.222	0.9999866537	0.9999916654
-0.223	0.9999876196	0.9999916654
-0.224	0.9999885155	0.9999916654
-0.225	0.9999893564	0.9999916654
-0.226	0.9999901182	0.9999916654
-0.227	0.9999908583	0.9999916654
-0.228	0.999991555	1
-0.229	0.9999921984	1
-0.23	0.9999928076	1
-0.231	0.9999933702	1
-0.232	0.9999938936	1
-0.233	0.9999944053	1
-0.234	0.9999948362	1
-0.235	0.9999952212	1
-0.236	0.9999956246	1
-0.237	0.9999959621	1
-0.238	0.9999962796	1
-0.239	0.9999965613	1
-0.24	0.9999968322	1
-0.241	0.9999970697	1
-0.242	0.9999973156	1
-0.243	0.9999975148	1
-0.244	0.9999977139	1
-0.245	0.9999979181	1
-0.246	0.9999980865	1
-0.247	0.9999982357	1
-0.248	0.9999983932	1
-0.249	0.9999985174	1
-0.25	0.9999986324	1
-0.251	0.9999987232	1
-0.252	0.9999988174	1
-0.253	0.9999989057	1
-0.254	0.9999989841	1
-0.255	0.9999990782	1
-0.256	0.9999991566	1
-0.257	0.9999992366	1
-0.258	0.9999993008	1
-0.259	0.9999993583	1
-0.26	0.9999994041	1
-0.261	0.9999994716	1
-0.262	0.99999952	1
-0.263	0.9999995641	1
-0.264	0.9999995975	1
-0.265	0.9999996283	1
-0.266	0.9999996508	1
-0.267	0.999999685	1
-0.268	0.9999997191	1
-0.269	0.9999997441	1
-0.27	0.99999976	1
-0.271	0.99999978	1
-0.272	0.9999998	1
-0.273	0.9999998191	1
-0.274	0.999999835	1
-0.275	0.999999855	1
-0.276	0.99999987	1
-0.277	0.9999998858	1
-0.278	0.999999895	1
-0.279	0.99999991	1
-0.28	0.9999999183	1
-0.281	0.9999999258	1
-0.282	0.99999993	1
-0.283	0.9999999358	1
-0.284	0.9999999417	1
-0.285	0.9999999458	1
-0.286	0.9999999517	1
-0.287	0.9999999567	1
-0.288	0.99999996	1
-0.289	0.999999965	1
-0.29	0.9999999683	1
-0.291	0.9999999708	1
-0.292	0.9999999733	1
-0.293	0.9999999767	1
-0.294	0.9999999783	1
-0.295	0.99999998	1
-0.296	0.9999999808	1
-0.297	0.9999999833	1
-0.298	0.9999999842	1
-0.299	0.9999999875	1
-0.3	0.9999999883	1
-0.301	0.9999999892	1
-0.302	0.9999999908	1
-0.303	0.9999999942	1
-0.304	0.999999995	1
-0.305	0.9999999958	1
-0.306	0.9999999975	1
-0.307	0.9999999975	1
-0.308	0.9999999983	1
-0.309	0.9999999992	1
-0.31	0.9999999992	1
-0.311	0.9999999992	1
-0.312	0.9999999992	1
-0.313	0.9999999992	1
-0.314	0.9999999992	1
-0.315	1	1
-0.316	1	1
-0.317	1	1
-0.318	1	1
-0.319	1	1
-0.32	1	1
-0.321	1	1
-0.322	1	1
-0.323	1	1
-0.324	1	1
-0.325	1	1
-0.326	1	1
-0.327	1	1
-0.328	1	1
-0.329	1	1
-0.33	1	1
-0.331	1	1
-0.332	1	1
-0.333	1	1
-0.334	1	1
-0.335	1	1
-0.336	1	1
-0.337	1	1
-0.338	1	1
-0.339	1	1
-0.34	1	1
-0.341	1	1
-0.342	1	1
-0.343	1	1
-0.344	1	1
-0.345	1	1
-0.346	1	1
-0.347	1	1
-0.348	1	1
-0.349	1	1
-0.35	1	1
-0.351	1	1
-0.352	1	1
-0.353	1	1
-0.354	1	1
-0.355	1	1
-0.356	1	1
-0.357	1	1
-0.358	1	1
-0.359	1	1
-0.36	1	1
-0.361	1	1
-0.362	1	1
-0.363	1	1
-0.364	1	1
-0.365	1	1
-0.366	1	1
-0.367	1	1
-0.368	1	1
-0.369	1	1
-0.37	1	1
-0.371	1	1
-0.372	1	1
-0.373	1	1
-0.374	1	1
-0.375	1	1
-0.376	1	1
-0.377	1	1
-0.378	1	1
-0.379	1	1
-0.38	1	1
-0.381	1	1
-0.382	1	1
-0.383	1	1
-0.384	1	1
-0.385	1	1
-0.386	1	1
-0.387	1	1
-0.388	1	1
-0.389	1	1
-0.39	1	1
-0.391	1	1
-0.392	1	1
-0.393	1	1
-0.394	1	1
-0.395	1	1
-0.396	1	1
-0.397	1	1
-0.398	1	1
-0.399	1	1
-0.4	1	1
-0.401	1	1
-0.402	1	1
-0.403	1	1
-0.404	1	1
-0.405	1	1
-0.406	1	1
-0.407	1	1
-0.408	1	1
-0.409	1	1
-0.41	1	1
-0.411	1	1
-0.412	1	1
-0.413	1	1
-0.414	1	1
-0.415	1	1
-0.416	1	1
-0.417	1	1
-0.418	1	1
-0.419	1	1
-0.42	1	1
-0.421	1	1
-0.422	1	1
-0.423	1	1
-0.424	1	1
-0.425	1	1
-0.426	1	1
-0.427	1	1
-0.428	1	1
-0.429	1	1
-0.43	1	1
-0.431	1	1
-0.432	1	1
-0.433	1	1
-0.434	1	1
-0.435	1	1
-0.436	1	1
-0.437	1	1
-0.438	1	1
-0.439	1	1
-0.44	1	1
-0.441	1	1
-0.442	1	1
-0.443	1	1
-0.444	1	1
-0.445	1	1
-0.446	1	1
-0.447	1	1
-0.448	1	1
-0.449	1	1
-0.45	1	1
-0.451	1	1
-0.452	1	1
-0.453	1	1
-0.454	1	1
-0.455	1	1
-0.456	1	1
-0.457	1	1
-0.458	1	1
-0.459	1	1
-0.46	1	1
-0.461	1	1
-0.462	1	1
-0.463	1	1
-0.464	1	1
-0.465	1	1
-0.466	1	1
-0.467	1	1
-0.468	1	1
-0.469	1	1
-0.47	1	1
-0.471	1	1
-0.472	1	1
-0.473	1	1
-0.474	1	1
-0.475	1	1
-0.476	1	1
-0.477	1	1
-0.478	1	1
-0.479	1	1
-0.48	1	1
-0.481	1	1
-0.482	1	1
-0.483	1	1
-0.484	1	1
-0.485	1	1
-0.486	1	1
-0.487	1	1
-0.488	1	1
-0.489	1	1
-0.49	1	1
-0.491	1	1
-0.492	1	1
-0.493	1	1
-0.494	1	1
-0.495	1	1
-0.496	1	1
-0.497	1	1
-0.498	1	1
-0.499	1	1
-0.5	1	1
-0.501	1	1
-0.502	1	1
-0.503	1	1
-0.504	1	1
-0.505	1	1
-0.506	1	1
-0.507	1	1
-0.508	1	1
-0.509	1	1
-0.51	1	1
-0.511	1	1
-0.512	1	1
-0.513	1	1
-0.514	1	1
-0.515	1	1
-0.516	1	1
-0.517	1	1
-0.518	1	1
-0.519	1	1
-0.52	1	1
-0.521	1	1
-0.522	1	1
-0.523	1	1
-0.524	1	1
-0.525	1	1
-0.526	1	1
-0.527	1	1
-0.528	1	1
-0.529	1	1
-0.53	1	1
-0.531	1	1
-0.532	1	1
-0.533	1	1
-0.534	1	1
-0.535	1	1
-0.536	1	1
-0.537	1	1
-0.538	1	1
-0.539	1	1
-0.54	1	1
-0.541	1	1
-0.542	1	1
-0.543	1	1
-0.544	1	1
-0.545	1	1
-0.546	1	1
-0.547	1	1
-0.548	1	1
-0.549	1	1
-0.55	1	1
-0.551	1	1
-0.552	1	1
-0.553	1	1
-0.554	1	1
-0.555	1	1
-0.556	1	1
-0.557	1	1
-0.558	1	1
-0.559	1	1
-0.56	1	1
-0.561	1	1
-0.562	1	1
-0.563	1	1
-0.564	1	1
-0.565	1	1
-0.566	1	1
-0.567	1	1
-0.568	1	1
-0.569	1	1
-0.57	1	1
-0.571	1	1
-0.572	1	1
-0.573	1	1
-0.574	1	1
-0.575	1	1
-0.576	1	1
-0.577	1	1
-0.578	1	1
-0.579	1	1
-0.58	1	1
-0.581	1	1
-0.582	1	1
-0.583	1	1
-0.584	1	1
-0.585	1	1
-0.586	1	1
-0.587	1	1
-0.588	1	1
-0.589	1	1
-0.59	1	1
-0.591	1	1
-0.592	1	1
-0.593	1	1
-0.594	1	1
-0.595	1	1
-0.596	1	1
-0.597	1	1
-0.598	1	1
-0.599	1	1
-0.6	1	1
-0.601	1	1
-0.602	1	1
-0.603	1	1
-0.604	1	1
-0.605	1	1
-0.606	1	1
-0.607	1	1
-0.608	1	1
-0.609	1	1
-0.61	1	1
-0.611	1	1
-0.612	1	1
-0.613	1	1
-0.614	1	1
-0.615	1	1
-0.616	1	1
-0.617	1	1
-0.618	1	1
-0.619	1	1
-0.62	1	1
-0.621	1	1
-0.622	1	1
-0.623	1	1
-0.624	1	1
-0.625	1	1
-0.626	1	1
-0.627	1	1
-0.628	1	1
-0.629	1	1
-0.63	1	1
-0.631	1	1
-0.632	1	1
-0.633	1	1
-0.634	1	1
-0.635	1	1
-0.636	1	1
-0.637	1	1
-0.638	1	1
-0.639	1	1
-0.64	1	1
-0.641	1	1
-0.642	1	1
-0.643	1	1
-0.644	1	1
-0.645	1	1
-0.646	1	1
-0.647	1	1
-0.648	1	1
-0.649	1	1
-0.65	1	1
-0.651	1	1
-0.652	1	1
-0.653	1	1
-0.654	1	1
-0.655	1	1
-0.656	1	1
-0.657	1	1
-0.658	1	1
-0.659	1	1
-0.66	1	1
-0.661	1	1
-0.662	1	1
-0.663	1	1
-0.664	1	1
-0.665	1	1
-0.666	1	1
-0.667	1	1
-0.668	1	1
-0.669	1	1
-0.67	1	1
-0.671	1	1
-0.672	1	1
-0.673	1	1
-0.674	1	1
-0.675	1	1
-0.676	1	1
-0.677	1	1
-0.678	1	1
-0.679	1	1
-0.68	1	1
-0.681	1	1
-0.682	1	1
-0.683	1	1
-0.684	1	1
-0.685	1	1
-0.686	1	1
-0.687	1	1
-0.688	1	1
-0.689	1	1
-0.69	1	1
-0.691	1	1
-0.692	1	1
-0.693	1	1
-0.694	1	1
-0.695	1	1
-0.696	1	1
-0.697	1	1
-0.698	1	1
-0.699	1	1
-0.7	1	1
-0.701	1	1
-0.702	1	1
-0.703	1	1
-0.704	1	1
-0.705	1	1
-0.706	1	1
-0.707	1	1
-0.708	1	1
-0.709	1	1
-0.71	1	1
-0.711	1	1
-0.712	1	1
-0.713	1	1
-0.714	1	1
-0.715	1	1
-0.716	1	1
-0.717	1	1
-0.718	1	1
-0.719	1	1
-0.72	1	1
-0.721	1	1
-0.722	1	1
-0.723	1	1
-0.724	1	1
-0.725	1	1
-0.726	1	1
-0.727	1	1
-0.728	1	1
-0.729	1	1
-0.73	1	1
-0.731	1	1
-0.732	1	1
-0.733	1	1
-0.734	1	1
-0.735	1	1
-0.736	1	1
-0.737	1	1
-0.738	1	1
-0.739	1	1
-0.74	1	1
-0.741	1	1
-0.742	1	1
-0.743	1	1
-0.744	1	1
-0.745	1	1
-0.746	1	1
-0.747	1	1
-0.748	1	1
-0.749	1	1
-0.75	1	1
-0.751	1	1
-0.752	1	1
-0.753	1	1
-0.754	1	1
-0.755	1	1
-0.756	1	1
-0.757	1	1
-0.758	1	1
-0.759	1	1
-0.76	1	1
-0.761	1	1
-0.762	1	1
-0.763	1	1
-0.764	1	1
-0.765	1	1
-0.766	1	1
-0.767	1	1
-0.768	1	1
-0.769	1	1
-0.77	1	1
-0.771	1	1
-0.772	1	1
-0.773	1	1
-0.774	1	1
-0.775	1	1
-0.776	1	1
-0.777	1	1
-0.778	1	1
-0.779	1	1
-0.78	1	1
-0.781	1	1
-0.782	1	1
-0.783	1	1
-0.784	1	1
-0.785	1	1
-0.786	1	1
-0.787	1	1
-0.788	1	1
-0.789	1	1
-0.79	1	1
-0.791	1	1
-0.792	1	1
-0.793	1	1
-0.794	1	1
-0.795	1	1
-0.796	1	1
-0.797	1	1
-0.798	1	1
-0.799	1	1
-0.8	1	1
-0.801	1	1
-0.802	1	1
-0.803	1	1
-0.804	1	1
-0.805	1	1
-0.806	1	1
-0.807	1	1
-0.808	1	1
-0.809	1	1
-0.81	1	1
-0.811	1	1
-0.812	1	1
-0.813	1	1
-0.814	1	1
-0.815	1	1
-0.816	1	1
-0.817	1	1
-0.818	1	1
-0.819	1	1
-0.82	1	1
-0.821	1	1
-0.822	1	1
-0.823	1	1
-0.824	1	1
-0.825	1	1
-0.826	1	1
-0.827	1	1
-0.828	1	1
-0.829	1	1
-0.83	1	1
-0.831	1	1
-0.832	1	1
-0.833	1	1
-0.834	1	1
-0.835	1	1
-0.836	1	1
-0.837	1	1
-0.838	1	1
-0.839	1	1
-0.84	1	1
-0.841	1	1
-0.842	1	1
-0.843	1	1
-0.844	1	1
-0.845	1	1
-0.846	1	1
-0.847	1	1
-0.848	1	1
-0.849	1	1
-0.85	1	1
-0.851	1	1
-0.852	1	1
-0.853	1	1
-0.854	1	1
-0.855	1	1
-0.856	1	1
-0.857	1	1
-0.858	1	1
-0.859	1	1
-0.86	1	1
-0.861	1	1
-0.862	1	1
-0.863	1	1
-0.864	1	1
-0.865	1	1
-0.866	1	1
-0.867	1	1
-0.868	1	1
-0.869	1	1
-0.87	1	1
-0.871	1	1
-0.872	1	1
-0.873	1	1
-0.874	1	1
-0.875	1	1
-0.876	1	1
-0.877	1	1
-0.878	1	1
-0.879	1	1
-0.88	1	1
-0.881	1	1
-0.882	1	1
-0.883	1	1
-0.884	1	1
-0.885	1	1
-0.886	1	1
-0.887	1	1
-0.888	1	1
-0.889	1	1
-0.89	1	1
-0.891	1	1
-0.892	1	1
-0.893	1	1
-0.894	1	1
-0.895	1	1
-0.896	1	1
-0.897	1	1
-0.898	1	1
-0.899	1	1
-0.9	1	1
-0.901	1	1
-0.902	1	1
-0.903	1	1
-0.904	1	1
-0.905	1	1
-0.906	1	1
-0.907	1	1
-0.908	1	1
-0.909	1	1
-0.91	1	1
-0.911	1	1
-0.912	1	1
-0.913	1	1
-0.914	1	1
-0.915	1	1
-0.916	1	1
-0.917	1	1
-0.918	1	1
-0.919	1	1
-0.92	1	1
-0.921	1	1
-0.922	1	1
-0.923	1	1
-0.924	1	1
-0.925	1	1
-0.926	1	1
-0.927	1	1
-0.928	1	1
-0.929	1	1
-0.93	1	1
-0.931	1	1
-0.932	1	1
-0.933	1	1
-0.934	1	1
-0.935	1	1
-0.936	1	1
-0.937	1	1
-0.938	1	1
-0.939	1	1
-0.94	1	1
-0.941	1	1
-0.942	1	1
-0.943	1	1
-0.944	1	1
-0.945	1	1
-0.946	1	1
-0.947	1	1
-0.948	1	1
-0.949	1	1
-0.95	1	1
-0.951	1	1
-0.952	1	1
-0.953	1	1
-0.954	1	1
-0.955	1	1
-0.956	1	1
-0.957	1	1
-0.958	1	1
-0.959	1	1
-0.96	1	1
-0.961	1	1
-0.962	1	1
-0.963	1	1
-0.964	1	1
-0.965	1	1
-0.966	1	1
-0.967	1	1
-0.968	1	1
-0.969	1	1
-0.97	1	1
-0.971	1	1
-0.972	1	1
-0.973	1	1
-0.974	1	1
-0.975	1	1
-0.976	1	1
-0.977	1	1
-0.978	1	1
-0.979	1	1
-0.98	1	1
-0.981	1	1
-0.982	1	1
-0.983	1	1
-0.984	1	1
-0.985	1	1
-0.986	1	1
-0.987	1	1
-0.988	1	1
-0.989	1	1
-0.99	1	1
-0.991	1	1
-0.992	1	1
-0.993	1	1
-0.994	1	1
-0.995	1	1
-0.996	1	1
-0.997	1	1
-0.998	1	1
-0.999	1	1
-1	1	1
